+0001.0000000000000000,+0000.0000000000000000,+0000.0000000000000000,+0000.0000000000000000,+0000.0000000000000000
+0000.9999965880475956,+0000.0000007807009739,+0000.0000024674006088,+0000.0000000096382836,+0000.0000001542125380
+0000.9999878972144500,+0000.0000028183288682,+0000.0000079943712491,+0000.0000000810580470,+0000.0000012090273855
+0000.9999750389303399,+0000.0000057335365591,+0000.0000146898777241,+0000.0000003033379396,+0000.0000042343174375
+0000.9999581270604651,+0000.0000092330952070,+0000.0000215015423917,+0000.0000007892290880,+0000.0000103490728482
+0000.9999367753022846,+0000.0000130921165164,+0000.0000278821311210,+0000.0000016651908071,+0000.0000205852592712
+0000.9999103831124448,+0000.0000171397970931,+0000.0000335824339354,+0000.0000030640031271,+0000.0000358306533997
+0000.9998782938830064,+0000.0000212480024811,+0000.0000385237702976,+0000.0000051193832668,+0000.0000568149609481
+0000.9998398771879939,+0000.0000253221374386,+0000.0000427204380815,+0000.0000079621524076,+0000.0000841180840786
+0000.9997945669075281,+0000.0000292938551916,+0000.0000462333146328,+0000.0000117175942563,+0000.0001181883283914
+0000.9997418745407801,+0000.0000331152448572,+0000.0000491427469117,+0000.0000165037227078,+0000.0001593637447434
+0000.9996813892633772,+0000.0000367542062215,+0000.0000515332688948,+0000.0000224302363214,+0000.0002078930251853
+0000.9996127715077023,+0000.0000401907775705,+0000.0000534854746930,+0000.0000295979854127,+0000.0002639542546217
+0000.9995357439306729,+0000.0000434142278480,+0000.0000550721405592,+0000.0000380988158055,+0000.0003276708851146
+0000.9994500818791728,+0000.0000464207611613,+0000.0000563568016590,+0000.0000480156836659,+0000.0003991248743408
+0000.9993556044255203,+0000.0000492117112770,+0000.0000573936882784,+0000.0000594229599211,+0000.0004783672150033
+0000.9992521664465095,+0000.0000517921276397,+0000.0000582283627746,+0000.0000723868618096,+0000.0005654262012667
+0000.9991396518865673,+0000.0000541696737094,+0000.0000588986695378,+0000.0000869659641290,+0000.0006603138060563
+0000.9990179681709557,+0000.0000563537739491,+0000.0000594357768932,+0000.0001032117545518,+0000.0007630305236502
+0000.9988870416527842,+0000.0000583549583251,+0000.0000598651911101,+0000.0001211692066189,+0000.0008735689911617
+0000.9987468139476208,+0000.0000601843632817,+0000.0000602076831632,+0000.0001408773512181,+0000.0009919166547164
+0000.9985972390075778,+0000.0000618533562998,+0000.0000604801041225,+0000.0001623698329305,+0000.0011180576990692
+0000.9984382807987451,+0000.0000633732577042,+0000.0000606960848335,+0000.0001856754419202,+0000.0012519744167972
+0000.9982699114635287,+0000.0000647551386738,+0000.0000608666259914,+0000.0002108186153140,+0000.0013936481564921
+0000.9980921098684581,+0000.0000660096786571,+0000.0000610005896202,+0000.0002378199044968,+0000.0015430599587678
+0000.9979048604559291,+0000.0000671470688176,+0000.0000611051046915,+0000.0002666964065915,+0000.0017001909639704
+0000.9977081523342454,+0000.0000681769508798,+0000.0000611858995831,+0000.0002974621597527,+0000.0018650226555391
+0000.9975019785537829,+0000.0000691083829539,+0000.0000612475731441,+0000.0003301285028766,+0000.0020375369872426
+0000.9972863355282294,+0000.0000699498256833,+0000.0000612938148120,+0000.0003647044010126,+0000.0022177164302628
+0000.9970612225688557,+0000.0000707091434776,+0000.0000613275827972,+0000.0004011967382163,+0000.0024055439666533
+0000.9968266415069557,+0000.0000713936167223,+0000.0000613512479682,+0000.0004396105798690,+0000.0026010030484847
+0000.9965825963852415,+0000.0000720099617641,+0000.0000613667098166,+0000.0004799494066444,+0000.0028040775365335
+0000.9963290932033986,+0000.0000725643561860,+0000.0000613754897768,+0000.0005222153223589,+0000.0030147516282796
+0000.9960661397064268,+0000.0000730624674627,+0000.0000613788062323,+0000.0005664092379381,+0000.0032330097819402
+0000.9957937452070155,+0000.0000735094835360,+0000.0000613776347443,+0000.0006125310336655,+0000.0034588366410386
+0000.9955119204352333,+0000.0000739101442114,+0000.0000613727563774,+0000.0006605797017910,+0000.0036922169623868
+0000.9952206774103309,+0000.0000742687725583,+0000.0000613647964515,+0000.0007105534714580,+0000.0039331355492012
+0000.9949200293306435,+0000.0000745893057165,+0000.0000613542556010,+0000.0007624499177809,+0000.0041815771902580
+0000.9946099904784574,+0000.0000748753246860,+0000.0000613415346581,+0000.0008162660567671,+0000.0044375266054312
+0000.9942905761373770,+0000.0000751300828097,+0000.0000613269545839,+0000.0008719984276444,+0000.0047009683975849
+0000.9939618025202462,+0000.0000753565327635,+0000.0000613107724265,+0000.0009296431640161,+0000.0049718870105478
+0000.9936236867060594,+0000.0000755573519446,+0000.0000612931940969,+0000.0009891960551394,+0000.0052502666927593
+0000.9932762465845993,+0000.0000757349662118,+0000.0000612743845956,+0000.0010506525984969,+0000.0055360914660961
+0000.9929195008077524,+0000.0000758915719714,+0000.0000612544761968,+0000.0011140080447168,+0000.0058293450993626
+0000.9925534687466482,+0000.0000760291566395,+0000.0000612335749976,+0000.0011792574357854,+0000.0061300110859295
+0000.9921781704538842,+0000.0000761495175313,+0000.0000612117661586,+0000.0012463956374013,+0000.0064380726250246
+0000.9917936266302195,+0000.0000762542792449,+0000.0000611891180973,+0000.0013154173662213,+0000.0067535126062169
+0000.9913998585951961,+0000.0000763449096172,+0000.0000611656858424,+0000.0013863172126722,+0000.0070763135966721
+0000.9909968882612247,+0000.0000764227343359,+0000.0000611415137178,+0000.0014590896599194,+0000.0074064578308022
+0000.9905847381107248,+0000.0000764889502949,+0000.0000611166374897,+0000.0015337290995190,+0000.0077439272019716
+0000.9901634311759557,+0000.0000765446377787,+0000.0000610910860839,+0000.0016102298442155,+0000.0080887032559664
+0000.9897329910212195,+0000.0000765907715618,+0000.0000610648829596,+0000.0016885861382934,+0000.0084407671859660
+0000.9892934417271484,+0000.0000766282310076,+0000.0000610380472090,+0000.0017687921658386,+0000.0088000998287961
+0000.9888448078768268,+0000.0000766578092445,+0000.0000610105944355,+0000.0018508420572236,+0000.0091666816622696
+0000.9883871145435088,+0000.0000766802214949,+0000.0000609825374575,+0000.0019347298940889,+0000.0095404928034498
+0000.9879203872797445,+0000.0000766961126300,+0000.0000609538868709,+0000.0020204497130585,+0000.0099215130076961
+0000.9874446521077180,+0000.0000767060640147,+0000.0000609246514983,+0000.0021079955083968,+0000.0103097216683724
+0000.9869599355106435,+0000.0000767105997059,+0000.0000608948387493,+0000.0021973612337853,+0000.0107050978171157
+0000.9864662644250755,+0000.0000767101920616,+0000.0000608644549082,+0000.0022885408033742,+0000.0111076201245804
+0000.9859636662339945,+0000.0000767052668135,+0000.0000608335053642,+0000.0023815280922426,+0000.0115172669015854
+0000.9854521687605675,+0000.0000766962076522,+0000.0000608019947952,+0000.0024763169363811,+0000.0119340161006037
+0000.9849318002624763,+0000.0000766833603701,+0000.0000607699273154,+0000.0025729011322960,+0000.0123578453175425
+0000.9844025894267143,+0000.0000766670366029,+0000.0000607373065928,+0000.0026712744363177,+0000.0127887317937723
+0000.9838645653647963,+0000.0000766475172073,+0000.0000607041359432,+0000.0027714305636853,+0000.0132266524183680
+0000.9833177576082851,+0000.0000766250553092,+0000.0000606704184059,+0000.0028733631874666,+0000.0136715837305330
+0000.9827621961045960,+0000.0000765998790547,+0000.0000606361568034,+0000.0029770659373653,+0000.0141235019221806
+0000.9821979112130117,+0000.0000765721940899,+0000.0000606013537899,+0000.0030825323984567,+0000.0145823828406518
+0000.9816249337008716,+0000.0000765421857987,+0000.0000605660118895,+0000.0031897561098877,+0000.0150482019915525
+0000.9810432947398885,+0000.0000765100213193,+0000.0000605301335270,+0000.0032987305635701,+0000.0155209345416949
+0000.9804530259025639,+0000.0000764758513621,+0000.0000604937210527,+0000.0034094492028902,+0000.0160005553221311
+0000.9798541591586669,+0000.0000764398118481,+0000.0000604567767613,+0000.0035219054214553,+0000.0164870388312684
+0000.9792467268717580,+0000.0000764020253851,+0000.0000604193029086,+0000.0036360925618907,+0000.0169803592380578
+0000.9786307617957299,+0000.0000763626025979,+0000.0000603813017229,+0000.0037520039147008,+0000.0174804903852487
+0000.9780062970713526,+0000.0000763216433264,+0000.0000603427754157,+0000.0038696327172020,+0000.0179874057927032
+0000.9773733662228062,+0000.0000762792377046,+0000.0000603037261894,+0000.0039889721525352,+0000.0185010786607645
+0000.9767320031541857,+0000.0000762354671327,+0000.0000602641562434,+0000.0041100153487619,+0000.0190214818736764
+0000.9760822421459736,+0000.0000761904051522,+0000.0000602240677792,+0000.0042327553780475,+0000.0195485880030476
+0000.9754241178514680,+0000.0000761441182341,+0000.0000601834630048,+0000.0043571852559330,+0000.0200823693113602
+0000.9747576652931605,+0000.0000760966664886,+0000.0000601423441369,+0000.0044832979406965,+0000.0206227977555178
+0000.9740829198590596,+0000.0000760481043033,+0000.0000601007134041,+0000.0046110863328024,+0000.0211698449904306
+0000.9733999172989557,+0000.0000759984809193,+0000.0000600585730488,+0000.0047405432744391,+0000.0217234823726369
+0000.9727086937206253,+0000.0000759478409478,+0000.0000600159253281,+0000.0048716615491421,+0000.0222836809639567
+0000.9720092855859698,+0000.0000758962248369,+0000.0000599727725156,+0000.0050044338815000,+0000.0228504115351774
+0000.9713017297070958,+0000.0000758436692903,+0000.0000599291169018,+0000.0051388529369423,+0000.0234236445697699
+0000.9705860632423238,+0000.0000757902076454,+0000.0000598849607949,+0000.0052749113216042,+0000.0240033502676316
+0000.9698623236921422,+0000.0000757358702123,+0000.0000598403065214,+0000.0054126015822664,+0000.0245894985488578
+0000.9691305488950892,+0000.0000756806845800,+0000.0000597951564262,+0000.0055519162063667,+0000.0251820590575379
+0000.9683907770235807,+0000.0000756246758913,+0000.0000597495128729,+0000.0056928476220790,+0000.0257810011655763
+0000.9676430465796716,+0000.0000755678670902,+0000.0000597033782440,+0000.0058353881984579,+0000.0263862939765366
+0000.9668873963907632,+0000.0000755102791446,+0000.0000596567549406,+0000.0059795302456440,+0000.0269979063295078
+0000.9661238656052512,+0000.0000754519312470,+0000.0000596096453828,+0000.0061252660151278,+0000.0276158068029913
+0000.9653524936881199,+0000.0000753928409943,+0000.0000595620520093,+0000.0062725877000680,+0000.0282399637188086
+0000.9645733204164832,+0000.0000753330245501,+0000.0000595139772775,+0000.0064214874356619,+0000.0288703451460272
+0000.9637863858750773,+0000.0000752724967908,+0000.0000594654236631,+0000.0065719572995639,+0000.0295069189049050
+0000.9629917304517019,+0000.0000752112714366,+0000.0000594163936603,+0000.0067239893123499,+0000.0301496525708513
+0000.9621893948326206,+0000.0000751493611696,+0000.0000593668897810,+0000.0068775754380243,+0000.0307985134784045
+0000.9613794199979137,+0000.0000750867777401,+0000.0000593169145552,+0000.0070327075845671,+0000.0314534687252239
+0000.9605618472167932,+0000.0000750235320617,+0000.0000592664705304,+0000.0071893776045178,+0000.0321144851760969
+0000.9597367180428771,+0000.0000749596342978,+0000.0000592155602715,+0000.0073475772955951,+0000.0327815294669585
+0000.9589040743094299,+0000.0000748950939380,+0000.0000591641863605,+0000.0075072984013481,+0000.0334545680089237
+0000.9580639581245665,+0000.0000748299198684,+0000.0000591123513961,+0000.0076685326118380,+0000.0341335669923310
+0000.9572164118664277,+0000.0000747641204334,+0000.0000590600579938,+0000.0078312715643482,+0000.0348184923907970
+0000.9563614781783227,+0000.0000746977034919,+0000.0000590073087850,+0000.0079955068441197,+0000.0355093099652804
+0000.9554991999638482,+0000.0000746306764681,+0000.0000589541064174,+0000.0081612299851115,+0000.0362059852681546
+0000.9546296203819784,+0000.0000745630463966,+0000.0000589004535543,+0000.0083284324707822,+0000.0369084836472886
+0000.9537527828421344,+0000.0000744948199631,+0000.0000588463528744,+0000.0084971057348930,+0000.0376167702501354
+0000.9528687309992322,+0000.0000744260035411,+0000.0000587918070714,+0000.0086672411623295,+0000.0383308100278256
+0000.9519775087487130,+0000.0000743566032250,+0000.0000587368188539,+0000.0088388300899407,+0000.0390505677392674
+0000.9510791602215513,+0000.0000742866248592,+0000.0000586813909450,+0000.0090118638073942,+0000.0397760079552506
+0000.9501737297792514,+0000.0000742160740652,+0000.0000586255260819,+0000.0091863335580463,+0000.0405070950625551
+0000.9492612620088323,+0000.0000741449562650,+0000.0000585692270160,+0000.0093622305398252,+0000.0412437932680611
+0000.9483418017177963,+0000.0000740732767030,+0000.0000585124965118,+0000.0095395459061263,+0000.0419860666028626
+0000.9474153939290868,+0000.0000740010404644,+0000.0000584553373475,+0000.0097182707667197,+0000.0427338789263816
+0000.9464820838760430,+0000.0000739282524936,+0000.0000583977523140,+0000.0098983961886666,+0000.0434871939304829
+0000.9455419169973422,+0000.0000738549176085,+0000.0000583397442150,+0000.0100799131972452,+0000.0442459751435887
+0000.9445949389319406,+0000.0000737810405153,+0000.0000582813158665,+0000.0102628127768856,+0000.0450101859347916
+0000.9436411955140055,+0000.0000737066258205,+0000.0000582224700965,+0000.0104470858721108,+0000.0457797895179668
+0000.9426807327678477,+0000.0000736316780420,+0000.0000581632097448,+0000.0106327233884852,+0000.0465547489558804
+0000.9417135969028544,+0000.0000735562016194,+0000.0000581035376625,+0000.0108197161935687,+0000.0473350271642950
+0000.9407398343084189,+0000.0000734802009227,+0000.0000580434567119,+0000.0110080551178754,+0000.0481205869160709
+0000.9397594915488732,+0000.0000734036802604,+0000.0000579829697661,+0000.0111977309558377,+0000.0489113908452627
+0000.9387726153584222,+0000.0000733266438867,+0000.0000579220797085,+0000.0113887344667731,+0000.0497074014512093
+0000.9377792526360862,+0000.0000732490960079,+0000.0000578607894330,+0000.0115810563758546,+0000.0505085811026185
+0000.9367794504406410,+0000.0000731710407881,+0000.0000577991018430,+0000.0117746873750842,+0000.0513148920416438
+0000.9357732559855729,+0000.0000730924823541,+0000.0000577370198516,+0000.0119696181242680,+0000.0521262963879535
+0000.9347607166340346,+0000.0000730134248004,+0000.0000576745463812,+0000.0121658392519926,+0000.0529427561427911
+0000.9337418798938142,+0000.0000729338721930,+0000.0000576116843630,+0000.0123633413566034,+0000.0537642331930265
+0000.9327167934123104,+0000.0000728538285729,+0000.0000575484367368,+0000.0125621150071831,+0000.0545906893151969
+0000.9316855049715215,+0000.0000727732979595,+0000.0000574848064509,+0000.0127621507445304,+0000.0554220861795378
+0000.9306480624830452,+0000.0000726922843534,+0000.0000574207964613,+0000.0129634390821390,+0000.0562583853540012
+0000.9296045139830911,+0000.0000726107917390,+0000.0000573564097319,+0000.0131659705071753,+0000.0570995483082630
+0000.9285549076275064,+0000.0000725288240864,+0000.0000572916492339,+0000.0133697354814562,+0000.0579455364177170
+0000.9274992916868194,+0000.0000724463853539,+0000.0000572265179456,+0000.0135747244424248,+0000.0587963109674561
+0000.9264377145412948,+0000.0000723634794893,+0000.0000571610188522,+0000.0137809278041254,+0000.0596518331562383
+0000.9253702246760085,+0000.0000722801104315,+0000.0000570951549450,+0000.0139883359581755,+0000.0605120641004396
+0000.9242968706759387,+0000.0000721962821121,+0000.0000570289292218,+0000.0141969392747370,+0000.0613769648379903
+0000.9232177012210777,+0000.0000721119984561,+0000.0000569623446862,+0000.0144067281034840,+0000.0622464963322958
+0000.9221327650815601,+0000.0000720272633833,+0000.0000568954043473,+0000.0146176927745681,+0000.0631206194761413
+0000.9210421111128116,+0000.0000719420808092,+0000.0000568281112193,+0000.0148298235995812,+0000.0639992950955786
+0000.9199457882507223,+0000.0000718564546452,+0000.0000567604683218,+0000.0150431108725145,+0000.0648824839537960
+0000.9188438455068380,+0000.0000717703888000,+0000.0000566924786787,+0000.0152575448707143,+0000.0657701467549690
+0000.9177363319635748,+0000.0000716838871795,+0000.0000566241453183,+0000.0154731158558347,+0000.0666622441480928
+0000.9166232967694589,+0000.0000715969536876,+0000.0000565554712732,+0000.0156898140747852,+0000.0675587367307952
+0000.9155047891343889,+0000.0000715095922262,+0000.0000564864595795,+0000.0159076297606755,+0000.0684595850531296
+0000.9143808583249247,+0000.0000714218066962,+0000.0000564171132770,+0000.0161265531337552,+0000.0693647496213468
+0000.9132515536595978,+0000.0000713336009968,+0000.0000563474354088,+0000.0163465744023496,+0000.0702741909016471
+0000.9121169245042539,+0000.0000712449790265,+0000.0000562774290205,+0000.0165676837637902,+0000.0711878693239093
+0000.9109770202674170,+0000.0000711559446826,+0000.0000562070971607,+0000.0167898714053411,+0000.0721057452853987
+0000.9098318903956857,+0000.0000710665018617,+0000.0000561364428803,+0000.0170131275051200,+0000.0730277791544521
+0000.9086815843691542,+0000.0000709766544594,+0000.0000560654692322,+0000.0172374422330141,+0000.0739539312741399
+0000.9075261516968631,+0000.0000708864063707,+0000.0000559941792711,+0000.0174628057515906,+0000.0748841619659043
+0000.9063656419122815,+0000.0000707957614894,+0000.0000559225760532,+0000.0176892082170020,+0000.0758184315331738
+0000.9052001045688165,+0000.0000707047237085,+0000.0000558506626359,+0000.0179166397798858,+0000.0767567002649533
+0000.9040295892353554,+0000.0000706132969199,+0000.0000557784420776,+0000.0181450905862579,+0000.0776989284393888
+0000.9028541454918394,+0000.0000705214850146,+0000.0000557059174374,+0000.0183745507784010,+0000.0786450763273076
+0000.9016738229248662,+0000.0000704292918818,+0000.0000556330917748,+0000.0186050104957460,+0000.0795951041957313
+0000.9004886711233280,+0000.0000703367214096,+0000.0000555599681494,+0000.0188364598757485,+0000.0805489723113646
+0000.8992987396740826,+0000.0000702437774845,+0000.0000554865496207,+0000.0190688890547574,+0000.0815066409440553
+0000.8981040781576533,+0000.0000701504639908,+0000.0000554128392477,+0000.0193022881688787,+0000.0824680703702292
+0000.8969047361439715,+0000.0000700567848111,+0000.0000553388400891,+0000.0195366473548321,+0000.0834332208762963
+0000.8957007631881414,+0000.0000699627438258,+0000.0000552645552023,+0000.0197719567508007,+0000.0844020527620299
+0000.8944922088262517,+0000.0000698683449126,+0000.0000551899876436,+0000.0200082064972745,+0000.0853745263439175
+0000.8932791225712153,+0000.0000697735919467,+0000.0000551151404680,+0000.0202453867378870,+0000.0863506019584830
+0000.8920615539086461,+0000.0000696784888004,+0000.0000550400167288,+0000.0204834876202445,+0000.0873302399655803
+0000.8908395522927730,+0000.0000695830393427,+0000.0000549646194773,+0000.0207224992967491,+0000.0883134007516579
+0000.8896131671423908,+0000.0000694872474393,+0000.0000548889517626,+0000.0209624119254140,+0000.0893000447329933
+0000.8883824478368461,+0000.0000693911169523,+0000.0000548130166314,+0000.0212032156706716,+0000.0902901323588988
+0000.8871474437120614,+0000.0000692946517398,+0000.0000547368171277,+0000.0214449007041748,+0000.0912836241148963
+0000.8859082040565989,+0000.0000691978556558,+0000.0000546603562926,+0000.0216874572055908,+0000.0922804805258620
+0000.8846647781077586,+0000.0000691007325499,+0000.0000545836371641,+0000.0219308753633868,+0000.0932806621591406
+0000.8834172150477184,+0000.0000690032862669,+0000.0000545066627766,+0000.0221751453756094,+0000.0942841296276285
+0000.8821655639997109,+0000.0000689055206469,+0000.0000544294361612,+0000.0224202574506554,+0000.0952908435928257
+0000.8809098740242390,+0000.0000688074395245,+0000.0000543519603447,+0000.0226662018080352,+0000.0963007647678566
+0000.8796501941153329,+0000.0000687090467291,+0000.0000542742383501,+0000.0229129686791288,+0000.0973138539204590
+0000.8783865731968450,+0000.0000686103460842,+0000.0000541962731960,+0000.0231605483079341,+0000.0983300718759407
+0000.8771190601187844,+0000.0000685113414074,+0000.0000541180678965,+0000.0234089309518062,+0000.0993493795201054
+0000.8758477036536940,+0000.0000684120365101,+0000.0000540396254608,+0000.0236581068821907,+0000.1003717378021446
+0000.8745725524930641,+0000.0000683124351971,+0000.0000539609488931,+0000.0239080663853474,+0000.1013971077374981
+0000.8732936552437923,+0000.0000682125412664,+0000.0000538820411926,+0000.0241587997630667,+0000.1024254504106819
+0000.8720110604246780,+0000.0000681123585092,+0000.0000538029053527,+0000.0244102973333780,+0000.1034567269780822
+0000.8707248164629625,+0000.0000680118907091,+0000.0000537235443614,+0000.0246625494312498,+0000.1044908986707172
+0000.8694349716909087,+0000.0000679111416423,+0000.0000536439612009,+0000.0249155464092819,+0000.1055279267969661
+0000.8681415743424230,+0000.0000678101150775,+0000.0000535641588472,+0000.0251692786383886,+0000.1065677727452636
+0000.8668446725497179,+0000.0000677088147748,+0000.0000534841402699,+0000.0254237365084753,+0000.1076103979867618
+0000.8655443143400182,+0000.0000676072444866,+0000.0000534039084325,+0000.0256789104291048,+0000.1086557640779582
+0000.8642405476323054,+0000.0000675054079563,+0000.0000533234662913,+0000.0259347908301571,+0000.1097038326632899
+0000.8629334202341108,+0000.0000674033089188,+0000.0000532428167963,+0000.0261913681624798,+0000.1107545654776943
+0000.8616229798383443,+0000.0000673009510998,+0000.0000531619628900,+0000.0264486328985304,+0000.1118079243491357
+0000.8603092740201687,+0000.0000671983382161,+0000.0000530809075078,+0000.0267065755330102,+0000.1128638712010973
+0000.8589923502339171,+0000.0000670954739745,+0000.0000529996535776,+0000.0269651865834902,+0000.1139223680550404
+0000.8576722558100519,+0000.0000669923620725,+0000.0000529182040197,+0000.0272244565910279,+0000.1149833770328279
+0000.8563490379521650,+0000.0000668890061975,+0000.0000528365617466,+0000.0274843761207761,+0000.1160468603591148
+0000.8550227437340243,+0000.0000667854100267,+0000.0000527547296626,+0000.0277449357625828,+0000.1171127803637034
+0000.8536934200966604,+0000.0000666815772269,+0000.0000526727106642,+0000.0280061261315834,+0000.1181810994838653
+0000.8523611138454960,+0000.0000665775114544,+0000.0000525905076390,+0000.0282679378687834,+0000.1192517802666274
+0000.8510258716475202,+0000.0000664732163544,+0000.0000525081234665,+0000.0285303616416334,+0000.1203247853710253
+0000.8496877400285053,+0000.0000663686955613,+0000.0000524255610174,+0000.0287933881445952,+0000.1214000775703208
+0000.8483467653702635,+0000.0000662639526982,+0000.0000523428231533,+0000.0290570080996993,+0000.1224776197541856
+0000.8470029939079518,+0000.0000661589913766,+0000.0000522599127269,+0000.0293212122570941,+0000.1235573749308506
+0000.8456564717274150,+0000.0000660538151964,+0000.0000521768325818,+0000.0295859913955866,+0000.1246393062292203
+0000.8443072447625756,+0000.0000659484277456,+0000.0000520935855521,+0000.0298513363231739,+0000.1257233769009531
+0000.8429553587928630,+0000.0000658428326001,+0000.0000520101744623,+0000.0301172378775675,+0000.1268095503225070
+0000.8416008594406902,+0000.0000657370333237,+0000.0000519266021273,+0000.0303836869267076,+0000.1278977899971512
+0000.8402437921689682,+0000.0000656310334675,+0000.0000518428713522,+0000.0306506743692697,+0000.1289880595569425
+0000.8388842022786669,+0000.0000655248365700,+0000.0000517589849320,+0000.0309181911351627,+0000.1300803227646683
+0000.8375221349064182,+0000.0000654184461568,+0000.0000516749456518,+0000.0311862281860180,+0000.1311745435157551
+0000.8361576350221608,+0000.0000653118657408,+0000.0000515907562860,+0000.0314547765156706,+0000.1322706858401418
+0000.8347907474268276,+0000.0000652050988212,+0000.0000515064195989,+0000.0317238271506315,+0000.1333687139041205
+0000.8334215167500785,+0000.0000650981488841,+0000.0000514219383442,+0000.0319933711505515,+0000.1344685920121416
+0000.8320499874480709,+0000.0000649910194021,+0000.0000513373152648,+0000.0322633996086766,+0000.1355702846085857
+0000.8306762038012769,+0000.0000648837138339,+0000.0000512525530928,+0000.0325339036522953,+0000.1366737562795013
+0000.8293002099123402,+0000.0000647762356244,+0000.0000511676545492,+0000.0328048744431772,+0000.1377789717543090
+0000.8279220497039774,+0000.0000646685882044,+0000.0000510826223442,+0000.0330763031780026,+0000.1388858959074716
+0000.8265417669169182,+0000.0000645607749905,+0000.0000509974591766,+0000.0333481810887854,+0000.1399944937601296
+0000.8251594051078904,+0000.0000644527993850,+0000.0000509121677336,+0000.0336204994432853,+0000.1411047304817055
+0000.8237750076476463,+0000.0000643446647755,+0000.0000508267506915,+0000.0338932495454142,+0000.1422165713914725
+0000.8223886177190286,+0000.0000642363745350,+0000.0000507412107144,+0000.0341664227356319,+0000.1433299819600903
+0000.8210002783150789,+0000.0000641279320218,+0000.0000506555504551,+0000.0344400103913356,+0000.1444449278111084
+0000.8196100322371908,+0000.0000640193405791,+0000.0000505697725544,+0000.0347140039272395,+0000.1455613747224362
+0000.8182179220932970,+0000.0000639106035349,+0000.0000504838796412,+0000.0349883947957475,+0000.1466792886277791
+0000.8168239902961059,+0000.0000638017242021,+0000.0000503978743324,+0000.0352631744873167,+0000.1477986356180432
+0000.8154282790613695,+0000.0000636927058781,+0000.0000503117592326,+0000.0355383345308134,+0000.1489193819427062
+0000.8140308304062033,+0000.0000635835518450,+0000.0000502255369344,+0000.0358138664938607,+0000.1500414940111569
+0000.8126316861474339,+0000.0000634742653690,+0000.0000501392100177,+0000.0360897619831782,+0000.1511649383940013
+0000.8112308878999980,+0000.0000633648497007,+0000.0000500527810503,+0000.0363660126449134,+0000.1522896818243374
+0000.8098284770753750,+0000.0000632553080747,+0000.0000499662525872,+0000.0366426101649657,+0000.1534156911989973
+0000.8084244948800601,+0000.0000631456437096,+0000.0000498796271709,+0000.0369195462693016,+0000.1545429335797577
+0000.8070189823140792,+0000.0000630358598079,+0000.0000497929073310,+0000.0371968127242624,+0000.1556713761945192
+0000.8056119801695414,+0000.0000629259595560,+0000.0000497060955844,+0000.0374744013368647,+0000.1568009864384536
+0000.8042035290292304,+0000.0000628159461236,+0000.0000496191944350,+0000.0377523039550915,+0000.1579317318751195
+0000.8027936692652365,+0000.0000627058226642,+0000.0000495322063739,+0000.0380305124681773,+0000.1590635802375480
+0000.8013824410376255,+0000.0000625955923148,+0000.0000494451338788,+0000.0383090188068843,+0000.1601964994292966
+0000.7999698842931463,+0000.0000624852581955,+0000.0000493579794145,+0000.0385878149437710,+0000.1613304575254728
+0000.7985560387639768,+0000.0000623748234099,+0000.0000492707454325,+0000.0388668928934540,+0000.1624654227737266
+0000.7971409439665098,+0000.0000622642910445,+0000.0000491834343708,+0000.0391462447128610,+0000.1636013635952136
+0000.7957246392001723,+0000.0000621536641689,+0000.0000490960486543,+0000.0394258625014775,+0000.1647382485855271
+0000.7943071635462837,+0000.0000620429458359,+0000.0000490085906943,+0000.0397057384015849,+0000.1658760465156011
+0000.7928885558669549,+0000.0000619321390809,+0000.0000489210628886,+0000.0399858645984920,+0000.1670147263325833
+0000.7914688548040189,+0000.0000618212469223,+0000.0000488334676213,+0000.0402662333207590,+0000.1681542571606786
+0000.7900480987779995,+0000.0000617102723609,+0000.0000487458072630,+0000.0405468368404133,+0000.1692946083019631
+0000.7886263259871190,+0000.0000615992183806,+0000.0000486580841705,+0000.0408276674731597,+0000.1704357492371704
+0000.7872035744063370,+0000.0000614880879474,+0000.0000485703006869,+0000.0411087175785814,+0000.1715776496264471
+0000.7857798817864305,+0000.0000613768840101,+0000.0000484824591413,+0000.0413899795603356,+0000.1727202793100821
+0000.7843552856531045,+0000.0000612656094998,+0000.0000483945618492,+0000.0416714458663412,+0000.1738636083092052
+0000.7829298233061394,+0000.0000611542673300,+0000.0000483066111119,+0000.0419531089889590,+0000.1750076068264597
+0000.7815035318185746,+0000.0000610428603963,+0000.0000482186092167,+0000.0422349614651660,+0000.1761522452466464
+0000.7800764480359248,+0000.0000609313915769,+0000.0000481305584371,+0000.0425169958767220,+0000.1772974941373394
+0000.7786486085754305,+0000.0000608198637319,+0000.0000480424610323,+0000.0427992048503295,+0000.1784433242494756
+0000.7772200498253448,+0000.0000607082797035,+0000.0000479543192475,+0000.0430815810577871,+0000.1795897065179170
+0000.7757908079442493,+0000.0000605966423160,+0000.0000478661353137,+0000.0433641172161356,+0000.1807366120619854
+0000.7743609188604075,+0000.0000604849543758,+0000.0000477779114476,+0000.0436468060877979,+0000.1818840121859709
+0000.7729304182711491,+0000.0000603732186713,+0000.0000476896498517,+0000.0439296404807124,+0000.1830318783796151
+0000.7714993416422877,+0000.0000602614379726,+0000.0000476013527143,+0000.0442126132484588,+0000.1841801823185667
+0000.7700677242075682,+0000.0000601496150318,+0000.0000475130222093,+0000.0444957172903791,+0000.1853288958648116
+0000.7686356009681514,+0000.0000600377525828,+0000.0000474246604963,+0000.0447789455516907,+0000.1864779910670791
+0000.7672030066921243,+0000.0000599258533414,+0000.0000473362697203,+0000.0450622910235935,+0000.1876274401612203
+0000.7657699759140474,+0000.0000598139200050,+0000.0000472478520123,+0000.0453457467433717,+0000.1887772155705635
+0000.7643365429345272,+0000.0000597019552529,+0000.0000471594094886,+0000.0456293057944875,+0000.1899272899062438
+0000.7629027418198238,+0000.0000595899617459,+0000.0000470709442510,+0000.0459129613066708,+0000.1910776359675085
+0000.7614686064014878,+0000.0000594779421265,+0000.0000469824583869,+0000.0461967064560004,+0000.1922282267419985
+0000.7600341702760244,+0000.0000593658990192,+0000.0000468939539692,+0000.0464805344649817,+0000.1933790354060053
+0000.7585994668045928,+0000.0000592538350295,+0000.0000468054330564,+0000.0467644386026164,+0000.1945300353247048
+0000.7571645291127284,+0000.0000591417527450,+0000.0000467168976922,+0000.0470484121844670,+0000.1956812000523673
+0000.7557293900900988,+0000.0000590296547347,+0000.0000466283499059,+0000.0473324485727160,+0000.1968325033325446
+0000.7542940823902863,+0000.0000589175435490,+0000.0000465397917123,+0000.0476165411762187,+0000.1979839190982339
+0000.7528586384305989,+0000.0000588054217202,+0000.0000464512251115,+0000.0479006834505499,+0000.1991354214720196
+0000.7514230903919102,+0000.0000586932917618,+0000.0000463626520890,+0000.0481848688980465,+0000.2002869847661927
+0000.7499874702185256,+0000.0000585811561690,+0000.0000462740746158,+0000.0484690910678424,+0000.2014385834828473
+0000.7485518096180767,+0000.0000584690174184,+0000.0000461854946483,+0000.0487533435558999,+0000.2025901923139566
+0000.7471161400614427,+0000.0000583568779683,+0000.0000460969141282,+0000.0490376200050343,+0000.2037417861414265
+0000.7456804927826971,+0000.0000582447402583,+0000.0000460083349826,+0000.0493219141049337,+0000.2048933400371281
+0000.7442448987790828,+0000.0000581326067096,+0000.0000459197591241,+0000.0496062195921735,+0000.2060448292629099
+0000.7428093888110109,+0000.0000580204797249,+0000.0000458311884506,+0000.0498905302502255,+0000.2071962292705880
+0000.7413739934020871,+0000.0000579083616883,+0000.0000457426248453,+0000.0501748399094620,+0000.2083475157019174
+0000.7399387428391612,+0000.0000577962549656,+0000.0000456540701771,+0000.0504591424471544,+0000.2094986643885420
+0000.7385036671724035,+0000.0000576841619039,+0000.0000455655262998,+0000.0507434317874674,+0000.2106496513519254
+0000.7370687962154051,+0000.0000575720848320,+0000.0000454769950532,+0000.0510277019014478,+0000.2118004528032619
+0000.7356341595453015,+0000.0000574600260602,+0000.0000453884782619,+0000.0513119468070083,+0000.2129510451433678
+0000.7341997865029215,+0000.0000573479878802,+0000.0000452999777365,+0000.0515961605689072,+0000.2141014049625547
+0000.7327657061929573,+0000.0000572359725654,+0000.0000452114952726,+0000.0518803372987221,+0000.2152515090404826
+0000.7313319474841620,+0000.0000571239823706,+0000.0000451230326514,+0000.0521644711548201,+0000.2164013343459959
+0000.7298985390095649,+0000.0000570120195325,+0000.0000450345916396,+0000.0524485563423228,+0000.2175508580369401
+0000.7284655091667133,+0000.0000569000862692,+0000.0000449461739893,+0000.0527325871130669,+0000.2187000574599614
+0000.7270328861179338,+0000.0000567881847803,+0000.0000448577814381,+0000.0530165577655600,+0000.2198489101502877
+0000.7256006977906180,+0000.0000566763172473,+0000.0000447694157091,+0000.0533004626449324,+0000.2209973938314931
+0000.7241689718775267,+0000.0000565644858333,+0000.0000446810785110,+0000.0535842961428843,+0000.2221454864152450
+0000.7227377358371171,+0000.0000564526926830,+0000.0000445927715380,+0000.0538680526976288,+0000.2232931660010332
+0000.7213070168938921,+0000.0000563409399229,+0000.0000445044964697,+0000.0541517267938305,+0000.2244404108758848
+0000.7198768420387668,+0000.0000562292296612,+0000.0000444162549716,+0000.0544353129625403,+0000.2255871995140602
+0000.7184472380294572,+0000.0000561175639880,+0000.0000443280486945,+0000.0547188057811258,+0000.2267335105767345
+0000.7170182313908893,+0000.0000560059449752,+0000.0000442398792751,+0000.0550021998731974,+0000.2278793229116632
+0000.7155898484156252,+0000.0000558943746764,+0000.0000441517483355,+0000.0552854899085315,+0000.2290246155528312
+0000.7141621151643125,+0000.0000557828551272,+0000.0000440636574839,+0000.0555686706029886,+0000.2301693677200878
+0000.7127350574661475,+0000.0000556713883452,+0000.0000439756083137,+0000.0558517367184278,+0000.2313135588187657
+0000.7113087009193614,+0000.0000555599763297,+0000.0000438876024044,+0000.0561346830626186,+0000.2324571684392860
+0000.7098830708917210,+0000.0000554486210624,+0000.0000437996413212,+0000.0564175044891476,+0000.2336001763567479
+0000.7084581925210510,+0000.0000553373245065,+0000.0000437117266150,+0000.0567001958973221,+0000.2347425625305053
+0000.7070340907157707,+0000.0000552260886078,+0000.0000436238598228,+0000.0569827522320706,+0000.2358843071037280
+0000.7056107901554493,+0000.0000551149152940,+0000.0000435360424673,+0000.0572651684838390,+0000.2370253904029505
+0000.7041883152913775,+0000.0000550038064749,+0000.0000434482760570,+0000.0575474396884840,+0000.2381657929376063
+0000.7027666903471581,+0000.0000548927640426,+0000.0000433605620867,+0000.0578295609271626,+0000.2393054953995498
+0000.7013459393193086,+0000.0000547817898715,+0000.0000432729020367,+0000.0581115273262186,+0000.2404444786625644
+0000.6999260859778834,+0000.0000546708858183,+0000.0000431852973739,+0000.0583933340570658,+0000.2415827237818588
+0000.6985071538671099,+0000.0000545600537219,+0000.0000430977495508,+0000.0586749763360678,+0000.2427202119935498
+0000.6970891663060409,+0000.0000544492954038,+0000.0000430102600062,+0000.0589564494244150,+0000.2438569247141341
+0000.6956721463892216,+0000.0000543386126680,+0000.0000429228301651,+0000.0592377486279983,+0000.2449928435399467
+0000.6942561169873714,+0000.0000542280073008,+0000.0000428354614386,+0000.0595188692972799,+0000.2461279502466091
+0000.6928411007480797,+0000.0000541174810713,+0000.0000427481552239,+0000.0597998068271606,+0000.2472622267884645
+0000.6914271200965159,+0000.0000540070357310,+0000.0000426609129049,+0000.0600805566568455,+0000.2483956552980029
+0000.6900141972361546,+0000.0000538966730142,+0000.0000425737358513,+0000.0603611142697052,+0000.2495282180852745
+0000.6886023541495140,+0000.0000537863946381,+0000.0000424866254196,+0000.0606414751931357,+0000.2506598976372929
+0000.6871916125989039,+0000.0000536762023024,+0000.0000423995829524,+0000.0609216349984145,+0000.2517906766174267
+0000.6857819941271937,+0000.0000535660976898,+0000.0000423126097789,+0000.0612015893005549,+0000.2529205378647824
+0000.6843735200585860,+0000.0000534560824660,+0000.0000422257072149,+0000.0614813337581570,+0000.2540494643935760
+0000.6829662114994068,+0000.0000533461582796,+0000.0000421388765626,+0000.0617608640732563,+0000.2551774393924945
+0000.6815600893389069,+0000.0000532363267622,+0000.0000420521191108,+0000.0620401759911706,+0000.2563044462240495
+0000.6801551742500745,+0000.0000531265895286,+0000.0000419654361351,+0000.0623192653003429,+0000.2574304684239190
+0000.6787514866904596,+0000.0000530169481767,+0000.0000418788288977,+0000.0625981278321839,+0000.2585554897002821
+0000.6773490469030112,+0000.0000529074042877,+0000.0000417922986476,+0000.0628767594609100,+0000.2596794939331437
+0000.6759478749169217,+0000.0000527979594260,+0000.0000417058466206,+0000.0631551561033811,+0000.2608024651736505
+0000.6745479905484866,+0000.0000526886151395,+0000.0000416194740393,+0000.0634333137189349,+0000.2619243876433995
+0000.6731494134019721,+0000.0000525793729595,+0000.0000415331821134,+0000.0637112283092193,+0000.2630452457337359
+0000.6717521628704913,+0000.0000524702344008,+0000.0000414469720393,+0000.0639888959180229,+0000.2641650240050457
+0000.6703562581368956,+0000.0000523612009616,+0000.0000413608450007,+0000.0642663126311033,+0000.2652837071860386
+0000.6689617181746703,+0000.0000522522741241,+0000.0000412748021682,+0000.0645434745760138,+0000.2664012801730237
+0000.6675685617488412,+0000.0000521434553539,+0000.0000411888446997,+0000.0648203779219269,+0000.2675177280291781
+0000.6661768074168937,+0000.0000520347461006,+0000.0000411029737400,+0000.0650970188794582,+0000.2686330359838076
+0000.6647864735296941,+0000.0000519261477976,+0000.0000410171904215,+0000.0653733937004857,+0000.2697471894316009
+0000.6633975782324276,+0000.0000518176618621,+0000.0000409314958637,+0000.0656494986779695,+0000.2708601739318768
+0000.6620101394655373,+0000.0000517092896955,+0000.0000408458911735,+0000.0659253301457687,+0000.2719719752078250
+0000.6606241749656754,+0000.0000516010326832,+0000.0000407603774453,+0000.0662008844784570,+0000.2730825791457391
+0000.6592397022666624,+0000.0000514928921947,+0000.0000406749557609,+0000.0664761580911363,+0000.2741919717942456
+0000.6578567387004521,+0000.0000513848695838,+0000.0000405896271897,+0000.0667511474392488,+0000.2753001393635255
+0000.6564753013981048,+0000.0000512769661887,+0000.0000405043927887,+0000.0670258490183883,+0000.2764070682245295
+0000.6550954072907682,+0000.0000511691833317,+0000.0000404192536025,+0000.0673002593641086,+0000.2775127449081891
+0000.6537170731106644,+0000.0000510615223200,+0000.0000403342106635,+0000.0675743750517317,+0000.2786171561046203
+0000.6523403153920846,+0000.0000509539844448,+0000.0000402492649918,+0000.0678481926961540,+0000.2797202886623247
+0000.6509651504723890,+0000.0000508465709825,+0000.0000401644175955,+0000.0681217089516514,+0000.2808221295873817
+0000.6495915944930138,+0000.0000507392831936,+0000.0000400796694705,+0000.0683949205116824,+0000.2819226660426396
+0000.6482196634004849,+0000.0000506321223239,+0000.0000399950216007,+0000.0686678241086913,+0000.2830218853468994
+0000.6468493729474343,+0000.0000505250896037,+0000.0000399104749580,+0000.0689404165139088,+0000.2841197749740950
+0000.6454807386936280,+0000.0000504181862485,+0000.0000398260305024,+0000.0692126945371519,+0000.2852163225524690
+0000.6441137760069922,+0000.0000503114134585,+0000.0000397416891823,+0000.0694846550266234,+0000.2863115158637436
+0000.6427485000646492,+0000.0000502047724194,+0000.0000396574519339,+0000.0697562948687088,+0000.2874053428422887
+0000.6413849258539583,+0000.0000500982643016,+0000.0000395733196820,+0000.0700276109877736,+0000.2884977915742846
+0000.6400230681735586,+0000.0000499918902612,+0000.0000394892933396,+0000.0702986003459588,+0000.2895888502968815
+0000.6386629416344189,+0000.0000498856514394,+0000.0000394053738084,+0000.0705692599429757,+0000.2906785073973572
