+0001.0000000000000000,+0000.0000000000000000,+0000.0000000000000000,+0000.0000000000000000,+0000.0000000000000000
+0000.9529599555529247,+0000.0000000000000000,+0000.0000000000000000,+0000.0093998192559146,+0000.0376402251911610
+0000.8346040618550569,+0000.0000000000000000,+0000.0000000000000000,+0000.0335050643817408,+0000.1318908737632025
+0000.6937555164535233,+0000.0000000000000000,+0000.0000000000000000,+0000.0634713305179358,+0000.2427731530285410
+0000.5661797347852937,+0000.0000000000000000,+0000.0000000000000000,+0000.0928502257241954,+0000.3409700394905112
+0000.4645495521132805,+0000.0000000000000000,+0000.0000000000000000,+0000.1194716355355682,+0000.4159788123511512
+0000.3883114568926225,+0000.0000000000000000,+0000.0000000000000000,+0000.1436617387081984,+0000.4680268043991791
+0000.3327301617631471,+0000.0000000000000000,+0000.0000000000000000,+0000.1665965060988210,+0000.5006733321380319
+0000.2929334985076548,+0000.0000000000000000,+0000.0000000000000000,+0000.1895682733103925,+0000.5174982281819527
+0000.2650645974512532,+0000.0000000000000000,+0000.0000000000000000,+0000.2137825357404250,+0000.5211528668083218
+0000.2463519070681718,+0000.0000000000000000,+0000.0000000000000000,+0000.2403496672314083,+0000.5132984257004198
+0000.2348921040499117,+0000.0000000000000000,+0000.0000000000000000,+0000.2703168380918969,+0000.4947910578581915
+0000.2294064001062441,+0000.0000000000000000,+0000.0000000000000000,+0000.3046752713205383,+0000.4659183285732177
+0000.2290264572378392,+0000.0000000000000000,+0000.0000000000000000,+0000.3443021022858420,+0000.4266714404763188
+0000.2330985471443123,+0000.0000000000000000,+0000.0000000000000000,+0000.3897895035698583,+0000.3771119492858294
+0000.2409753966850949,+0000.0000000000000000,+0000.0000000000000000,+0000.4410994659012037,+0000.3179251374137014
+0000.2517694348891575,+0000.0000000000000000,+0000.0000000000000000,+0000.4969926555405614,+0000.2512379095702809
+0000.2640777914208652,+0000.0000000000000000,+0000.0000000000000000,+0000.5542785507720958,+0000.1816436578070390
+0000.2757805702716529,+0000.0000000000000000,+0000.0000000000000000,+0000.6072073805606008,+0000.1170120491677465
+0000.2841420333687935,+0000.0000000000000000,+0000.0000000000000000,+0000.6477353681466432,+0000.0681225984845631
+0000.2864569209958289,+0000.0000000000000000,+0000.0000000000000000,+0000.6674807580357850,+0000.0460623209683862
+0000.2811382753199290,+0000.0000000000000000,+0000.0000000000000000,+0000.6611564464102309,+0000.0577052782698400
+0000.2685592586858221,+0000.0000000000000000,+0000.0000000000000000,+0000.6293967192370541,+0000.1020440220771237
+0000.2509066067998422,+0000.0000000000000000,+0000.0000000000000000,+0000.5785678156698141,+0000.1705255775303435
+0000.2311391183451312,+0000.0000000000000000,+0000.0000000000000000,+0000.5176723247760306,+0000.2511885568788379
+0000.2118875948881656,+0000.0000000000000000,+0000.0000000000000000,+0000.4548849848049402,+0000.3332274203068941
+0000.1949219277809554,+0000.0000000000000000,+0000.0000000000000000,+0000.3957528865495308,+0000.4093251856695140
+0000.1811759389537126,+0000.0000000000000000,+0000.0000000000000000,+0000.3431376520023167,+0000.4756864090439706
+0000.1710229576511365,+0000.0000000000000000,+0000.0000000000000000,+0000.2979855593880247,+0000.5309914829608389
+0000.1645639717926167,+0000.0000000000000000,+0000.0000000000000000,+0000.2601745050320309,+0000.5752615231753524
+0000.1618401029658238,+0000.0000000000000000,+0000.0000000000000000,+0000.2291418771484773,+0000.6090180198856987
+0000.1629683606279665,+0000.0000000000000000,+0000.0000000000000000,+0000.2042798994180570,+0000.6327517399539766
+0000.1682230102936972,+0000.0000000000000000,+0000.0000000000000000,+0000.1851793189842292,+0000.6465976707220735
+0000.1780740720575428,+0000.0000000000000000,+0000.0000000000000000,+0000.1718068061123291,+0000.6501191218301283
+0000.1931615518685569,+0000.0000000000000000,+0000.0000000000000000,+0000.1646776310614419,+0000.6421608170700013
+0000.2141188955053906,+0000.0000000000000000,+0000.0000000000000000,+0000.1650405115516874,+0000.6208405929429219
+0000.2410442755171076,+0000.0000000000000000,+0000.0000000000000000,+0000.1749800133714363,+0000.5839757111114560
+0000.2723079668394334,+0000.0000000000000000,+0000.0000000000000000,+0000.1970659830818446,+0000.5306260500787219
+0000.3026739418703322,+0000.0000000000000000,+0000.0000000000000000,+0000.2327581071154402,+0000.4645679510142275
+0000.3223394815019288,+0000.0000000000000000,+0000.0000000000000000,+0000.2790867695384188,+0000.3985737489596522
+0000.3207742877428373,+0000.0000000000000000,+0000.0000000000000000,+0000.3261982817558389,+0000.3530274305013238
+0000.2954299777133902,+0000.0000000000000000,+0000.0000000000000000,+0000.3615468718531968,+0000.3430231504334130
+0000.2549751631417800,+0000.0000000000000000,+0000.0000000000000000,+0000.3790523530263733,+0000.3659724838318469
+0000.2116360006387343,+0000.0000000000000000,+0000.0000000000000000,+0000.3818094730714375,+0000.4065545262898283
+0000.1733332150621266,+0000.0000000000000000,+0000.0000000000000000,+0000.3767252396490941,+0000.4499415452887793
+0000.1426746343597704,+0000.0000000000000000,+0000.0000000000000000,+0000.3695846369256716,+0000.4877407287145578
+0000.1193075005318560,+0000.0000000000000000,+0000.0000000000000000,+0000.3638207337330957,+0000.5168717657350482
+0000.1019084219468357,+0000.0000000000000000,+0000.0000000000000000,+0000.3611256919978650,+0000.5369658860552994
+0000.0891156004723148,+0000.0000000000000000,+0000.0000000000000000,+0000.3622498125009257,+0000.5486345870267592
+0000.0798201236662771,+0000.0000000000000000,+0000.0000000000000000,+0000.3675224466520152,+0000.5526574296817077
+0000.0731953381641060,+0000.0000000000000000,+0000.0000000000000000,+0000.3771186990180422,+0000.5496859628178518
+0000.0686470643597794,+0000.0000000000000000,+0000.0000000000000000,+0000.3911683906779834,+0000.5401845449622377
+0000.0657518655005797,+0000.0000000000000000,+0000.0000000000000000,+0000.4097702942447242,+0000.5244778402546959
+0000.0642018564480513,+0000.0000000000000000,+0000.0000000000000000,+0000.4329372333289694,+0000.5028609102229791
+0000.0637572821809251,+0000.0000000000000000,+0000.0000000000000000,+0000.4604735342617823,+0000.4757691835572927
+0000.0642033598734564,+0000.0000000000000000,+0000.0000000000000000,+0000.4917767820873523,+0000.4440198580391914
+0000.0653085607918041,+0000.0000000000000000,+0000.0000000000000000,+0000.5255670357791233,+0000.4091244034290725
+0000.0667862128821329,+0000.0000000000000000,+0000.0000000000000000,+0000.5595932171921212,+0000.3736205699257459
+0000.0682702253602553,+0000.0000000000000000,+0000.0000000000000000,+0000.5904597046147251,+0000.3412700700250193
+0000.0693259576225463,+0000.0000000000000000,+0000.0000000000000000,+0000.6138249183437829,+0000.3168491240336708
+0000.0695175075589579,+0000.0000000000000000,+0000.0000000000000000,+0000.6252198479226703,+0000.3052626445183718
+0000.0685268355496238,+0000.0000000000000000,+0000.0000000000000000,+0000.6214357750293698,+0000.3100373894210061
+0000.0662716286922375,+0000.0000000000000000,+0000.0000000000000000,+0000.6018790878199871,+0000.3318492834877753
+0000.0629434271208731,+0000.0000000000000000,+0000.0000000000000000,+0000.5690079807079177,+0000.3680485921712093
+0000.0589321465972308,+0000.0000000000000000,+0000.0000000000000000,+0000.5274776742543198,+0000.4135901791484493
+0000.0546857288526876,+0000.0000000000000000,+0000.0000000000000000,+0000.4825567308171000,+0000.4627575403302127
+0000.0505882427067812,+0000.0000000000000000,+0000.0000000000000000,+0000.4387619261885747,+0000.5106498311046439
+0000.0469028884376311,+0000.0000000000000000,+0000.0000000000000000,+0000.3992348712108365,+0000.5538622403515326
+0000.0437732503228860,+0000.0000000000000000,+0000.0000000000000000,+0000.3657810204792018,+0000.5904457291979121
+0000.0412529598773578,+0000.0000000000000000,+0000.0000000000000000,+0000.3392318481633274,+0000.6195151919593147
+0000.0393388875705620,+0000.0000000000000000,+0000.0000000000000000,+0000.3198496290002580,+0000.6408114834291803
+0000.0379959154612899,+0000.0000000000000000,+0000.0000000000000000,+0000.3076412373237489,+0000.6543628472149612
+0000.0371704941051792,+0000.0000000000000000,+0000.0000000000000000,+0000.3025490013058456,+0000.6602805045889752
+0000.0367940697216918,+0000.0000000000000000,+0000.0000000000000000,+0000.3045253413267581,+0000.6586805889515502
+0000.0367784691630058,+0000.0000000000000000,+0000.0000000000000000,+0000.3134990881524325,+0000.6497224426845616
+0000.0370059499987530,+0000.0000000000000000,+0000.0000000000000000,+0000.3292322959009147,+0000.6337617541003323
+0000.0373186047898431,+0000.0000000000000000,+0000.0000000000000000,+0000.3510711613870571,+0000.6116102338230999
+0000.0375156967144596,+0000.0000000000000000,+0000.0000000000000000,+0000.3776380652160835,+0000.5848462380694571
+0000.0373710452626991,+0000.0000000000000000,+0000.0000000000000000,+0000.4066052531444177,+0000.5560237015928831
+0000.0366790789871648,+0000.0000000000000000,+0000.0000000000000000,+0000.4347853461817065,+0000.5285355748311285
+0000.0353206516597460,+0000.0000000000000000,+0000.0000000000000000,+0000.4587260894152160,+0000.5059532589250381
+0000.0333150517067695,+0000.0000000000000000,+0000.0000000000000000,+0000.4756885034793850,+0000.4909964448138457
+0000.0308199598062749,+0000.0000000000000000,+0000.0000000000000000,+0000.4845007864223950,+0000.4846792537713301
+0000.0280737317315342,+0000.0000000000000000,+0000.0000000000000000,+0000.4857630056753627,+0000.4861632625931032
+0000.0253161219791322,+0000.0000000000000000,+0000.0000000000000000,+0000.4813461354675092,+0000.4933377425533587
+0000.0227309764042759,+0000.0000000000000000,+0000.0000000000000000,+0000.4735967731339775,+0000.5036722504617466
+0000.0204276137374521,+0000.0000000000000000,+0000.0000000000000000,+0000.4646937692793373,+0000.5148786169832108
+0000.0184507617441064,+0000.0000000000000000,+0000.0000000000000000,+0000.4563323068622405,+0000.5252169313936529
+0000.0168013122156569,+0000.0000000000000000,+0000.0000000000000000,+0000.4496744835993012,+0000.5335242041850419
+0000.0154558276345310,+0000.0000000000000000,+0000.0000000000000000,+0000.4454333525521572,+0000.5391108198133117
+0000.0143803005972154,+0000.0000000000000000,+0000.0000000000000000,+0000.4439880371091811,+0000.5416316622936037
+0000.0135381489922789,+0000.0000000000000000,+0000.0000000000000000,+0000.4454781644490415,+0000.5409836865586799
+0000.0128939639264501,+0000.0000000000000000,+0000.0000000000000000,+0000.4498607008361201,+0000.5372453352374298
+0000.0124145699349334,+0000.0000000000000000,+0000.0000000000000000,+0000.4569291315974058,+0000.5306562984676607
+0000.0120685610043867,+0000.0000000000000000,+0000.0000000000000000,+0000.4663017462787293,+0000.5216296927168840
+0000.0118251180616419,+0000.0000000000000000,+0000.0000000000000000,+0000.4773898719252088,+0000.5107850100131492
+0000.0116527333007287,+0000.0000000000000000,+0000.0000000000000000,+0000.4893625864889859,+0000.4989846802102856
+0000.0115184470149763,+0000.0000000000000000,+0000.0000000000000000,+0000.5011327833308242,+0000.4873487696541994
+0000.0113882315481287,+0000.0000000000000000,+0000.0000000000000000,+0000.5113971226588254,+0000.4772146457930458
+0000.0112290380440385,+0000.0000000000000000,+0000.0000000000000000,+0000.5187606411012693,+0000.4700103208546919
+0000.0110125396903705,+0000.0000000000000000,+0000.0000000000000000,+0000.5219542404381542,+0000.4670332198714754
+0000.0107197297618886,+0000.0000000000000000,+0000.0000000000000000,+0000.5201068652768048,+0000.4691734049613064
+0000.0103446593020815,+0000.0000000000000000,+0000.0000000000000000,+0000.5129834401765018,+0000.4766719005214166
+0000.0098954633152332,+0000.0000000000000000,+0000.0000000000000000,+0000.5010848594722672,+0000.4890196772124996
+0000.0093918589790142,+0000.0000000000000000,+0000.0000000000000000,+0000.4855553631820059,+0000.5050527778389797
+0000.0088599837459921,+0000.0000000000000000,+0000.0000000000000000,+0000.4679327580625027,+0000.5232072581915053
+0000.0083265926409089,+0000.0000000000000000,+0000.0000000000000000,+0000.4498451766904749,+0000.5418282306686164
+0000.0078145250582755,+0000.0000000000000000,+0000.0000000000000000,+0000.4327603057274379,+0000.5594251692142864
+0000.0073403234959959,+0000.0000000000000000,+0000.0000000000000000,+0000.4178420834116118,+0000.5748175930923924
+0000.0069138151582491,+0000.0000000000000000,+0000.0000000000000000,+0000.4059114210615820,+0000.5871747637801691
+0000.0065389184547662,+0000.0000000000000000,+0000.0000000000000000,+0000.3974743162604554,+0000.5959867652847785
+0000.0062149205080907,+0000.0000000000000000,+0000.0000000000000000,+0000.3927762126037768,+0000.6010088668881326
+0000.0059377229829306,+0000.0000000000000000,+0000.0000000000000000,+0000.3918527717168466,+0000.6022095053002232
+0000.0057008350887042,+0000.0000000000000000,+0000.0000000000000000,+0000.3945618253826685,+0000.5997373395286273
+0000.0054960985691209,+0000.0000000000000000,+0000.0000000000000000,+0000.4005933449113145,+0000.5939105565195645
+0000.0053142475456360,+0000.0000000000000000,+0000.0000000000000000,+0000.4094632213518282,+0000.5852225311025359
+0000.0051454543768861,+0000.0000000000000000,+0000.0000000000000000,+0000.4205036345404354,+0000.5743509110826787
+0000.0049800022814814,+0000.0000000000000000,+0000.0000000000000000,+0000.4328679310359843,+0000.5621520666825340
+0000.0048091540125236,+0000.0000000000000000,+0000.0000000000000000,+0000.4455690712219157,+0000.5496217747655604
+0000.0046261558850230,+0000.0000000000000000,+0000.0000000000000000,+0000.4575640974326918,+0000.5378097466822854
+0000.0044271643730097,+0000.0000000000000000,+0000.0000000000000000,+0000.4678806637232940,+0000.5276921719036962
+0000.0042117895904617,+0000.0000000000000000,+0000.0000000000000000,+0000.4757596738230878,+0000.5200285365864503
+0000.0039830027752856,+0000.0000000000000000,+0000.0000000000000000,+0000.4807722032740981,+0000.5152447939506164
+0000.0037463653921360,+0000.0000000000000000,+0000.0000000000000000,+0000.4828716107636866,+0000.5133820238441777
+0000.0035088005034909,+0000.0000000000000000,+0000.0000000000000000,+0000.4823649888246961,+0000.5141262106718130
+0000.0032772851142038,+0000.0000000000000000,+0000.0000000000000000,+0000.4798190097821479,+0000.5169037051036481
+0000.0030578117093946,+0000.0000000000000000,+0000.0000000000000000,+0000.4759357388509280,+0000.5210064494396776
+0000.0028547971488761,+0000.0000000000000000,+0000.0000000000000000,+0000.4714351376004174,+0000.5257100652507065
+0000.0026709277300969,+0000.0000000000000000,+0000.0000000000000000,+0000.4669674557497052,+0000.5303616165201978
+0000.0025073118495860,+0000.0000000000000000,+0000.0000000000000000,+0000.4630616787325684,+0000.5344310094178457
+0000.0023637848538493,+0000.0000000000000000,+0000.0000000000000000,+0000.4601041156162074,+0000.5375320995299433
+0000.0022392430334746,+0000.0000000000000000,+0000.0000000000000000,+0000.4583364117248332,+0000.5394243452416925
+0000.0021319351963624,+0000.0000000000000000,+0000.0000000000000000,+0000.4578629245559923,+0000.5400051402476456
+0000.0020396853713406,+0000.0000000000000000,+0000.0000000000000000,+0000.4586606748565838,+0000.5392996397720754
+0000.0019600503032736,+0000.0000000000000000,+0000.0000000000000000,+0000.4605889232782947,+0000.5374510264184319
+0000.0018904316260291,+0000.0000000000000000,+0000.0000000000000000,+0000.4633988264533581,+0000.5347107419206129
+0000.0018281687898622,+0000.0000000000000000,+0000.0000000000000000,+0000.4667461963677271,+0000.5314256348424105
+0000.0017706377388294,+0000.0000000000000000,+0000.0000000000000000,+0000.4702118082537241,+0000.5280175540074467
+0000.0017153728243839,+0000.0000000000000000,+0000.0000000000000000,+0000.4733334780072043,+0000.5249511491684118
+0000.0016602156346555,+0000.0000000000000000,+0000.0000000000000000,+0000.4756517154731477,+0000.5226880688921969
+0000.0016034760566071,+0000.0000000000000000,+0000.0000000000000000,+0000.4767661057678290,+0000.5216304181755640
+0000.0015440733026617,+0000.0000000000000000,+0000.0000000000000000,+0000.4763938102888967,+0000.5220621164084416
+0000.0014816162550154,+0000.0000000000000000,+0000.0000000000000000,+0000.4744172082878628,+0000.5241011754571220
+0000.0014163905542381,+0000.0000000000000000,+0000.0000000000000000,+0000.4709075906732527,+0000.5276760187725089
+0000.0013492443488418,+0000.0000000000000000,+0000.0000000000000000,+0000.4661172491393071,+0000.5325335065118509
+0000.0012813956486577,+0000.0000000000000000,+0000.0000000000000000,+0000.4604414784441936,+0000.5382771259071488
+0000.0012142069646732,+0000.0000000000000000,+0000.0000000000000000,+0000.4543607005799861,+0000.5444250924553408
+0000.0011489771566374,+0000.0000000000000000,+0000.0000000000000000,+0000.4483771370858288,+0000.5504738857575338
+0000.0010867867649758,+0000.0000000000000000,+0000.0000000000000000,+0000.4429589692374313,+0000.5559542439975930
+0000.0010284109927681,+0000.0000000000000000,+0000.0000000000000000,+0000.4384995822885186,+0000.5604720067187132
+0000.0009742947712458,+0000.0000000000000000,+0000.0000000000000000,+0000.4352934516421500,+0000.5637322535866043
+0000.0009245731964572,+0000.0000000000000000,+0000.0000000000000000,+0000.4335259321873455,+0000.5655494946161970
+0000.0008791184262138,+0000.0000000000000000,+0000.0000000000000000,+0000.4332724884992138,+0000.5658483930745725
+0000.0008375977482822,+0000.0000000000000000,+0000.0000000000000000,+0000.4345033100948676,+0000.5646590921568503
+0000.0007995332600426,+0000.0000000000000000,+0000.0000000000000000,+0000.4370908439233741,+0000.5621096228165835
+0000.0007643587801155,+0000.0000000000000000,+0000.0000000000000000,+0000.4408196543124501,+0000.5584159869074344
+0000.0007314729477548,+0000.0000000000000000,+0000.0000000000000000,+0000.4453995450774104,+0000.5538689819748350
+0000.0007002886752590,+0000.0000000000000000,+0000.0000000000000000,+0000.4504836213293163,+0000.5488160899954249
+0000.0006702785418831,+0000.0000000000000000,+0000.0000000000000000,+0000.4556926666504038,+0000.5436370548077132
+0000.0006410140933093,+0000.0000000000000000,+0000.0000000000000000,+0000.4606458148988726,+0000.5387131710078179
+0000.0006121953511301,+0000.0000000000000000,+0000.0000000000000000,+0000.4649952994597600,+0000.5343925051891101
+0000.0005836662138624,+0000.0000000000000000,+0000.0000000000000000,+0000.4684607827517003,+0000.5309555510344375
+0000.0005554125809744,+0000.0000000000000000,+0000.0000000000000000,+0000.4708573936393735,+0000.5285871937796520
+0000.0005275429225182,+0000.0000000000000000,+0000.0000000000000000,+0000.4721119602097368,+0000.5273604968677450
+0000.0005002547094314,+0000.0000000000000000,+0000.0000000000000000,+0000.4722641811418009,+0000.5272355641487678
+0000.0004737931532524,+0000.0000000000000000,+0000.0000000000000000,+0000.4714529049588524,+0000.5280733018878951
+0000.0004484098639889,+0000.0000000000000000,+0000.0000000000000000,+0000.4698909851088999,+0000.5296606050271114
+0000.0004243279959260,+0000.0000000000000000,+0000.0000000000000000,+0000.4678341647403217,+0000.5317415072637524
+0000.0004017178624979,+0000.0000000000000000,+0000.0000000000000000,+0000.4655496314165715,+0000.5340486507209308
+0000.0003806840131978,+0000.0000000000000000,+0000.0000000000000000,+0000.4632885962856393,+0000.5363307197011626
+0000.0003612623926981,+0000.0000000000000000,+0000.0000000000000000,+0000.4612652972048460,+0000.5383734404024558
+0000.0003434249361876,+0000.0000000000000000,+0000.0000000000000000,+0000.4596430005524367,+0000.5400135745113758
+0000.0003270887509501,+0000.0000000000000000,+0000.0000000000000000,+0000.4585263638973809,+0000.5411465473516690
+0000.0003121275359152,+0000.0000000000000000,+0000.0000000000000000,+0000.4579590292664406,+0000.5417288431976439
+0000.0002983836797722,+0000.0000000000000000,+0000.0000000000000000,+0000.4579253912980760,+0000.5417762250221517
+0000.0002856802272779,+0000.0000000000000000,+0000.0000000000000000,+0000.4583558616993245,+0000.5413584580733976
+0000.0002738324226231,+0000.0000000000000000,+0000.0000000000000000,+0000.4591353629082308,+0000.5405908046691462
+0000.0002626587584276,+0000.0000000000000000,+0000.0000000000000000,+0000.4601150121741366,+0000.5396223290674360
+0000.0002519913988514,+0000.0000000000000000,+0000.0000000000000000,+0000.4611268630641082,+0000.5386211455370405
+0000.0002416855929690,+0000.0000000000000000,+0000.0000000000000000,+0000.4620011198595171,+0000.5377571945475138
+0000.0002316273898890,+0000.0000000000000000,+0000.0000000000000000,+0000.4625845289468995,+0000.5371838436632115
+0000.0002217387766069,+0000.0000000000000000,+0000.0000000000000000,+0000.4627579149519692,+0000.5370203462714239
+0000.0002119794271739,+0000.0000000000000000,+0000.0000000000000000,+0000.4624503873902036,+0000.5373376331826227
+0000.0002023446352129,+0000.0000000000000000,+0000.0000000000000000,+0000.4616478783462882,+0000.5381497770184990
+0000.0001928596277850,+0000.0000000000000000,+0000.0000000000000000,+0000.4603944802603550,+0000.5394126601118600
+0000.0001835711350392,+0000.0000000000000000,+0000.0000000000000000,+0000.4587863599797548,+0000.5410300688852059
+0000.0001745375850145,+0000.0000000000000000,+0000.0000000000000000,+0000.4569594313051629,+0000.5428660311098227
+0000.0001658194423914,+0000.0000000000000000,+0000.0000000000000000,+0000.4550730259163450,+0000.5447611546412635
+0000.0001574709907247,+0000.0000000000000000,+0000.0000000000000000,+0000.4532922214550523,+0000.5465503075542233
+0000.0001495343836503,+0000.0000000000000000,+0000.0000000000000000,+0000.4517712440765703,+0000.5480792215397794
+0000.0001420362428308,+0000.0000000000000000,+0000.0000000000000000,+0000.4506396734346900,+0000.5492182903224792
+0000.0001349866208676,+0000.0000000000000000,+0000.0000000000000000,+0000.4499923512771571,+0000.5498726621019754
+0000.0001283798637252,+0000.0000000000000000,+0000.0000000000000000,+0000.4498831950996046,+0000.5499884250366703
+0000.0001221968058497,+0000.0000000000000000,+0000.0000000000000000,+0000.4503226827855827,+0000.5495551204085672
+0000.0001164077642458,+0000.0000000000000000,+0000.0000000000000000,+0000.4512786072348676,+0000.5486049850008866
+0000.0001109758992138,+0000.0000000000000000,+0000.0000000000000000,+0000.4526797158977524,+0000.5472093082030340
+0000.0001058606221845,+0000.0000000000000000,+0000.0000000000000000,+0000.4544219278839556,+0000.5454722114938600
+0000.0001010208202281,+0000.0000000000000000,+0000.0000000000000000,+0000.4563768500754299,+0000.5435221291043418
+0000.0000964177211232,+0000.0000000000000000,+0000.0000000000000000,+0000.4584022233269998,+0000.5415013589518769
+0000.0000920172498259,+0000.0000000000000000,+0000.0000000000000000,+0000.4603537085339214,+0000.5395542742162526
+0000.0000877917450410,+0000.0000000000000000,+0000.0000000000000000,+0000.4620971214189254,+0000.5378150868360333
+0000.0000837209334784,+0000.0000000000000000,+0000.0000000000000000,+0000.4635199473683886,+0000.5363963316981329
+0000.0000797921127274,+0000.0000000000000000,+0000.0000000000000000,+0000.4645408368491369,+0000.5353793710381355
+0000.0000759995721621,+0000.0000000000000000,+0000.0000000000000000,+0000.4651158948044880,+0000.5348081056233499
+0000.0000723433716272,+0000.0000000000000000,+0000.0000000000000000,+0000.4652409591589761,+0000.5346866974693965
+0000.0000688276774488,+0000.0000000000000000,+0000.0000000000000000,+0000.4649496465290560,+0000.5349815257934952
+0000.0000654589023316,+0000.0000000000000000,+0000.0000000000000000,+0000.4643075854526355,+0000.5356269556450329
+0000.0000622438972960,+0000.0000000000000000,+0000.0000000000000000,+0000.4634037954759200,+0000.5365339606267840
+0000.0000591884018031,+0000.0000000000000000,+0000.0000000000000000,+0000.4623404814597821,+0000.5376003301384150
+0000.0000562958872233,+0000.0000000000000000,+0000.0000000000000000,+0000.4612225550011318,+0000.5387211491116448
+0000.0000535668493993,+0000.0000000000000000,+0000.0000000000000000,+0000.4601480111259113,+0000.5397984220246891
+0000.0000509985368293,+0000.0000000000000000,+0000.0000000000000000,+0000.4591999734878855,+0000.5407490279752853
+0000.0000485850531584,+0000.0000000000000000,+0000.0000000000000000,+0000.4584408794345016,+0000.5415105355123400
+0000.0000463177487006,+0000.0000000000000000,+0000.0000000000000000,+0000.4579089853507408,+0000.5420446969005585
+0000.0000441858113539,+0000.0000000000000000,+0000.0000000000000000,+0000.4576171680103157,+0000.5423386461783303
+0000.0000421769750338,+0000.0000000000000000,+0000.0000000000000000,+0000.4575538747052506,+0000.5424039483197155
+0000.0000402782761140,+0000.0000000000000000,+0000.0000000000000000,+0000.4576860034729869,+0000.5422737182508994
+0000.0000384767999858,+0000.0000000000000000,+0000.0000000000000000,+0000.4579634367696998,+0000.5419980864303142
+0000.0000367603683475,+0000.0000000000000000,+0000.0000000000000000,+0000.4583248776285398,+0000.5416383620031126
+0000.0000351181236518,+0000.0000000000000000,+0000.0000000000000000,+0000.4587045362541652,+0000.5412603456221829
+0000.0000335409726343,+0000.0000000000000000,+0000.0000000000000000,+0000.4590391006623468,+0000.5409273583650187
+0000.0000320218589624,+0000.0000000000000000,+0000.0000000000000000,+0000.4592743315364831,+0000.5406936466045545
+0000.0000305558478951,+0000.0000000000000000,+0000.0000000000000000,+0000.4593705923650604,+0000.5405988517870444
+0000.0000291400236133,+0000.0000000000000000,+0000.0000000000000000,+0000.4593066968659855,+0000.5406641631104010
+0000.0000277732203498,+0000.0000000000000000,+0000.0000000000000000,+0000.4590816379239798,+0000.5408905888556705
+0000.0000264556276643,+0000.0000000000000000,+0000.0000000000000000,+0000.4587140333474151,+0000.5412595110249204
+0000.0000251883237670,+0000.0000000000000000,+0000.0000000000000000,+0000.4582394314803145,+0000.5417353801959182
+0000.0000239727955424,+0000.0000000000000000,+0000.0000000000000000,+0000.4577058985357432,+0000.5422701286687144
+0000.0000228104990873,+0000.0000000000000000,+0000.0000000000000000,+0000.4571685027324027,+0000.5428086867685098
+0000.0000217025019382,+0000.0000000000000000,+0000.0000000000000000,+0000.4566833879887104,+0000.5432949095093512
+0000.0000206492312519,+0000.0000000000000000,+0000.0000000000000000,+0000.4563020951947084,+0000.5436772555740397
+0000.0000196503349908,+0000.0000000000000000,+0000.0000000000000000,+0000.4560666715547999,+0000.5439136781102095
+0000.0000187046488093,+0000.0000000000000000,+0000.0000000000000000,+0000.4560059496627198,+0000.5439753456884709
+0000.0000178102515423,+0000.0000000000000000,+0000.0000000000000000,+0000.4561332159353516,+0000.5438489738131064
+0000.0000169645871631,+0000.0000000000000000,+0000.0000000000000000,+0000.4564453473914312,+0000.5435376880214058
+0000.0000161646299472,+0000.0000000000000000,+0000.0000000000000000,+0000.4569233848215460,+0000.5430604505485066
+0000.0000154070710267,+0000.0000000000000000,+0000.0000000000000000,+0000.4575344245786048,+0000.5424501683503685
+0000.0000146885073073,+0000.0000000000000000,+0000.0000000000000000,+0000.4582346398366552,+0000.5417506716560374
+0000.0000140056169593,+0000.0000000000000000,+0000.0000000000000000,+0000.4589731756406021,+0000.5410128187424387
+0000.0000133553089779,+0000.0000000000000000,+0000.0000000000000000,+0000.4596965973502138,+0000.5402900473408085
+0000.0000127348375985,+0000.0000000000000000,+0000.0000000000000000,+0000.4603535149318054,+0000.5396337502305961
+0000.0000121418757750,+0000.0000000000000000,+0000.0000000000000000,+0000.4608989691783328,+0000.5390888889458920
+0000.0000115745456126,+0000.0000000000000000,+0000.0000000000000000,+0000.4612981663731388,+0000.5386902590812487
+0000.0000110314074997,+0000.0000000000000000,+0000.0000000000000000,+0000.4615291975309170,+0000.5384597710615835
+0000.0000105114134258,+0000.0000000000000000,+0000.0000000000000000,+0000.4615844798112170,+0000.5384050087753574
+0000.0000100138331062,+0000.0000000000000000,+0000.0000000000000000,+0000.4614708007517415,+0000.5385191854151522
+0000.0000095381635977,+0000.0000000000000000,+0000.0000000000000000,+0000.4612080087175243,+0000.5387824531188784
+0000.0000090840337208,+0000.0000000000000000,+0000.0000000000000000,+0000.4608265474596353,+0000.5391643685066441
+0000.0000086511137763,+0000.0000000000000000,+0000.0000000000000000,+0000.4603641527781898,+0000.5396271961080339
+0000.0000082390389775,+0000.0000000000000000,+0000.0000000000000000,+0000.4598620977324518,+0000.5401296632285707
+0000.0000078473522098,+0000.0000000000000000,+0000.0000000000000000,+0000.4593613849708519,+0000.5406307676769382
+0000.0000074754687034,+0000.0000000000000000,+0000.0000000000000000,+0000.4588992478180319,+0000.5410932767132648
+0000.0000071226624618,+0000.0000000000000000,+0000.0000000000000000,+0000.4585062507541023,+0000.5414866265834360
+0000.0000067880721427,+0000.0000000000000000,+0000.0000000000000000,+0000.4582041920168319,+0000.5417890199110255
+0000.0000064707226623,+0000.0000000000000000,+0000.0000000000000000,+0000.4580049207622482,+0000.5419886085150896
+0000.0000061695580583,+0000.0000000000000000,+0000.0000000000000000,+0000.4579100977409306,+0000.5420837327010113
+0000.0000058834809646,+0000.0000000000000000,+0000.0000000000000000,+0000.4579118555064469,+0000.5420822610125886
+0000.0000056113942568,+0000.0000000000000000,+0000.0000000000000000,+0000.4579942517027566,+0000.5420001369029864
+0000.0000053522408978,+0000.0000000000000000,+0000.0000000000000000,+0000.4581353556833174,+0000.5418592920757848
+0000.0000051050386381,+0000.0000000000000000,+0000.0000000000000000,+0000.4583097644235350,+0000.5416851305378266
+0000.0000048689069890,+0000.0000000000000000,+0000.0000000000000000,+0000.4584913106849381,+0000.5415038204080729
+0000.0000046430847425,+0000.0000000000000000,+0000.0000000000000000,+0000.4586557093147836,+0000.5413396476004743
+0000.0000044269372615,+0000.0000000000000000,+0000.0000000000000000,+0000.4587828919320924,+0000.5412126811306460
+0000.0000042199537460,+0000.0000000000000000,+0000.0000000000000000,+0000.4588588101068323,+0000.5411369699394216
+0000.0000040217356132,+0000.0000000000000000,+0000.0000000000000000,+0000.4588765427419979,+0000.5411194355223889
+0000.0000038319779254,+0000.0000000000000000,+0000.0000000000000000,+0000.4588366198384815,+0000.5411595481835934
+0000.0000036504463314,+0000.0000000000000000,+0000.0000000000000000,+0000.4587465624131358,+0000.5412497871405327
+0000.0000034769522137,+0000.0000000000000000,+0000.0000000000000000,+0000.4586197243838573,+0000.5413767986639290
+0000.0000033113286158,+0000.0000000000000000,+0000.0000000000000000,+0000.4584735941370048,+0000.5415230945343793
+0000.0000031534091171,+0000.0000000000000000,+0000.0000000000000000,+0000.4583277617167006,+0000.5416690848741819
+0000.0000030030112118,+0000.0000000000000000,+0000.0000000000000000,+0000.4582017776025172,+0000.5417952193862713
+0000.0000028599250496,+0000.0000000000000000,+0000.0000000000000000,+0000.4581131217297539,+0000.5418840183451963
+0000.0000027239077178,+0000.0000000000000000,+0000.0000000000000000,+0000.4580754718513951,+0000.5419218042408869
+0000.0000025946826681,+0000.0000000000000000,+0000.0000000000000000,+0000.4580974158542880,+0000.5418999894630436
+0000.0000024719434757,+0000.0000000000000000,+0000.0000000000000000,+0000.4581817006590250,+0000.5418158273974992
+0000.0000023553608586,+0000.0000000000000000,+0000.0000000000000000,+0000.4583250569175326,+0000.5416725877216088
+0000.0000022445917832,+0000.0000000000000000,+0000.0000000000000000,+0000.4585185879798384,+0000.5414791674283783
+0000.0000021392894980,+0000.0000000000000000,+0000.0000000000000000,+0000.4587486659268128,+0000.5412491947836890
+0000.0000020391134452,+0000.0000000000000000,+0000.0000000000000000,+0000.4589982382960976,+0000.5409997225904571
+0000.0000019437381655,+0000.0000000000000000,+0000.0000000000000000,+0000.4592484177719747,+0000.5407496384898600
+0000.0000018528605201,+0000.0000000000000000,+0000.0000000000000000,+0000.4594802052770213,+0000.5405179418624585
+0000.0000017662047790,+0000.0000000000000000,+0000.0000000000000000,+0000.4596761867259767,+0000.5403220470692445
+0000.0000016835253644,+0000.0000000000000000,+0000.0000000000000000,+0000.4598220472322709,+0000.5401762692423647
+0000.0000016046072680,+0000.0000000000000000,+0000.0000000000000000,+0000.4599077649359440,+0000.5400906304567881
+0000.0000015292643683,+0000.0000000000000000,+0000.0000000000000000,+0000.4599283792448430,+0000.5400700914907890
+0000.0000014573360476,+0000.0000000000000000,+0000.0000000000000000,+0000.4598842723204571,+0000.5401142703434954
+0000.0000013886826215,+0000.0000000000000000,+0000.0000000000000000,+0000.4597809531598080,+0000.5402176581575705
+0000.0000013231801531,+0000.0000000000000000,+0000.0000000000000000,+0000.4596283843385680,+0000.5403702924812789
+0000.0000012607152089,+0000.0000000000000000,+0000.0000000000000000,+0000.4594399359460665,+0000.5405588033387245
+0000.0000012011800476,+0000.0000000000000000,+0000.0000000000000000,+0000.4592310841367196,+0000.5407677146832327
+0000.0000011444686231,+0000.0000000000000000,+0000.0000000000000000,+0000.4590179898049857,+0000.5409808657263914
+0000.0000010904736421,+0000.0000000000000000,+0000.0000000000000000,+0000.4588160954008675,+0000.5411828141254906
+0000.0000010390847836,+0000.0000000000000000,+0000.0000000000000000,+0000.4586388663328816,+0000.5413600945823348
+0000.0000009901880528,+0000.0000000000000000,+0000.0000000000000000,+0000.4584967808170246,+0000.5415022289949226
+0000.0000009436661410,+0000.0000000000000000,+0000.0000000000000000,+0000.4583966421872148,+0000.5416024141466440
+0000.0000008993995896,+0000.0000000000000000,+0000.0000000000000000,+0000.4583412542820769,+0000.5416578463183336
+0000.0000008572685115,+0000.0000000000000000,+0000.0000000000000000,+0000.4583294667116877,+0000.5416696760198008
+0000.0000008171546102,+0000.0000000000000000,+0000.0000000000000000,+0000.4583565650335906,+0000.5416426178117990
+0000.0000007789432501,+0000.0000000000000000,+0000.0000000000000000,+0000.4584149529886830,+0000.5415842680680669
+0000.0000007425253562,+0000.0000000000000000,+0000.0000000000000000,+0000.4584950514585726,+0000.5415042060160710
+0000.0000007077989709,+0000.0000000000000000,+0000.0000000000000000,+0000.4585863230179129,+0000.5414129691831162
+0000.0000006746703443,+0000.0000000000000000,+0000.0000000000000000,+0000.4586783230268826,+0000.5413210023027731
+0000.0000006430544935,+0000.0000000000000000,+0000.0000000000000000,+0000.4587616789949110,+0000.5412376779505956
+0000.0000006128752229,+0000.0000000000000000,+0000.0000000000000000,+0000.4588289097175485,+0000.5411704774072286
+0000.0000005840646497,+0000.0000000000000000,+0000.0000000000000000,+0000.4588750138402847,+0000.5411244020950656
+0000.0000005565623214,+0000.0000000000000000,+0000.0000000000000000,+0000.4588977823923128,+0000.5411016610453661
+0000.0000005303140412,+0000.0000000000000000,+0000.0000000000000000,+0000.4588978188377795,+0000.5411016508481793
+0000.0000005052705356,+0000.0000000000000000,+0000.0000000000000000,+0000.4588782800284219,+0000.5411212147010426
+0000.0000004813860948,+0000.0000000000000000,+0000.0000000000000000,+0000.4588443786739700,+0000.5411551399399354
+0000.0000004586173054,+0000.0000000000000000,+0000.0000000000000000,+0000.4588027095579263,+0000.5411968318247682
+0000.0000004369219718,+0000.0000000000000000,+0000.0000000000000000,+0000.4587604755962750,+0000.5412390874817534
+0000.0000004162582886,+0000.0000000000000000,+0000.0000000000000000,+0000.4587246950105292,+0000.5412748887311822
+0000.0000003965842973,+0000.0000000000000000,+0000.0000000000000000,+0000.4587014675849075,+0000.5412981358307950
+0000.0000003778576274,+0000.0000000000000000,+0000.0000000000000000,+0000.4586953673831283,+0000.5413042547592446
+0000.0000003600354965,+0000.0000000000000000,+0000.0000000000000000,+0000.4587090132150753,+0000.5412906267494283
+0000.0000003430749242,+0000.0000000000000000,+0000.0000000000000000,+0000.4587428486260531,+0000.5412568082990230
+0000.0000003269331018,+0000.0000000000000000,+0000.0000000000000000,+0000.4587951422571981,+0000.5412045308097001
+0000.0000003115678567,+0000.0000000000000000,+0000.0000000000000000,+0000.4588621989139291,+0000.5411374895182144
+0000.0000002969381470,+0000.0000000000000000,+0000.0000000000000000,+0000.4589387531295527,+0000.5410609499322999
+0000.0000002830045344,+0000.0000000000000000,+0000.0000000000000000,+0000.4590185017091971,+0000.5409812152862684
+0000.0000002697295865,+0000.0000000000000000,+0000.0000000000000000,+0000.4590947207267476,+0000.5409050095436659
+0000.0000002570781791,+0000.0000000000000000,+0000.0000000000000000,+0000.4591609065103113,+0000.5408388364115093
+0000.0000002450176754,+0000.0000000000000000,+0000.0000000000000000,+0000.4592113797589832,+0000.5407883752233413
+0000.0000002335179797,+0000.0000000000000000,+0000.0000000000000000,+0000.4592417971412192,+0000.5407579693408013
+0000.0000002225514701,+0000.0000000000000000,+0000.0000000000000000,+0000.4592495250831401,+0000.5407502523653900
+0000.0000002120928287,+0000.0000000000000000,+0000.0000000000000000,+0000.4592338449679854,+0000.5407659429391857
+0000.0000002021187924,+0000.0000000000000000,+0000.0000000000000000,+0000.4591959761459007,+0000.5408038217353069
+0000.0000001926078552,+0000.0000000000000000,+0000.0000000000000000,+0000.4591389211669977,+0000.5408608862251472
+0000.0000001835399506,+0000.0000000000000000,+0000.0000000000000000,+0000.4590671545691454,+0000.5409326618909038
+0000.0000001748961430,+0000.0000000000000000,+0000.0000000000000000,+0000.4589861906133069,+0000.5410136344905500
+0000.0000001666583512,+0000.0000000000000000,+0000.0000000000000000,+0000.4589020752139908,+0000.5410977581276578
+0000.0000001588091216,+0000.0000000000000000,+0000.0000000000000000,+0000.4588208521858266,+0000.5411789890050518
+0000.0000001513314616,+0000.0000000000000000,+0000.0000000000000000,+0000.4587480536719007,+0000.5412517949966376
+0000.0000001442087359,+0000.0000000000000000,+0000.0000000000000000,+0000.4586882596600713,+0000.5413115961311928
+0000.0000001374246233,+0000.0000000000000000,+0000.0000000000000000,+0000.4586447626935185,+0000.5413550998818581
+0000.0000001309631248,+0000.0000000000000000,+0000.0000000000000000,+0000.4586193623749623,+0000.5413805066619131
+0000.0000001248086135,+0000.0000000000000000,+0000.0000000000000000,+0000.4586123012913754,+0000.5413875739000108
+0000.0000001189459094,+0000.0000000000000000,+0000.0000000000000000,+0000.4586223407679962,+0000.5413775402860943
+0000.0000001133603680,+0000.0000000000000000,+0000.0000000000000000,+0000.4586469625115034,+0000.5413529241281283
+0000.0000001080379680,+0000.0000000000000000,+0000.0000000000000000,+0000.4586826716822592,+0000.5413172202797726
+0000.0000001029653872,+0000.0000000000000000,+0000.0000000000000000,+0000.4587253690201397,+0000.5412745280144732
+0000.0000000981300581,+0000.0000000000000000,+0000.0000000000000000,+0000.4587707549023516,+0000.5412291469675903
+0000.0000000935201980,+0000.0000000000000000,+0000.0000000000000000,+0000.4588147269555211,+0000.5411851795242807
+0000.0000000891248117,+0000.0000000000000000,+0000.0000000000000000,+0000.4588537351184679,+0000.5411461757567203
+0000.0000000849336660,+0000.0000000000000000,+0000.0000000000000000,+0000.4588850635880375,+0000.5411148514782963
+0000.0000000809372426,+0000.0000000000000000,+0000.0000000000000000,+0000.4589070172986418,+0000.5410929017641153
+0000.0000000771266708,+0000.0000000000000000,+0000.0000000000000000,+0000.4589190006337573,+0000.5410809222395718
