+0001.0000000000000000,+0000.0000000000000000,+0000.0000000000000000,+0000.0000000000000000,+0000.0000000000000000,+0000.0000000000000000,+0000.0000000000000000,+0000.0000000000000000,+0000.0000000000000000,+0000.0000000000000000,+0000.0000000000000000,+0000.0000000000000000
+0000.9999518095883029,+0000.0000240945526884,+0000.0000216856199457,+0000.0000000001451485,+0000.0000000005805801,+0000.0000000000000003,+0000.0000000000000056,+0000.0000000000000000,+0000.0000000000000006,+0000.0000024095133273,+0000.0000000000000000,+0000.0000000000000001
+0000.9998097232738423,+0000.0000963643373744,+0000.0000823422440193,+0000.0000000022046219,+0000.0000000092881722,+0000.0000000000000212,+0000.0000000000003535,+0000.0000000000000022,+0000.0000000000000359,+0000.0000115586515517,+0000.0000000000000002,+0000.0000000000000040
+0000.9995761219512068,+0000.0002167679170970,+0000.0001759443684385,+0000.0000000107206603,+0000.0000000470120965,+0000.0000000000002298,+0000.0000000000039411,+0000.0000000000000249,+0000.0000000000004264,+0000.0000311080258226,+0000.0000000000000030,+0000.0000000000000514
+0000.9992532876121494,+0000.0003852365964153,+0000.0002971678946379,+0000.0000000326493777,+0000.0000001485407371,+0000.0000000000012259,+0000.0000000000216270,+0000.0000000000001450,+0000.0000000000025464,+0000.0000641266807824,+0000.0000000000000191,+0000.0000000000003344
+0000.9988434082549614,+0000.0006016747266107,+0000.0004413157195619,+0000.0000000769191560,+0000.0000003625215293,+0000.0000000000044418,+0000.0000000000805181,+0000.0000000000005747,+0000.0000000000103436,+0000.0001131617607337,+0000.0000000000000830,+0000.0000000000014836
+0000.9983485825861919,+0000.0008659600115080,+0000.0006042509133262,+0000.0000001540448429,+0000.0000007514058945,+0000.0000000000126004,+0000.0000000002345810,+0000.0000000000017773,+0000.0000000000327673,+0000.0001803007511033,+0000.0000000000002805,+0000.0000000000051245
+0000.9977708245210100,+0000.0011779438143991,+0000.0007823367248173,+0000.0000002757915489,+0000.0000013913796557,+0000.0000000000301937,+0000.0000000005770866,+0000.0000000000046189,+0000.0000000000871993,+0000.0002672270538608,+0000.0000000000007937,+0000.0000000000148133
+0000.9971120674885505,+0000.0015374514665191,+0000.0009723827311316,+0000.0000004548824871,+0000.0000023722794459,+0000.0000000000639482,+0000.0000000012544578,+0000.0000000000105518,+0000.0000000002039251,+0000.0003752695795420,+0000.0000000000019661,+0000.0000000000374716
+0000.9963741685486163,+0000.0019442825774934,+0000.0011715965146466,+0000.0000007047458840,+0000.0000037974956006,+0000.0000000001232580,+0000.0000000024811464,+0000.0000000000218225,+0000.0000000004316472,+0000.0005054469700583,+0000.0000000000043908,+0000.0000000000854324
+0000.9955589123261016,+0000.0023982113481426,+0000.0013775403127039,+0000.0000010392965145,+0000.0000057838620078,+0000.0000000002205681,+0000.0000000045552183,+0000.0000000000416970,+0000.0000000008440043,+0000.0006585070048032,+0000.0000000000090238,+0000.0000000001792107
+0000.9946680147694575,+0000.0028989868860022,+0000.0015880921400224,+0000.0000014727478824,+0000.0000084615333689,+0000.0000000003716999,+0000.0000000078743686,+0000.0000000000746973,+0000.0000000015470408,+0000.0008349616870279,+0000.0000000000173235,+0000.0000000003511041
+0000.9937031267394516,+0000.0034463335238870,+0000.0018014109336504,+0000.0000020194514953,+0000.0000119738503113,+0000.0000000005961123,+0000.0000000129521279,+0000.0000000001268388,+0000.0000000026875495,+0000.0010351184574335,+0000.0000000000314167,+0000.0000000006497207
+0000.9926658374344062,+0000.0040399511417992,+0000.0020159053150440,+0000.0000026937600577,+0000.0000164771927735,+0000.0000000009170975,+0000.0000000204340575,+0000.0000000002058647,+0000.0000000044622003,+0000.0012591079368829,+0000.0000000000542906,+0000.0000000011455207
+0000.9915576776579791,+0000.0046795154924571,+0000.0022302056042082,+0000.0000035099117514,+0000.0000221408220716,+0000.0000000013619109,+0000.0000000311137594,+0000.0000000003214693,+0000.0000000071273562,+0000.0015069085595727,+0000.0000000000900094,+0000.0000000019374492
+0000.9903801229354487,+0000.0053646785306926,+0000.0024431387571956,+0000.0000044819330729,+0000.0000291467120428,+0000.0000000019618384,+0000.0000000459485579,+0000.0000000004855062,+0000.0000000110094764,+0000.0017783684214833,+0000.0000000001439545,+0000.0000000031607244
+0000.9891345964843359,+0000.0060950687469422,+0000.0026537059310184,+0000.0000056235579785,+0000.0000376893696462,+0000.0000000027522040,+0000.0000000660747287,+0000.0000000007121760,+0000.0000000165160016,+0000.0020732246360409,+0000.0000000002230852,+0000.0000000049958357
+0000.9878224720450475,+0000.0068702915050347,+0000.0028610624095472,+0000.0000069481613259,+0000.0000479756453926,+0000.0000000037723232,+0000.0000000928221773,+0000.0000000010181907,+0000.0000000241466192,+0000.0023911204593239,+0000.0000000003362175,+0000.0000000076787933
+0000.9864450765771022,+0000.0076899293844522,+0000.0030644996505635,+0000.0000084687048287,+0000.0000602245339616,+0000.0000000050654075,+0000.0000001277284820,+0000.0000000014229124,+0000.0000000345048055,+0000.0027316204204976,+0000.0000000004943189,+0000.0000000115126606
+0000.9850036928263293,+0000.0085535425272246,+0000.0032634292380960,+0000.0000101976939333,+0000.0000746669653548,+0000.0000000066784247,+0000.0000001725522389,+0000.0000000019484636,+0000.0000000483095488,+0000.0030942236691750,+0000.0000000007108148,+0000.0000000168803883
+0000.9834995617682916,+0000.0094606689895938,+0000.0034573685457533,+0000.0000121471442052,+0000.0000915455869246,+0000.0000000086619217,+0000.0000002292856524,+0000.0000000026198094,+0000.0000000664071592,+0000.0034783757298142,+0000.0000000010019047,+0000.0000000242589615
+0000.9819338849330154,+0000.0104108250985634,+0000.0036459279362125,+0000.0000143285559728,+0000.0001111145366085,+0000.0000000110698157,+0000.0000003001663358,+0000.0000000034648101,+0000.0000000897830768,+0000.0038834788338378,+0000.0000000013868836,+0000.0000000342348589
+0000.9803078266159626,+0000.0114035058134354,+0000.0038287993395413,+0000.0000167528961143,+0000.0001336392076908,+0000.0000000139591584,+0000.0000003876882888,+0000.0000000045142449,+0000.0000001195735980,+0000.0043089009826757,+0000.0000000018884664,+0000.0000000475208143
+0000.9786225159800128,+0000.0124381850924115,+0000.0040057460688071,+0000.0000194305860041,+0000.0001593960054061,+0000.0000000173898789,+0000.0000004946120352,+0000.0000000058018083,+0000.0000001570774417,+0000.0047539838792099,+0000.0000000025331118,+0000.0000000649738633
+0000.9768790490530666,+0000.0135143162643224,+0000.0041765937456399,+0000.0000223714947461,+0000.0001886720956915,+0000.0000000214245108,+0000.0000006239739052,+0000.0000000073640785,+0000.0000002037670881,+0000.0052180498509476,+0000.0000000033513427,+0000.0000000876146509
+0000.9750784906257226,+0000.0146313324055337,+0000.0043412222212168,+0000.0000255849369226,+0000.0002217651463875,+0000.0000000261279074,+0000.0000007790944598,+0000.0000000092404614,+0000.0000002612998253,+0000.0057004078755273,+0000.0000000043780607,+0000.0000001166479648
+0000.9732218760533253,+0000.0157886467220552,+0000.0044995583896604,+0000.0000290796741809,+0000.0002589830611816,+0000.0000000315669496,+0000.0000009635860563,+0000.0000000114731102,+0000.0000003315284484,+0000.0062003588077118,+0000.0000000056528507,+0000.0000001534844591
+0000.9713102129665240,+0000.0169856529368723,+0000.0046515698012282,+0000.0000328639200550,+0000.0003006437065835,+0000.0000000378102493,+0000.0000011813595590,+0000.0000000141068242,+0000.0000004165115594,+0000.0067171998967371,+0000.0000000072202756,+0000.0000001997635212
+0000.9693444828943319,+0000.0182217256824981,+0000.0047972589920160,+0000.0000369453474979,+0000.0003470746322137,+0000.0000000449278540,+0000.0000014366302067,+0000.0000000171889271,+0000.0000005185234242,+0000.0072502286736278,+0000.0000000091301564,+0000.0000002573772350
+0000.9673256428035217,+0000.0194962208987341,+0000.0049366584553144,+0000.0000413310986603,+0000.0003986127846844,+0000.0000000529909524,+0000.0000017339226485,+0000.0000000207691297,+0000.0000006400633466,+0000.0077987462797738,+0000.0000000114378375,+0000.0000003284953847
+0000.9652546265580588,+0000.0208084762356135,+0000.0050698261873397,+0000.0000460277965098,+0000.0004556042153455,+0000.0000000620715863,+0000.0000020780751631,+0000.0000000248993753,+0000.0000007838645282,+0000.0083620603005893,+0000.0000000142044347,+0000.0000004155914433
+0000.9631323463021109,+0000.0221578114614864,+0000.0051968417468770,+0000.0000510415579357,+0000.0005184037821641,+0000.0000000722423694,+0000.0000024742430810,+0000.0000000296336747,+0000.0000009529023835,+0000.0089394871613535,+0000.0000000174970652,+0000.0000005214694860
+0000.9609596937700525,+0000.0235435288761988,+0000.0053178027745207,+0000.0000563780080303,+0000.0005873748460035,+0000.0000000835762161,+0000.0000029279014284,+0000.0000000350279289,+0000.0000011504022880,+0000.0095303541363002,+0000.0000000213890573,+0000.0000006492919624
+0000.9587375415267384,+0000.0249649137292998,+0000.0054328219227210,+0000.0000620422952771,+0000.0006628889615617,+0000.0000000961460800,+0000.0000034448468149,+0000.0000000411397440,+0000.0000013798467407,+0000.0101340010166025,+0000.0000000259601400,+0000.0000008026082669
+0000.9564667441411854,+0000.0264212346432060,+0000.0055420241528225,+0000.0000680391074115,+0000.0007453255632284,+0000.0000001100247057,+0000.0000040311985867,+0000.0000000480282402,+0000.0000016449819253,+0000.0107497814780273,+0000.0000000312966111,+0000.0000009853840364
+0000.9541481392966854,+0000.0279117440412378,+0000.0056455443597568,+0000.0000743726877542,+0000.0008350716461129,+0000.0000001252843931,+0000.0000046933992701,+0000.0000000557538554,+0000.0000019498236598,+0000.0113770641846669,+0000.0000000374914840,+0000.0000012020311097
+0000.9517825488402314,+0000.0294356785804341,+0000.0057435252890824,+0000.0000810468518404,+0000.0009325214424970,+0000.0000001419967755,+0000.0000054382143285,+0000.0000000643781475,+0000.0000022986627267,+0000.0120152336612316,+0000.0000000446446115,+0000.0000014574380793
+0000.9493707797740388,+0000.0309922595890426,+0000.0058361157146852,+0000.0000880650041988,+0000.0010380760939588,+0000.0000001602326125,+0000.0000062727312570,+0000.0000000739635940,+0000.0000026960695797,+0000.0126636909628633,+0000.0000000528627886,+0000.0000017570013660
+0000.9469136251918134,+0000.0325806935085727,+0000.0059234688487192,+0000.0000954301551518,+0000.0011521433194147,+0000.0000001800615969,+0000.0000072043580404,+0000.0000000845733942,+0000.0000031468984258,+0000.0133218541682766,+0000.0000000622598324,+0000.0000021066567466
+0000.9444118651623110,+0000.0342001723402907,+0000.0060057409582947,+0000.0001031449375288,+0000.0012751370793227,+0000.0000002015521773,+0000.0000082408209982,+0000.0000000962712725,+0000.0000036562906830,+0000.0139891587191982,+0000.0000000729566404,+0000.0000025129112669
+0000.9418662675626236,+0000.0358498740960282,+0000.0060830901660642,+0000.0001112116232036,+0000.0014074772362883,+0000.0000002247713948,+0000.0000093901620423,+0000.0000001091212848,+0000.0000042296778189,+0000.0146650576265387,+0000.0000000850812276,+0000.0000029828754690
+0000.9392775888635335,+0000.0375289632531677,+0000.0061556754142230,+0000.0001196321393786,+0000.0015495892123104,+0000.0000002497847348,+0000.0000106607353710,+0000.0000001231876298,+0000.0000048727835741,+0000.0153490215614523,+0000.0000000987687420,+0000.0000035242958662
+0000.9366465748691580,+0000.0392365912136604,+0000.0062236555735791,+0000.0001284080845550,+0000.0017019036429052,+0000.0000002766559930,+0000.0000120612036238,+0000.0000001385344661,+0000.0000055916255791,+0000.0160405388474055,+0000.0000001141614605,+0000.0000041455875972
+0000.9339739614130282,+0000.0409718967669266,+0000.0062871886812600,+0000.0001375407441366,+0000.0018648560283423,+0000.0000003054471561,+0000.0000136005335202,+0000.0000001552257351,+0000.0000063925163732,+0000.0167391153675455,+0000.0000001314087644,+0000.0000048558671942
+0000.9312604750126441,+0000.0427340065564815,+0000.0063464312923495,+0000.0001470311056274,+0000.0020388863822252,+0000.0000003362182952,+0000.0000152879910077,+0000.0000001733249911,+0000.0000072820638367,+0000.0174442744000288,+0000.0000001506670967,+0000.0000056649853983
+0000.9285068334844618,+0000.0445220355501219,+0000.0064015379322952,+0000.0001568798733905,+0000.0022244388776471,+0000.0000003690274735,+0000.0000171331359391,+0000.0000001928952394,+0000.0000082671710469,+0000.0181555563925061,+0000.0000001720999011,+0000.0000065835599590
+0000.9257137465211842,+0000.0463350875135068,+0000.0064526606383179,+0000.0001670874829449,+0000.0024219614911512,+0000.0000004039306659,+0000.0000191458163039,+0000.0000002139987820,+0000.0000093550355726,+0000.0188725186856525,+0000.0000001958775436,+0000.0000076230083560
+0000.9228819162331390,+0000.0481722554869549,+0000.0064999485793042,+0000.0001776541147807,+0000.0026319056447224,+0000.0000004409816912,+0000.0000213361620341,+0000.0000002366970729,+0000.0000105531482188,+0000.0195947351944641,+0000.0000002221772183,+0000.0000087955803803
+0000.9200120376554604,+0000.0500326222652822,+0000.0065435477447862,+0000.0001885797076830,+0000.0028547258460360,+0000.0000004802321557,+0000.0000237145784062,+0000.0000002610505812,+0000.0000118692912375,+0000.0203217960549959,+0000.0000002511828385,+0000.0000101143905178
+0000.9171047992227020,+0000.0519152608804932,+0000.0065836006946172,+0000.0001998639715551,+0000.0030908793271867,+0000.0000005217314074,+0000.0000262917390604,+0000.0000002871186638,+0000.0000133115360198,+0000.0210533072432867,+0000.0000002830849122,+0000.0000115934500756
+0000.9141608832124468,+0000.0538192350871376,+0000.0066202463618612,+0000.0002115063997402,+0000.0033408256821212,+0000.0000005655265006,+0000.0000290785786562,+0000.0000003149594475,+0000.0000148882402834,+0000.0217888901723824,+0000.0000003180804064,+0000.0000132476989959
+0000.9111809661594061,+0000.0557435998501403,+0000.0066536199022189,+0000.0002235062808412,+0000.0036050265029935,+0000.0000006116621707,+0000.0000320862851844,+0000.0000003446297198,+0000.0000166080447735,+0000.0225281812726289,+0000.0000003563725975,+0000.0000150930373041
+0000.9081657192414325,+0000.0576874018349073,+0000.0066838525840473,+0000.0002358627100426,+0000.0038839450156627,+0000.0000006601808167,+0000.0000353262919547,+0000.0000003761848295,+0000.0000184798694917,+0000.0232708315597453,+0000.0000003981709119,+0000.0000171463561365
+0000.9051158086388105,+0000.0596496798995071,+0000.0067110717136792,+0000.0002485745999407,+0000.0041780457145504,+0000.0000007111224936,+0000.0000388102692765,+0000.0000004096785959,+0000.0000205129094701,+0000.0240165061945985,+0000.0000004436907559,+0000.0000194255682999
+0000.9020318958681290,+0000.0616294655887245,+0000.0067354005913337,+0000.0002616406908914,+0000.0044877939970730,+0000.0000007645249108,+0000.0000425501158508,+0000.0000004451632274,+0000.0000227166301082,+0000.0247648840380801,+0000.0000004931533367,+0000.0000219496383119
+0000.8989146380919768,+0000.0636257836297802,+0000.0067569584934367,+0000.0002750595608845,+0000.0048136557978636,+0000.0000008204234392,+0000.0000465579498911,+0000.0000004826892486,+0000.0000251007620865,+0000.0255156572040175,+0000.0000005467854754,+0000.0000247386118771
+0000.8957646884056498,+0000.0656376524295061,+0000.0067758606776354,+0000.0002888296349572,+0000.0051560972229948,+0000.0000008788511236,+0000.0000508460999888,+0000.0000005223054361,+0000.0000276752958767,+0000.0262685306126436,+0000.0000006048194128,+0000.0000278136447522
+0000.8925826961020068,+0000.0676640845727656,+0000.0067922184072175,+0000.0003029491941589,+0000.0055155841844143,+0000.0000009398387017,+0000.0000554270957396,+0000.0000005640587626,+0000.0000304504758630,+0000.0270232215467789,+0000.0000006674926086,+0000.0000311970309592
+0000.8893693069155588,+0000.0697040873219044,+0000.0068061389920160,+0000.0003174163840816,+0000.0058925820348020,+0000.0000010034146283,+0000.0000603136581471,+0000.0000006079943492,+0000.0000334367940914,+0000.0277794592125585,+0000.0000007350475363,+0000.0000349122303027
+0000.8861251632468257,+0000.0717566631170151,+0000.0068177258432236,+0000.0003322292229694,+0000.0062875552030548,+0000.0000010696051041,+0000.0000655186898179,+0000.0000006541554247,+0000.0000366449836641,+0000.0285369843062500,+0000.0000008077314724,+0000.0000389838951543
+0000.8828509043679510,+0000.0738208100767989,+0000.0068270785398372,+0000.0003473856094221,+0000.0067009668306067,+0000.0000011384341092,+0000.0000710552649620,+0000.0000007025832932,+0000.0000400860117939,+0000.0292955485884541,+0000.0000008857962827,+0000.0000434378964647
+0000.8795471666105196,+0000.0758955224998041,+0000.0068342929047260,+0000.0003628833297090,+0000.0071332784087863,+0000.0000012099234402,+0000.0000769366192151,+0000.0000007533173079,+0000.0000437710725360,+0000.0300549144667570,+0000.0000009694982058,+0000.0000483013489687
+0000.8762145835364814,+0000.0779797913658212,+0000.0068394610885546,+0000.0003787200647062,+0000.0075849494174143,+0000.0000012840927509,+0000.0000831761392935,+0000.0000008063948522,+0000.0000477115792117,+0000.0308148545877075,+0000.0000010590976338,+0000.0000536026355478
+0000.8728537860930462,+0000.0800726048372128,+0000.0068426716600099,+0000.0003948933964743,+0000.0080564369648412,+0000.0000013609595959,+0000.0000897873524969,+0000.0000008618513265,+0000.0000519191565403,+0000.0315751514388197,+0000.0000011548588924,+0000.0000593714307190
+0000.8694654027523661,+0000.0821729487599553,+0000.0068440097009695,+0000.0004114008144916,+0000.0085481954296235,+0000.0000014405394765,+0000.0000967839160704,+0000.0000009197201415,+0000.0000564056324933,+0000.0323355969611497,+0000.0000012570500192,+0000.0000656387232182
+0000.8660500596368018,+0000.0842798071641695,+0000.0068435569054228,+0000.0004282397215565,+0000.0090606761040340,+0000.0000015228458893,+0000.0001041796064395,+0000.0000009800327163,+0000.0000611830298879,+0000.0330959921728633,+0000.0000013659425432,+0000.0000724368376502
+0000.8626083806305173,+0000.0863921627639152,+0000.0068413916811071,+0000.0004454074393759,+0000.0095943268396016,+0000.0000016078903764,+0000.0001119883083292,+0000.0000010428184823,+0000.0000662635577320,+0000.0338561468040975,+0000.0000014818112635,+0000.0000797994551760
+0000.8591409874781250,+0000.0885089974560275,+0000.0068375892529557,+0000.0004629012138532,+0000.0101495916948712,+0000.0000016956825771,+0000.0001202240037783,+0000.0000011081048918,+0000.0000716596023367,+0000.0346158789433148,+0000.0000016049340292,+0000.0000877616332134
+0000.8556484998710653,+0000.0906292928177685,+0000.0068322217675775,+0000.0004807182200897,+0000.0107269105855756,+0000.0000017862302805,+0000.0001289007610616,+0000.0000011759174307,+0000.0000773837182091,+0000.0353750146952678,+0000.0000017355915215,+0000.0000963598241255
+0000.8521315355223784,+0000.0927520306030715,+0000.0068253583980931,+0000.0004988555671148,+0000.0113267189374060,+0000.0000018795394798,+0000.0001380327235301,+0000.0000012462796356,+0000.0000834486187412,+0000.0361333878506115,+0000.0000018740670366,+0000.0001056318928745
+0000.8485907102304912,+0000.0948761932371531,+0000.0068170654487484,+0000.0005173103023570,+0000.0119494473415670,+0000.0000019756144267,+0000.0001476340983796,+0000.0000013192131147,+0000.0000898671667051,+0000.0368908395671391,+0000.0000020206462716,+0000.0001156171336195
+0000.8450266379326209,+0000.0970007643092705,+0000.0068074064588101,+0000.0005360794158699,+0000.0125955212133003,+0000.0000020744576863,+0000.0001577191453584,+0000.0000013947375719,+0000.0000966523645704,+0000.0376472180625625,+0000.0000021756171129,+0000.0001263562852385
+0000.8414399307483663,+0000.0991247290634000,+0000.0067964423053235,+0000.0005551598443256,+0000.0132653604535574,+0000.0000021760701922,+0000.0001683021654245,+0000.0000014728708339,+0000.0001038173446558,+0000.0384023783187095,+0000.0000023392694278,+0000.0001378915457558
+0000.8378311990140295,+0000.1012470748866152,+0000.0067842313043781,+0000.0005745484747875,+0000.0139593791140003,+0000.0000022804513022,+0000.0001793974893608,+0000.0000015536288807,+0000.0001113753591263,+0000.0391561817969737,+0000.0000025118948589,+0000.0001502665856587
+0000.8342010513081982,+0000.1033667917949440,+0000.0067708293105839,+0000.0005942421482740,+0000.0146779850655061,+0000.0000023875988527,+0000.0001910194663592,+0000.0000016370258779,+0000.0001193397698496,+0000.0399084961648164,+0000.0000026937866232,+0000.0001635265600864
+0000.8305500944690785,+0000.1054828729164831,+0000.0067562898145158,+0000.0006142376631261,+0000.0154215796703503,+0000.0000024975092141,+0000.0002031824525818,+0000.0000017230742115,+0000.0001277240381228,+0000.0406591950330959,+0000.0000028852393133,+0000.0001777181198779
+0000.8268789336040610,+0000.1075943149715531,+0000.0067406640379249,+0000.0006345317781871,+0000.0161905574582387,+0000.0000026101773447,+0000.0002159007997091,+0000.0000018117845248,+0000.0001365417142815,+0000.0414081577039765,+0000.0000030865487050,+0000.0001928894214647
+0000.8231881720919738,+0000.1097001187496745,+0000.0067240010265577,+0000.0006551212158071,+0000.0169853058063569,+0000.0000027255968445,+0000.0002291888434829,+0000.0000019031657568,+0000.0001458064272016,+0000.0421552689291496,+0000.0000032980115669,+0000.0002090901355982
+0000.8194784115784608,+0000.1117992895831503,+0000.0067063477404594,+0000.0006760026646813,+0000.0178062046236036,+0000.0000028437600085,+0000.0002430608922530,+0000.0000019972251820,+0000.0001555318737067,+0000.0429004186780895,+0000.0000035199254760,+0000.0002263714548990
+0000.8157502519648974,+0000.1138908378170399,+0000.0066877491416646,+0000.0006971727825315,+0000.0186536260391710,+0000.0000029646578787,+0000.0002575312155363,+0000.0000020939684517,+0000.0001657318078897,+0000.0436435019160522,+0000.0000037525886373,+0000.0002447861002200
+0000.8120042913912455,+0000.1159737792753127,+0000.0066682482792102,+0000.0007186281986399,+0000.0195279340956305,+0000.0000030882802951,+0000.0002726140325958,+0000.0000021933996360,+0000.0001764200303603,+0000.0443844183915200,+0000.0000039962997079,+0000.0002643883258156
+0000.8082411262132296,+0000.1180471357229708,+0000.0066478863714246,+0000.0007403655162446,+0000.0204294844466851,+0000.0000032146159469,+0000.0002883235010480,+0000.0000022955212671,+0000.0001876103774291,+0000.0451230724327895,+0000.0000042513576265,+0000.0002852339233077
+0000.8044613509741939,+0000.1201099353239310,+0000.0066267028854676,+0000.0007623813148033,+0000.0213586240597383,+0000.0000033436524211,+0000.0003046737055057,+0000.0000024003343825,+0000.0001993167102367,+0000.0458593727533970,+0000.0000045180614468,+0000.0003073802244452
+0000.8006655583719923,+0000.1221612130944628,+0000.0066047356141156,+0000.0007846721521355,+0000.0223156909234351,+0000.0000034753762512,+0000.0003216786462646,+0000.0000025078385694,+0000.0002115529038395,+0000.0465932322660765,+0000.0000047967101767,+0000.0003308861026496
+0000.7968543392212437,+0000.1242000113519758,+0000.0065820207497978,+0000.0008072345664475,+0000.0233010137603208,+0000.0000036097729640,+0000.0003393522280403,+0000.0000026180320088,+0000.0002243328362596,+0000.0473245679049429,+0000.0000050876026221,+0000.0003558119733451
+0000.7930282824112702,+0000.1262253801589561,+0000.0065585929559038,+0000.0008300650782506,+0000.0243149117447641,+0000.0000037468271259,+0000.0003577082487639,+0000.0000027309115205,+0000.0002376703775100,+0000.0480533004555989,+0000.0000053910372355,+0000.0003822197930684
+0000.7891879748600245,+0000.1282363777618543,+0000.0065344854353937,+0000.0008531601921761,+0000.0253576942262873,+0000.0000038865223875,+0000.0003767603884418,+0000.0000028464726072,+0000.0002515793786032,+0000.0487793543928649,+0000.0000057073119697,+0000.0004101730573576
+0000.7853340014642964,+0000.1302320710247262,+0000.0065097299967508,+0000.0008765163986953,+0000.0264296604584407,+0000.0000040288415269,+0000.0003965221980877,+0000.0000029647094992,+0000.0002660736605517,+0000.0495026577258372,+0000.0000060367241362,+0000.0004397367974189
+0000.7814669450464790,+0000.1322115358574363,+0000.0064843571173227,+0000.0009001301757499,+0000.0275310993333591,+0000.0000041737664926,+0000.0004170070887341,+0000.0000030856151985,+0000.0002811670033699,+0000.0502231418499841,+0000.0000063795702694,+0000.0004709775755712
+0000.7775873862981592,+0000.1341738576382312,+0000.0064583960041064,+0000.0009239979902987,+0000.0286622891221314,+0000.0000043212784441,+0000.0004382283205272,+0000.0000032091815231,+0000.0002968731350856,+0000.0509407414059960,+0000.0000067361459942,+0000.0005039634794696
+0000.7736959037207912,+0000.1361181316304963,+0000.0064318746520345,+0000.0009481162997844,+0000.0298234972211128,+0000.0000044713577917,+0000.0004601989919157,+0000.0000033353991500,+0000.0003132057207686,+0000.0516553941451109,+0000.0000071067458997,+0000.0005387641151105
+0000.7697930735636931,+0000.1380434633935125,+0000.0064048198998268,+0000.0009724815535287,+0000.0310149799043052,+0000.0000046239842355,+0000.0004829320289355,+0000.0000034642576585,+0000.0003301783515853,+0000.0523670408006472,+0000.0000074916634174,+0000.0005754505986200
+0000.7658794697596052,+0000.1399489691870315,+0000.0063772574834715,+0000.0009970901940564,+0000.0322369820819282,+0000.0000047791368024,+0000.0005064401746002,+0000.0000035957455729,+0000.0003478045338868,+0000.0530756249654774,+0000.0000078911907032,+0000.0006140955468296
+0000.7619556638580282,+0000.1418337763694910,+0000.0063492120874054,+0000.0010219386583563,+0000.0334897370652992,+0000.0000049367938821,+0000.0005307359784008,+0000.0000037298504038,+0000.0003660976783382,+0000.0537810929751891,+0000.0000083056185259,+0000.0006547730666450
+0000.7580222249565607,+0000.1436970237896973,+0000.0063207073934633,+0000.0010470233790816,+0000.0347734663381371,+0000.0000050969332624,+0000.0005558317859219,+0000.0000038665586897,+0000.0003850710890966,+0000.0544833937966850,+0000.0000087352361581,+0000.0006975587432113
+0000.7540797196304362,+0000.1455378621718049,+0000.0062917661276667,+0000.0010723407856933,+0000.0360883793344025,+0000.0000052595321623,+0000.0005817397285794,+0000.0000040058560369,+0000.0004047379530449,+0000.0551824789219813,+0000.0000091803312733,+0000.0007425296268829
+0000.7501287118604595,+0000.1473554544934234,+0000.0062624101049252,+0000.0010978873055515,+0000.0374346732227811,+0000.0000054245672651,+0000.0006084717134864,+0000.0000041477271598,+0000.0004251113290890,+0000.0558783022669730,+0000.0000096411898466,+0000.0007897642190039
+0000.7461697629595281,+0000.1491489763566909,+0000.0062326602717204,+0000.0011236593649571,+0000.0388125326979144,+0000.0000055920147494,+0000.0006360394134515,+0000.0000042921559187,+0000.0004462041375253,+0000.0565708200749420,+0000.0000101180960598,+0000.0008393424565068
+0000.7422034314979172,+0000.1509176163521548,+0000.0062025367468465,+0000.0011496533901479,+0000.0402221297784794,+0000.0000057618503190,+0000.0006644542571156,+0000.0000044391253588,+0000.0004680291494843,+0000.0572599908245916,+0000.0000106113322108,+0000.0008913456953383
+0000.7382302732275028,+0000.1526605764153009,+0000.0061720588602765,+0000.0011758658082510,+0000.0416636236122125,+0000.0000059340492328,+0000.0006937274192325,+0000.0000045886177462,+0000.0004905989764591,+0000.0579457751424001,+0000.0000111211786270,+0000.0009458566927227
+0000.7342508410050850,+0000.1543770721755828,+0000.0061412451902256,+0000.0012022930481961,+0000.0431371602879715,+0000.0000061085863317,+0000.0007238698110984,+0000.0000047406146047,+0000.0005139260599231,+0000.0586281357190918,+0000.0000116479135831,+0000.0010029595882697
+0000.7302656847149703,+0000.1560663332978016,+0000.0061101135984819,+0000.0012289315415907,+0000.0446428726549242,+0000.0000062854360665,+0000.0007548920711353,+0000.0000048950967509,+0000.0005380226610443,+0000.0593070372300343,+0000.0000121918132221,+0000.0010627398839413
+0000.7262753511909611,+0000.1577276038156929,+0000.0060786812640702,+0000.0012557777235602,+0000.0461808801489496,+0000.0000064645725230,+0000.0007868045556328,+0000.0000050520443281,+0000.0005629008505031,+0000.0599824462593754,+0000.0000127531514807,+0000.0011252844228861
+0000.7222803841378994,+0000.1593601424575812,+0000.0060469647153178,+0000.0012828280335565,+0000.0477512886263315,+0000.0000066459694472,+0000.0008196173296539,+0000.0000052114368400,+0000.0005885724984182,+0000.0606543312277441,+0000.0000133322000185,+0000.0011906813671548
+0000.7182813240529009,+0000.1609632229639673,+0000.0060149798603868,+0000.0013100789161347,+0000.0493541902048237,+0000.0000068296002693,+0000.0008533401581086,+0000.0000053732531829,+0000.0006150492643872,+0000.0613226623233426,+0000.0000139292281500,+0000.0012590201743089
+0000.7142787081464104,+0000.1625361343969156,+0000.0059827420163360,+0000.0013375268217025,+0000.0509896631121588,+0000.0000070154381263,+0000.0008879824970010,+0000.0000055374716773,+0000.0006423425876486,+0000.0619874114362688,+0000.0000145445027808,+0000.0013303915729365
+0000.7102730702632056,+0000.1640781814411179,+0000.0059502659367750,+0000.0013651682072430,+0000.0526577715420710,+0000.0000072034558842,+0000.0009235534848523,+0000.0000057040700980,+0000.0006704636773690,+0000.0626485520959105,+0000.0000151782883472,+0000.0014048875370886
+0000.7062649408034705,+0000.1655886846965063,+0000.0059175658381700,+0000.0013929995370122,+0000.0543585655178978,+0000.0000073936261591,+0000.0009600619343069,+0000.0000058730257041,+0000.0006994235030628,+0000.0633060594112627,+0000.0000158308467588,+0000.0014826012596512
+0000.7022548466440499,+0000.1670669809623034,+0000.0058846554248599,+0000.0014210172832137,+0000.0560920807638218,+0000.0000075859213374,+0000.0009975163239229,+0000.0000060443152674,+0000.0007292327851488,+0000.0639599100140249,+0000.0000165024373440,+0000.0015636271246677
+0000.6982433110600010,+0000.1685124235123911,+0000.0058515479128393,+0000.0014492179266523,+0000.0578583385838112,+0000.0000077803135954,+0000.0010359247901531,+0000.0000062179151002,+0000.0007599019856492,+0000.0646100820043404,+0000.0000171933167996,+0000.0016480606786287
+0000.6942308536465402,+0000.1699243823618917,+0000.0058182560523628,+0000.0014775979573670,+0000.0596573457483113,+0000.0000079767749176,+0000.0010752951195194,+0000.0000063938010819,+0000.0007914412990362,+0000.0652565548990474,+0000.0000179037391421,+0000.0017359986007439
+0000.6902179902414919,+0000.1713022445248566,+0000.0057847921494230,+0000.0015061538752450,+0000.0614890943887357,+0000.0000081752771147,+0000.0011156347409849,+0000.0000065719486852,+0000.0008238606432311,+0000.0658993095823166,+0000.0000186339556626,+0000.0018275386722140
+0000.6862052328483301,+0000.1726454142629625,+0000.0057511680861539,+0000.0015348821906185,+0000.0633535618998048,+0000.0000083757918408,+0000.0011569507185273,+0000.0000067523330008,+0000.0008571696507607,+0000.0665383282585559,+0000.0000193842148849,+0000.0019227797445207
+0000.6821930895599080,+0000.1739533133251212,+0000.0057173953402078,+0000.0015637794248449,+0000.0652507108497696,+0000.0000085782906100,+0000.0011992497439169,+0000.0000069349287617,+0000.0008913776600763,+0000.0671735944074679,+0000.0000201547625251,+0000.0020218217067514
+0000.6781820644829600,+0000.1752253811779102,+0000.0056834850031537,+0000.0015928421108715,+0000.0671804888985602,+0000.0000087827448114,+0000.0012425381297036,+0000.0000071197103667,+0000.0009264937070391,+0000.0678050927411517,+0000.0000209458414548,+0000.0021247654519780
+0000.6741726576634619,+0000.1764610752267414,+0000.0056494477979423,+0000.0016220667937856,+0000.0691428287238907,+0000.0000089891257250,+0000.0012868218024144,+0000.0000073066519025,+0000.0009625265165766,+0000.0684328091631452,+0000.0000217576916662,+0000.0022317128427087
+0000.6701653650129251,+0000.1776598710276857,+0000.0056152940954813,+0000.0016514500313515,+0000.0711376479553497,+0000.0000091974045354,+0000.0013321062959675,+0000.0000074957271658,+0000.0009994844945157,+0000.0690567307293098,+0000.0000225905502401,+0000.0023427666754327
+0000.6661606782357048,+0000.1788212624898767,+0000.0055810339303628,+0000.0016809883945341,+0000.0731648491165007,+0000.0000094075523463,+0000.0013783967453027,+0000.0000076869096838,+0000.0010373757195944,+0000.0696768456104612,+0000.0000234446513161,+0000.0024580306442765
+0000.6621590847573904,+0000.1799447620684245,+0000.0055466770157831,+0000.0017106784680106,+0000.0752243195750130,+0000.0000096195401930,+0000.0014256978802340,+0000.0000078801727348,+0000.0010762079356583,+0000.0702931430566594,+0000.0000243202260644,+0000.0025776093037941
+0000.6581610676543479,+0000.1810299009477709,+0000.0055122327576944,+0000.0017405168506715,+0000.0773159315008404,+0000.0000098333390558,+0000.0014740140195255,+0000.0000080754893669,+0000.0011159885440451,+0000.0709056133630698,+0000.0000252175026607,+0000.0027016080309102
+0000.6541671055844790,+0000.1820762292154259,+0000.0054777102682235,+0000.0017705001561104,+0000.0794395418324579,+0000.0000100489198718,+0000.0015233490651947,+0000.0000082728324174,+0000.0011567245961600,+0000.0715142478373169,+0000.0000261367062627,+0000.0028301329860391
+0000.6501776727192590,+0000.1830833160260286,+0000.0054431183783949,+0000.0018006250131030,+0000.0815949922511668,+0000.0000102662535463,+0000.0015737064970435,+0000.0000084721745302,+0000.0011984227862484,+0000.0721190387682497,+0000.0000270780589882,+0000.0029632910734000
+0000.6461932386771123,+0000.1840507497556811,+0000.0054084656501914,+0000.0018308880660782,+0000.0837821091634715,+0000.0000104853109645,+0000.0016250893674228,+0000.0000086734881737,+0000.0012410894443658,+0000.0727199793960487,+0000.0000280417798964,+0000.0031011899005518
+0000.6422142684581784,+0000.1849781381465084,+0000.0053737603879847,+0000.0018612859755785,+0000.0860007036915268,+0000.0000107060630018,+0000.0016775002962301,+0000.0000088767456565,+0000.0012847305295522,+0000.0733170638836026,+0000.0000290280849694,+0000.0032439377371687
+0000.6382412223805254,+0000.1858651084414014,+0000.0053390106493670,+0000.0018918154187127,+0000.0882505716716530,+0000.0000109284805344,+0000.0017309414661431,+0000.0000090819191443,+0000.0013293516232113,+0000.0739102872890878,+0000.0000300371870965,+0000.0033916434730811
+0000.6342745560178553,+0000.1867113075089086,+0000.0053042242554137,+0000.0019224730895998,+0000.0905314936609113,+0000.0000111525344487,+0000.0017854146180931,+0000.0000092889806747,+0000.0013749579226995,+0000.0744996455396893,+0000.0000310692960604,+0000.0035444165756033
+0000.6303147201387548,+0000.1875164019582422,+0000.0052694088004055,+0000.0019532556998051,+0000.0928432349517238,+0000.0000113781956510,+0000.0018409210469776,+0000.0000094979021723,+0000.0014215542351273,+0000.0750851354064011,+0000.0000321246185240,+0000.0037023670461730
+0000.6263621606475259,+0000.1882800782443726,+0000.0052345716610368,+0000.0019841599787692,+0000.0951855455945260,+0000.0000116054350766,+0000.0018974615976159,+0000.0000097086554628,+0000.0014691449713762,+0000.0756667544798496,+0000.0000332033580198,+0000.0038656053763259
+0000.6224173185266492,+0000.1890020427631895,+0000.0051997200051365,+0000.0020151826742289,+0000.0975581604284291,+0000.0000118342236985,+0000.0019550366609485,+0000.0000099212122863,+0000.0015177341403334,+0000.0762445011470870,+0000.0000343057149405,+0000.0040342425030296
+0000.6184806297809098,+0000.1896820219367113,+0000.0051648607999261,+0000.0020463205526320,+0000.0999607991198678,+0000.0000120645325354,+0000.0020136461704818,+0000.0000101355443112,+0000.0015673253433482,+0000.0768183745693010,+0000.0000354318865307,+0000.0042083897634016
+0000.6145525253832265,+0000.1903197622883323,+0000.0051300008198381,+0000.0020775703995442,+0000.1023931662092061,+0000.0000122963326600,+0000.0020732895989813,+0000.0000103516231461,+0000.0016179217689115,+0000.0773883746603941,+0000.0000365820668802,+0000.0043881588488362
+0000.6106334312222185,+0000.1909150305080990,+0000.0050951466539184,+0000.0021089290200507,+0000.1048549511652686,+0000.0000125295952069,+0000.0021339659554112,+0000.0000105694203522,+0000.0016695261875615,+0000.0779545020663851,+0000.0000377564469194,+0000.0045736617585653
+0000.6067237680515400,+0000.1914676135080132,+0000.0050603047128330,+0000.0021403932391501,+0000.1073458284477605,+0000.0000127642913793,+0000.0021956737821259,+0000.0000107889074549,+0000.0017221409470180,+0000.0785167581455887,+0000.0000389552144144,+0000.0047650107526784
+0000.6028239514410140,+0000.1919773184673663,+0000.0050254812354996,+0000.0021719599021432,+0000.1098654575775372,+0000.0000130003924570,+0000.0022584111523104,+0000.0000110100559551,+0000.0017757679675472,+0000.0790751449495331,+0000.0000401785539649,+0000.0049623183046281
+0000.5989343917295886,+0000.1924439728681098,+0000.0049906822953649,+0000.0022036258750152,+0000.1124134832146789,+0000.0000132378698025,+0000.0023221756676742,+0000.0000112328373399,+0000.0018304087375599,+0000.0796296652045737,+0000.0000414266470027,+0000.0051656970532458
+0000.5950554939801488,+0000.1928674245202750,+0000.0049559138063444,+0000.0022353880448117,+0000.1149895352443221,+0000.0000134766948678,+0000.0023869644563964,+0000.0000114572230926,+0000.0018860643094435,+0000.0801803222941675,+0000.0000426996717908,+0000.0053752597542951
+0000.5911876579361983,+0000.1932475415774610,+0000.0049211815284437,+0000.0022672433200091,+0000.1175932288701976,+0000.0000137168392009,+0000.0024527741713253,+0000.0000116831847035,+0000.0019427352956317,+0000.0807271202417724,+0000.0000439978034245,+0000.0055911192315875
+0000.5873312779804383,+0000.1935842125424102,+0000.0048864910730782,+0000.0022991886308796,+0000.1202241647158178,+0000.0000139582744519,+0000.0025196009884309,+0000.0000119106936783,+0000.0020004218649116,+0000.0812700636943366,+0000.0000453212138332,+0000.0058133883276888
+0000.5834867430952601,+0000.1938773462626996,+0000.0048518479081057,+0000.0023312209298500,+0000.1228819289332562,+0000.0000142009723785,+0000.0025874406055127,+0000.0000121397215483,+0000.0020591237389717,+0000.0818091579063484,+0000.0000466700717830,+0000.0060421798542412
+0000.5796544368251704,+0000.1941268719165796,+0000.0048172573625895,+0000.0023633371918546,+0000.1255660933194544,+0000.0000144449048521,+0000.0026562882411616,+0000.0000123702398787,+0000.0021188401891907,+0000.0823444087244139,+0000.0000480445428806,+0000.0062776065419291
+0000.5758347372411623,+0000.1943327389889963,+0000.0047827246313051,+0000.0023955344146835,+0000.1282762154399920,+0000.0000146900438630,+0000.0027261386339771,+0000.0000126022202771,+0000.0021795700336694,+0000.0828758225723366,+0000.0000494447895781,+0000.0065197809901146
+0000.5720280169070487,+0000.1944949172378374,+0000.0047482547790043,+0000.0024278096193245,+0000.1310118387602473,+0000.0000149363615257,+0000.0027969860420393,+0000.0000128356344020,+0000.0022413116345064,+0000.0834034064366705,+0000.0000508709711783,+0000.0067688156161709
+0000.5682346428477664,+0000.1946133966504499,+0000.0047138527444506,+0000.0024601598502998,+0000.1337724927838770,+0000.0000151838300841,+0000.0028688242426358,+0000.0000130704539702,+0000.0023040628953193,+0000.0839271678527205,+0000.0000523232438417,+0000.0070248226045397
+0000.5644549765196654,+0000.1946881873904771,+0000.0046795233442383,+0000.0024925821759974,+0000.1365576931985364,+0000.0000154324219163,+0000.0029416465322436,+0000.0000133066507648,+0000.0023678212590117,+0000.0844471148909692,+0000.0000538017605933,+0000.0072879138555410
