+0001.0000000000000000,+0000.0000000000000000,+0000.0000000000000000,+0000.0000000000000000,+0000.0000000000000000
+0000.9999160277557857,+0000.0000780688870169,+0000.0000048793054386,+0000.0000009638134200,+0000.0000000602383387
+0000.9996919566943754,+0000.0002818174763668,+0000.0000176135922729,+0000.0000081056348094,+0000.0000005066021756
+0000.9993586460182348,+0000.0005732935767925,+0000.0000358308485495,+0000.0000303337001631,+0000.0000018958562602
+0000.9989352834436828,+0000.0009231599168694,+0000.0000576974948043,+0000.0000789262537824,+0000.0000049328908614
+0000.9984323349829227,+0000.0013089115302812,+0000.0000818069706426,+0000.0001665378975562,+0000.0000104086185973
+0000.9978538524245021,+0000.0017134415710247,+0000.0001070900981890,+0000.0003064620294441,+0000.0000191538768403
+0000.9971992677769066,+0000.0021238929233107,+0000.0001327433077069,+0000.0005120903454829,+0000.0000320056465927
+0000.9964647808428466,+0000.0025307419750561,+0000.0001581713734410,+0000.0007965231140292,+0000.0000497826946268
+0000.9956444258181194,+0000.0029270696926877,+0000.0001829418557930,+0000.0011722942431999,+0000.0000732683902000
+0000.9947308856869530,+0000.0033079830613166,+0000.0002067489413323,+0000.0016511833509630,+0000.0001031989594352
+0000.9937161090803762,+0000.0036701568137871,+0000.0002293848008617,+0000.0022440934635061,+0000.0001402558414691
+0000.9925917728356576,+0000.0040114711460922,+0000.0002507169466308,+0000.0029609779497592,+0000.0001850611218600
+0000.9913496243394047,+0000.0043307258879149,+0000.0002706703679947,+0000.0038108041455867,+0000.0002381752590992
+0000.9899817304586901,+0000.0046274154901021,+0000.0002892134681314,+0000.0048015440781896,+0000.0003000965048869
+0000.9884806541084719,+0000.0049015523395798,+0000.0003063470212237,+0000.0059401849700937,+0000.0003712615606309
+0000.9868395749663068,+0000.0051535284434418,+0000.0003220955277151,+0000.0072327539412107,+0000.0004520471213257
+0000.9850523672760253,+0000.0053840075503461,+0000.0003365004718966,+0000.0086843526604540,+0000.0005427720412784
+0000.9831136448769673,+0000.0055938413951540,+0000.0003496150871971,+0000.0102991987206413,+0000.0006436999200401
+0000.9810187813917144,+0000.0057840050421119,+0000.0003615003151320,+0000.0120806712950980,+0000.0007550419559436
+0000.9787639117738270,+0000.0059555473284756,+0000.0003722217080297,+0000.0140313592373340,+0000.0008769599523334
+0000.9763459200562242,+0000.0061095532275374,+0000.0003818470767211,+0000.0161531102489572,+0000.0010095693905598
+0000.9737624170706252,+0000.0062471156002614,+0000.0003904447250163,+0000.0184470800979736,+0000.0011529425061233
+0000.9710117110664988,+0000.0063693143223674,+0000.0003980821451480,+0000.0209137811444573,+0000.0013071113215286
+0000.9680927734953088,+0000.0064772011859238,+0000.0004048250741202,+0000.0235531296420209,+0000.0014720706026263
+0000.9650052017043190,+0000.0065717893029486,+0000.0004107368314343,+0000.0263644914459276,+0000.0016477807153705
+0000.9617491798739026,+0000.0066540460003415,+0000.0004158778750213,+0000.0293467258830442,+0000.0018341703676902
+0000.9583254392097676,+0000.0067248884042797,+0000.0004203055252675,+0000.0324982276335860,+0000.0020311392270991
+0000.9547352181483421,+0000.0067851810788125,+0000.0004240738174258,+0000.0358169665462774,+0000.0022385604091423
+0000.9509802231352982,+0000.0068357352163482,+0000.0004272334510218,+0000.0393005253621949,+0000.0024562828351372
+0000.9470625903824091,+0000.0068773089838407,+0000.0004298318114900,+0000.0429461353621273,+0000.0026841334601329
+0000.9429848488876000,+0000.0069106087131675,+0000.0004319130445730,+0000.0467507099808559,+0000.0029219193738035
+0000.9387498849100266,+0000.0069362906917475,+0000.0004335181682342,+0000.0507108764517568,+0000.0031694297782348
+0000.9343609080206070,+0000.0069549633633000,+0000.0004346852102062,+0000.0548230055584817,+0000.0034264378474051
+0000.9298214187941334,+0000.0069671897915363,+0000.0004354493619710,+0000.0590832395786913,+0000.0036927024736682
+0000.9251351781682713,+0000.0069734902736913,+0000.0004358431421057,+0000.0634875185091125,+0000.0039679699068195
+0000.9203061784645717,+0000.0069743450178783,+0000.0004358965636174,+0000.0680316046625251,+0000.0042519752914078
+0000.9153386160447499,+0000.0069701968196986,+0000.0004356373012312,+0000.0727111057264194,+0000.0045444441079012
+0000.9102368655600924,+0000.0069614536904760,+0000.0004350908556548,+0000.0775214963706136,+0000.0048450935231633
+0000.9050054557414835,+0000.0069484914028052,+0000.0004342807126753,+0000.0824581384875634,+0000.0051536336554727
+0000.8996490466710073,+0000.0069316559295394,+0000.0004332284955962,+0000.0875163001448067,+0000.0054697687590504
+0000.8941724084724627,+0000.0069112657604634,+0000.0004319541100290,+0000.0926911733242776,+0000.0057931983327673
+0000.8885804013566689,+0000.0068876140871764,+0000.0004304758804485,+0000.0979778905183118,+0000.0061236181573945
+0000.8828779569575778,+0000.0068609708515161,+0000.0004288106782198,+0000.1033715402472342,+0000.0064607212654521
+0000.8770700608964588,+0000.0068315846564966,+0000.0004269740410310,+0000.1088671815586014,+0000.0068041988474126
+0000.8711617365134403,+0000.0067996845414410,+0000.0004249802838401,+0000.1144598575635565,+0000.0071537410977223
+0000.8651580297082082,+0000.0067654816249748,+0000.0004228426015609,+0000.1201446080614173,+0000.0075090380038386
+0000.8590639948344316,+0000.0067291706209431,+0000.0004205731638089,+0000.1259164812995917,+0000.0078697800812245
+0000.8528846815953975,+0000.0066909312332726,+0000.0004181832020795,+0000.1317705449122355,+0000.0082356590570147
+0000.8466251228912370,+0000.0066509294363968,+0000.0004156830897748,+0000.1377018960777332,+0000.0086063685048583
+0000.8402903235709336,+0000.0066093186481970,+0000.0004130824155123,+0000.1437056709321011,+0000.0089816044332563
+0000.8338852500449964,+0000.0065662408025328,+0000.0004103900501583,+0000.1497770532727646,+0000.0093610658295478
+0000.8274148207171773,+0000.0065218273284069,+0000.0004076142080254,+0000.1559112825848382,+0000.0097444551615524
+0000.8208838971959109,+0000.0064762000426626,+0000.0004047625026664,+0000.1621036614200096,+0000.0101314788387506
+0000.8142972762482826,+0000.0064294719628814,+0000.0004018419976801,+0000.1683495621563818,+0000.0105218476347738
+0000.8076596824612069,+0000.0063817480468625,+0000.0003988592529289,+0000.1746444331661193,+0000.0109152770728824
+0000.8009757615762201,+0000.0063331258647390,+0000.0003958203665462,+0000.1809838044164655,+0000.0113114877760291
+0000.7942500744658215,+0000.0062836962094380,+0000.0003927310130899,+0000.1873632925286120,+0000.0117102057830382
+0000.7874870917206422,+0000.0062335436508321,+0000.0003895964781770,+0000.1937786053179752,+0000.0121111628323734
+0000.7806911888179471,+0000.0061827470385658,+0000.0003864216899104,+0000.2002255458386605,+0000.0125140966149162
+0000.7738666418430528,+0000.0061313799581862,+0000.0003832112473866,+0000.2067000159542347,+0000.0129187509971396
+0000.7670176237362047,+0000.0060795111448567,+0000.0003799694465535,+0000.2131980194563623,+0000.0133248762160226
+0000.7601482010383421,+0000.0060272048585971,+0000.0003767003036623,+0000.2197156647523751,+0000.0137322290470234
+0000.7532623311099619,+0000.0059745212246773,+0000.0003734075765423,+0000.2262491671424176,+0000.0141405729464011
+0000.7463638597980340,+0000.0059215165424846,+0000.0003700947839053,+0000.2327948507064245,+0000.0145496781691515
+0000.7394565195265949,+0000.0058682435659030,+0000.0003667652228689,+0000.2393491498208314,+0000.0149593218638019
+0000.7325439277872887,+0000.0058147517579746,+0000.0003634219848734,+0000.2459086103245773,+0000.0153692881452860
+0000.7256295860067535,+0000.0057610875223671,+0000.0003600679701479,+0000.2524698903536299,+0000.0157793681471018
+0000.7187168787683333,+0000.0057072944139368,+0000.0003567059008711,+0000.2590297608629259,+0000.0161893600539328
+0000.7118090733662066,+0000.0056534133304684,+0000.0003533383331543,+0000.2655851058542784,+0000.0165990691158924
+0000.7049093196705853,+0000.0055994826874725,+0000.0003499676679670,+0000.2721329223284474,+0000.0170083076455279
+0000.6980206502832512,+0000.0055455385777432,+0000.0003465961611089,+0000.2786703199791968,+0000.0174168949986997
+0000.6911459809632711,+0000.0054916149172129,+0000.0003432259323258,+0000.2851945206467671,+0000.0178246575404229
+0000.6842881113033402,+0000.0054377435784875,+0000.0003398589736555,+0000.2917028575477807,+0000.0182314285967362
+0000.6774497256378158,+0000.0053839545133108,+0000.0003364971570819,+0000.2981927742981568,+0000.0186370483936347
+0000.6706333941641234,+0000.0053302758650782,+0000.0003331422415674,+0000.3046618237451586,+0000.0190413639840724
+0000.6638415742598444,+0000.0052767340724060,+0000.0003297958795254,+0000.3111076666242112,+0000.0194442291640132
+0000.6570766119784417,+0000.0052233539646610,+0000.0003264596227913,+0000.3175280700556290,+0000.0198455043784768
+0000.6503407437072308,+0000.0051701588502575,+0000.0003231349281411,+0000.3239209058958782,+0000.0202450566184923
+0000.6436360979718536,+0000.0051171705984468,+0000.0003198231624029,+0000.3302841489574558,+0000.0206427593098409
+0000.6369646973721892,+0000.0050644097152464,+0000.0003165256072029,+0000.3366158751109285,+0000.0210384921944330
+0000.6303284606352936,+0000.0050118954140874,+0000.0003132434633805,+0000.3429142592821068,+0000.0214321412051316
+0000.6237292047716352,+0000.0049596456816958,+0000.0003099778551060,+0000.3491775733567652,+0000.0218235983347978
+0000.6171686473215630,+0000.0049076773396677,+0000.0003067298337292,+0000.3554041840047437,+0000.0222127615002964
+0000.6106484086796110,+0000.0048560061021491,+0000.0003035003813843,+0000.3615925504346877,+0000.0225995344021679
+0000.6041700144849050,+0000.0048046466299846,+0000.0003002904143740,+0000.3677412220901048,+0000.0229838263806315
+0000.5977348980665963,+0000.0047536125816600,+0000.0002971007863537,+0000.3738488362968376,+0000.0233655522685523
+0000.5913444029338897,+0000.0047029166613279,+0000.0002939322913330,+0000.3799141158714820,+0000.0237446322419676
+0000.5849997853008762,+0000.0046525706641732,+0000.0002907856665108,+0000.3859358666997083,+0000.0241209916687317
+0000.5787022166370004,+0000.0046025855193461,+0000.0002876615949591,+0000.3919129752928889,+0000.0244945609558055
+0000.5724527862346037,+0000.0045529713306661,+0000.0002845607081666,+0000.3978444063308837,+0000.0248652753956802
+0000.5662525037855768,+0000.0045037374152769,+0000.0002814835884548,+0000.4037292001982977,+0000.0252330750123935
+0000.5601023019597413,+0000.0044548923404128,+0000.0002784307712758,+0000.4095664705210073,+0000.0255979044075629
+0000.5540030389781216,+0000.0044064439584183,+0000.0002754027474011,+0000.4153554017092319,+0000.0259597126068269
+0000.5479555011748312,+0000.0043583994401486,+0000.0002723999650093,+0000.4210952465129515,+0000.0263184529070594
+0000.5419604055417973,+0000.0043107653068628,+0000.0002694228316789,+0000.4267853235949755,+0000.0266740827246859
+0000.5360184022510581,+0000.0042635474607120,+0000.0002664717162945,+0000.4324250151265274,+0000.0270265634454079
+0000.5301300771498478,+0000.0042167512139102,+0000.0002635469508694,+0000.4380137644097625,+0000.0273758602756101
+0000.5242959542241284,+0000.0041703813166697,+0000.0002606488322919,+0000.4435510735312094,+0000.0277219420957005
+0000.5185164980266804,+0000.0041244419839724,+0000.0002577776239983,+0000.4490365010497400,+0000.0280647813156087
+0000.5127921160662642,+0000.0040789369212422,+0000.0002549335575776,+0000.4544696597222740,+0000.0284043537326421
+0000.5071231611547627,+0000.0040338693489760,+0000.0002521168343110,+0000.4598502142700708,+0000.0287406383918793
+0000.5015099337095899,+0000.0039892420263861,+0000.0002493276266491,+0000.4651778791881174,+0000.0290736174492572
+0000.4959526840089872,+0000.0039450572741026,+0000.0002465660796314,+0000.4704524165997918,+0000.0294032760374869
+0000.4904516143981732,+0000.0039013169959775,+0000.0002438323122486,+0000.4756736341586832,+0000.0297296021349176
+0000.4850068814446105,+0000.0038580227000319,+0000.0002411264187520,+0000.4808413829991583,+0000.0300525864374473
+0000.4796185980409478,+0000.0038151755185809,+0000.0002384484699113,+0000.4859555557369978,+0000.0303722222335622
+0000.4742868354544554,+0000.0037727762275716,+0000.0002357985142232,+0000.4910160845211762,+0000.0306885052825734
+0000.4690116253220363,+0000.0037308252651635,+0000.0002331765790727,+0000.4960229391376258,+0000.0310014336961015
+0000.4637929615901127,+0000.0036893227495810,+0000.0002305826718488,+0000.5009761251656073,+0000.0313110078228503
+0000.4586308023989116,+0000.0036482684962647,+0000.0002280167810165,+0000.5058756821871127,+0000.0316172301366944
+0000.4535250719108678,+0000.0036076620343470,+0000.0002254788771467,+0000.5107216820495424,+0000.0319201051280962
+0000.4484756620830415,+0000.0035675026224751,+0000.0002229689139047,+0000.5155142271817214,+0000.0322196391988574
+0000.4434824343836189,+0000.0035277892640049,+0000.0002204868290003,+0000.5202534489631773,+0000.0325158405601984
+0000.4385452214527128,+0000.0034885207215867,+0000.0002180325450992,+0000.5249395061464480,+0000.0328087191341529
+0000.4336638287078156,+0000.0034496955311629,+0000.0002156059706977,+0000.5295725833320697,+0000.0330982864582542
+0000.4288380358943849,+0000.0034113120153976,+0000.0002132070009623,+0000.5341528894957697,+0000.0333845555934854
+0000.4240675985821575,+0000.0033733682965567,+0000.0002108355185348,+0000.5386806565672952,+0000.0336675410354558
+0000.4193522496078729,+0000.0033358623088573,+0000.0002084913943036,+0000.5431561380602039,+0000.0339472586287626
+0000.4146917004651972,+0000.0032987918103023,+0000.0002061744881439,+0000.5475796077518653,+0000.0342237254844914
+0000.4100856426426999,+0000.0032621543940185,+0000.0002038846496262,+0000.5519513584128523,+0000.0344969599008031
+0000.4055337489108136,+0000.0032259474991143,+0000.0002016217186946,+0000.5562717005848260,+0000.0347669812865515
+0000.4010356745587643,+0000.0031901684210720,+0000.0001993855263170,+0000.5605409614059735,+0000.0350338100878732
+0000.3965910585825146,+0000.0031548143216913,+0000.0001971758951057,+0000.5647594834830009,+0000.0352974677176874
+0000.3921995248247978,+0000.0031198822385984,+0000.0001949926399124,+0000.5689276238086507,+0000.0355579764880405
+0000.3878606830683672,+0000.0030853690943352,+0000.0001928355683959,+0000.5730457527236724,+0000.0358153595452294
+0000.3835741300836078,+0000.0030512717050435,+0000.0001907044815652,+0000.5771142529221491,+0000.0360696408076342
+0000.3793394506316858,+0000.0030175867887573,+0000.0001885991742973,+0000.5811335184990682,+0000.0363208449061916
+0000.3751562184244198,+0000.0029843109733171,+0000.0001865194358323,+0000.5851039540389937,+0000.0365689971274369
+0000.3710239970420878,+0000.0029514408039199,+0000.0001844650502450,+0000.5890259737447033,+0000.0368141233590438
+0000.3669423408103704,+0000.0029189727503167,+0000.0001824357968948,+0000.5929000006046290,+0000.0370562500377892
+0000.3629107956376503,+0000.0028869032136708,+0000.0001804314508544,+0000.5967264655979524,+0000.0372954040998719
+0000.3589288998138822,+0000.0028552285330896,+0000.0001784517833181,+0000.6005058069361978,+0000.0375316129335122
+0000.3549961847722392,+0000.0028239449918401,+0000.0001764965619900,+0000.6042384693401700,+0000.0377649043337605
+0000.3511121758147430,+0000.0027930488232621,+0000.0001745655514539,+0000.6079249033510975,+0000.0379953064594434
+0000.3472763928030650,+0000.0027625362163879,+0000.0001726585135242,+0000.6115655646748450,+0000.0382228477921777
+0000.3434883508156837,+0000.0027324033212823,+0000.0001707752075801,+0000.6151609135580741,+0000.0384475570973795
+0000.3397475607725562,+0000.0027026462541105,+0000.0001689153908819,+0000.6187114141952486,+0000.0386694633872029
+0000.3360535300284568,+0000.0026732611019472,+0000.0001670788188717,+0000.6222175341653875,+0000.0388885958853365
+0000.3324057629361089,+0000.0026442439273352,+0000.0001652652454585,+0000.6256797438975035,+0000.0391049839935938
+0000.3288037613802163,+0000.0026155907726044,+0000.0001634744232878,+0000.6290985161636629,+0000.0393186572602288
+0000.3252470252834845,+0000.0025872976639593,+0000.0001617061039975,+0000.6324743255986437,+0000.0395296453499151
+0000.3217350530856914,+0000.0025593606153471,+0000.0001599600384592,+0000.6358076482451789,+0000.0397379780153235
+0000.3182673421968499,+0000.0025317756321115,+0000.0001582359770070,+0000.6390989611237947,+0000.0399436850702370
+0000.3148433894254758,+0000.0025045387144448,+0000.0001565336696528,+0000.6423487418262841,+0000.0401467963641426
+0000.3114626913829512,+0000.0024776458606441,+0000.0001548528662903,+0000.6455574681318725,+0000.0403473417582419
+0000.3081247448649493,+0000.0024510930701809,+0000.0001531933168863,+0000.6487256176451612,+0000.0405453511028224
+0000.3048290472108552,+0000.0024248763465919,+0000.0001515547716620,+0000.6518536674549562,+0000.0407408542159346
+0000.3015750966421001,+0000.0023989917001987,+0000.0001499369812624,+0000.6549420938131190,+0000.0409338808633197
+0000.2983623925802878,+0000.0023734351506633,+0000.0001483396969165,+0000.6579913718325956,+0000.0411244607395370
+0000.2951904359459787,+0000.0023482027293874,+0000.0001467626705867,+0000.6610019752038091,+0000.0413126234502379
+0000.2920587294389612,+0000.0023232904817622,+0000.0001452056551101,+0000.6639743759286275,+0000.0414983984955390
+0000.2889667778008156,+0000.0022986944692742,+0000.0001436684043296,+0000.6669090440711346,+0000.0416818152544457
+0000.2859140880605554,+0000.0022744107714761,+0000.0001421506732173,+0000.6698064475244717,+0000.0418629029702793
+0000.2829001697640966,+0000.0022504354878252,+0000.0001406522179891,+0000.6726670517930252,+0000.0420416907370639
+0000.2799245351882858,+0000.0022267647393995,+0000.0001391727962125,+0000.6754913197892727,+0000.0422182074868294
+0000.2769866995401922,+0000.0022033946704940,+0000.0001377121669059,+0000.6782797116446193,+0000.0423924819777885
+0000.2740861811423407,+0000.0021803214501040,+0000.0001362700906315,+0000.6810326845335758,+0000.0425645427833483
+0000.2712225016045437,+0000.0021575412733014,+0000.0001348463295813,+0000.6837506925106578,+0000.0427344182819159
+0000.2683951859829617,+0000.0021350503625073,+0000.0001334406476567,+0000.6864341863594116,+0000.0429021366474630
+0000.2656037629269999,+0000.0021128449686687,+0000.0001320528105418,+0000.6890836134529786,+0000.0430677258408109
+0000.2628477648146290,+0000.0020909213723401,+0000.0001306825857713,+0000.6916994176256562,+0000.0432312136016033
+0000.2601267278766891,+0000.0020692758846790,+0000.0001293297427924,+0000.6942820390549082,+0000.0433926274409315
+0000.2574401923107215,+0000.0020479048483557,+0000.0001279940530222,+0000.6968319141533181,+0000.0435519946345822
+0000.2547877023848482,+0000.0020268046383846,+0000.0001266752898990,+0000.6993494754699938,+0000.0437093422168744
+0000.2521688065321957,+0000.0020059716628792,+0000.0001253732289299,+0000.7018351516009368,+0000.0438646969750583
+0000.2495830574363468,+0000.0019854023637353,+0000.0001240876477335,+0000.7042893671079384,+0000.0440180854442460
+0000.2470300121082774,+0000.0019650932172466,+0000.0001228183260779,+0000.7067125424455514,+0000.0441695339028468
+0000.2445092319552211,+0000.0019450407346548,+0000.0001215650459159,+0000.7091050938957253,+0000.0443190683684826
+0000.2420202828418854,+0000.0019252414626395,+0000.0001203275914150,+0000.7114674335097041,+0000.0444667145943563
+0000.2395627351444217,+0000.0019056919837496,+0000.0001191057489843,+0000.7137999690567949,+0000.0446124980660494
+0000.2371361637975419,+0000.0018863889167803,+0000.0001178993072988,+0000.7161031039796509,+0000.0447564439987279
+0000.2347401483351487,+0000.0018673289170979,+0000.0001167080573186,+0000.7183772373557037,+0000.0448985773347312
+0000.2323742729248381,+0000.0018485086769160,+0000.0001155317923072,+0000.7206227638644133,+0000.0450389227415256
+0000.2300381263966141,+0000.0018299249255252,+0000.0001143703078453,+0000.7228400737600148,+0000.0451775046100007
+0000.2277313022661385,+0000.0018115744294796,+0000.0001132234018425,+0000.7250295528494493,+0000.0453143470530903
+0000.2254533987528299,+0000.0017934539927415,+0000.0001120908745463,+0000.7271915824751835,+0000.0454494739046987
+0000.2232040187931061,+0000.0017755604567883,+0000.0001109725285493,+0000.7293265395026415,+0000.0455829087189148
+0000.2209827700490549,+0000.0017578907006817,+0000.0001098681687926,+0000.7314347963119729,+0000.0457146747694981
+0000.2187892649128030,+0000.0017404416411039,+0000.0001087776025690,+0000.7335167207939055,+0000.0458447950496188
+0000.2166231205068434,+0000.0017232102323605,+0000.0001077006395225,+0000.7355726763494341,+0000.0459732922718394
+0000.2144839586805641,+0000.0017061934663539,+0000.0001066370916471,+0000.7376030218931154,+0000.0461001888683195
+0000.2123714060032157,+0000.0016893883725274,+0000.0001055867732830,+0000.7396081118597404,+0000.0462255069912335
+0000.2102850937535420,+0000.0016727920177837,+0000.0001045495011115,+0000.7415882962141770,+0000.0463492685133858
+0000.2082246579062842,+0000.0016564015063779,+0000.0001035250941486,+0000.7435439204641785,+0000.0464714950290109
+0000.2061897391157646,+0000.0016402139797869,+0000.0001025133737367,+0000.7454753256759645,+0000.0465922078547475
+0000.2041799826967412,+0000.0016242266165583,+0000.0001015141635349,+0000.7473828484923912,+0000.0467114280307742
+0000.2021950386027193,+0000.0016084366321373,+0000.0001005272895086,+0000.7492668211535386,+0000.0468291763220959
+0000.2002345614018921,+0000.0015928412786761,+0000.0000995525799173,+0000.7511275715195430,+0000.0469454732199712
+0000.1982982102508796,+0000.0015774378448252,+0000.0000985898653016,+0000.7529654230955236,+0000.0470603389434700
+0000.1963856488664222,+0000.0015622236555085,+0000.0000976389784693,+0000.7547806950584472,+0000.0471737934411527
+0000.1944965454951806,+0000.0015471960716829,+0000.0000966997544802,+0000.7565737022857943,+0000.0472858563928619
+0000.1926305728817827,+0000.0015323524900848,+0000.0000957720306303,+0000.7583447553858846,+0000.0473965472116176
+0000.1907874082352556,+0000.0015176903429628,+0000.0000948556464352,+0000.7600941607297382,+0000.0475058850456084
+0000.1889667331939688,+0000.0015032070977994,+0000.0000939504436125,+0000.7618222204843477,+0000.0476138887802715
+0000.1871682337892123,+0000.0014889002570210,+0000.0000930562660638,+0000.7635292326472500,+0000.0477205770404529
+0000.1853916004075238,+0000.0014747673576986,+0000.0000921729598562,+0000.7652154910822790,+0000.0478259681926422
+0000.1836365277518763,+0000.0014608059712391,+0000.0000913003732024,+0000.7668812855564068,+0000.0479300803472752
+0000.1819027148018273,+0000.0014470137030680,+0000.0000904383564418,+0000.7685269017775653,+0000.0480329313610976
+0000.1801898647727304,+0000.0014333881923059,+0000.0000895867620191,+0000.7701526214333598,+0000.0481345388395848
+0000.1784976850741008,+0000.0014199271114363,+0000.0000887454444648,+0000.7717587222305867,+0000.0482349201394114
+0000.1768258872672229,+0000.0014066281659695,+0000.0000879142603731,+0000.7733454779354679,+0000.0483340923709665
+0000.1751741870220828,+0000.0013934890940990,+0000.0000870930683812,+0000.7749131584145291,+0000.0484320724009078
+0000.1735423040737047,+0000.0013805076663551,+0000.0000862817291472,+0000.7764620296760405,+0000.0485288768547523
+0000.1719299621779657,+0000.0013676816852530,+0000.0000854801053283,+0000.7779923539119556,+0000.0486245221194970
+0000.1703368890669571,+0000.0013550089849379,+0000.0000846880615586,+0000.7795043895402791,+0000.0487190243462672
+0000.1687628164039603,+0000.0013424874308268,+0000.0000839054644267,+0000.7809983912477990,+0000.0488123994529872
+0000.1672074797380988,+0000.0013301149192477,+0000.0000831321824530,+0000.7824746100331299,+0000.0489046631270704
+0000.1656706184587237,+0000.0013178893770771,+0000.0000823680860673,+0000.7839332932500067,+0000.0489958308281252
+0000.1641519757495891,+0000.0013058087613752,+0000.0000816130475859,+0000.7853746846507763,+0000.0490859177906734
+0000.1626512985428700,+0000.0012938710590201,+0000.0000808669411888,+0000.7867990244300438,+0000.0491749390268776
+0000.1611683374730680,+0000.0012820742863415,+0000.0000801296428963,+0000.7882065492684183,+0000.0492629093292760
+0000.1597028468308551,+0000.0012704164887532,+0000.0000794010305471,+0000.7895974923763247,+0000.0493498432735201
+0000.1582545845168947,+0000.0012588957403859,+0000.0000786809837741,+0000.7909720835378310,+0000.0494357552211143
+0000.1568233119956824,+0000.0012475101437202,+0000.0000779693839825,+0000.7923305491544612,+0000.0495206593221537
+0000.1554087942494432,+0000.0012362578292194,+0000.0000772661143262,+0000.7936731122889520,+0000.0496045695180593
+0000.1540107997321203,+0000.0012251369549639,+0000.0000765710596852,+0000.7949999927089231,+0000.0496874995443075
+0000.1526291003234889,+0000.0012141457062863,+0000.0000758841066429,+0000.7963114069304300,+0000.0497694629331517
+0000.1512634712834262,+0000.0012032822954071,+0000.0000752051434629,+0000.7976075682613684,+0000.0498504730163354
+0000.1499136912063642,+0000.0011925449610730,+0000.0000745340600671,+0000.7988886868447023,+0000.0499305429277937
+0000.1485795419759547,+0000.0011819319681956,+0000.0000738707480122,+0000.8001549697014940,+0000.0500096856063432
+0000.1472608087199698,+0000.0011714416074934,+0000.0000732151004683,+0000.8014066207737115,+0000.0500879137983568
+0000.1459572797654601,+0000.0011610721951345,+0000.0000725670121959,+0000.8026438409667856,+0000.0501652400604240
+0000.1446687465941943,+0000.0011508220723825,+0000.0000719263795239,+0000.8038668281919055,+0000.0502416767619939
+0000.1433950037983981,+0000.0011406896052440,+0000.0000712931003277,+0000.8050757774080286,+0000.0503172360880016
+0000.1421358490368104,+0000.0011306731841196,+0000.0000706670740075,+0000.8062708806635884,+0000.0503919300414741
+0000.1408910829910759,+0000.0011207712234566,+0000.0000700482014660,+0000.8074523271378837,+0000.0504657704461176
+0000.1396605093224864,+0000.0011109821614048,+0000.0000694363850878,+0000.8086203031821374,+0000.0505387689488834
+0000.1384439346290873,+0000.0011013044594759,+0000.0000688315287172,+0000.8097749923602066,+0000.0506109370225128
+0000.1372411684031611,+0000.0010917366022045,+0000.0000682335376378,+0000.8109165754889381,+0000.0506822859680585
+0000.1360520229891000,+0000.0010822770968136,+0000.0000676423185508,+0000.8120452306781514,+0000.0507528269173843
+0000.1348763135416785,+0000.0010729244728822,+0000.0000670577795551,+0000.8131611333702438,+0000.0508225708356401
+0000.1337138579847350,+0000.0010636772820171,+0000.0000664798301261,+0000.8142644563794088,+0000.0508915285237129
+0000.1325644769702711,+0000.0010545340975272,+0000.0000659083810954,+0000.8153553699304531,+0000.0509597106206532
+0000.1314279938379779,+0000.0010454935141015,+0000.0000653433446313,+0000.8164340416972135,+0000.0510271276060757
+0000.1303042345751934,+0000.0010365541474907,+0000.0000647846342182,+0000.8175006368405625,+0000.0510937898025350
+0000.1291930277773000,+0000.0010277146341925,+0000.0000642321646370,+0000.8185553180459961,+0000.0511597073778746
+0000.1280942046085650,+0000.0010189736311393,+0000.0000636858519462,+0000.8195982455607997,+0000.0512248903475499
+0000.1270075987634301,+0000.0010103298153910,+0000.0000631456134619,+0000.8206295772307924,+0000.0512893485769244
+0000.1259330464282536,+0000.0010017818838303,+0000.0000626113677394,+0000.8216494685366368,+0000.0513530917835397
+0000.1248703862435080,+0000.0009933285528621,+0000.0000620830345539,+0000.8226580726297188,+0000.0514161295393573
+0000.1238194592664353,+0000.0009849685581163,+0000.0000615605348823,+0000.8236555403675918,+0000.0514784712729743
+0000.1227801089341643,+0000.0009767006541546,+0000.0000610437908847,+0000.8246420203489848,+0000.0515401262718114
+0000.1217521810272880,+0000.0009685236141807,+0000.0000605327258863,+0000.8256176589483719,+0000.0516011036842731
+0000.1207355236339049,+0000.0009604362297541,+0000.0000600272643596,+0000.8265826003501000,+0000.0516614125218811
+0000.1197299871141244,+0000.0009524373105080,+0000.0000595273319067,+0000.8275369865820811,+0000.0517210616613799
+0000.1187354240650338,+0000.0009445256838702,+0000.0000590328552419,+0000.8284809575490395,+0000.0517800598468148
+0000.1177516892861308,+0000.0009367001947888,+0000.0000585437621743,+0000.8294146510653234,+0000.0518384156915825
+0000.1167786397452173,+0000.0009289597054603,+0000.0000580599815913,+0000.8303382028872766,+0000.0518961376804546
+0000.1158161345447551,+0000.0009213030950620,+0000.0000575814434414,+0000.8312517467451686,+0000.0519532341715728
+0000.1148640348886817,+0000.0009137292594884,+0000.0000571080787180,+0000.8321554143746935,+0000.0520097133984181
+0000.1139222040496854,+0000.0009062371110906,+0000.0000566398194432,+0000.8330493355480295,+0000.0520655834717516
+0000.1129905073369352,+0000.0008988255784195,+0000.0000561765986512,+0000.8339336381044652,+0000.0521208523815289
+0000.1120688120642665,+0000.0008914936059732,+0000.0000557183503733,+0000.8348084479805995,+0000.0521755279987873
+0000.1111569875188185,+0000.0008842401539469,+0000.0000552650096217,+0000.8356738892401065,+0000.0522296180775065
+0000.1102549049301192,+0000.0008770641979874,+0000.0000548165123742,+0000.8365300841030774,+0000.0522831302564421
+0000.1093624374396180,+0000.0008699647289505,+0000.0000543727955594,+0000.8373771529749386,+0000.0523360720609335
+0000.1084794600706607,+0000.0008629407526623,+0000.0000539337970414,+0000.8382152144749512,+0000.0523884509046843
+0000.1076058496989034,+0000.0008559912896838,+0000.0000534994556052,+0000.8390443854642897,+0000.0524402740915179
+0000.1067414850231635,+0000.0008491153750791,+0000.0000530697109424,+0000.8398647810737084,+0000.0524915488171066
+0000.1058862465367025,+0000.0008423120581867,+0000.0000526445036367,+0000.8406765147307993,+0000.0525422821706748
+0000.1050400164989374,+0000.0008355804023949,+0000.0000522237751497,+0000.8414796981868409,+0000.0525924811366773
+0000.1042026789075768,+0000.0008289194849197,+0000.0000518074678075,+0000.8422744415432433,+0000.0526421525964525
+0000.1033741194711781,+0000.0008223283965867,+0000.0000513955247867,+0000.8430608532775987,+0000.0526913033298497
+0000.1025542255821201,+0000.0008158062416161,+0000.0000509878901010,+0000.8438390402693298,+0000.0527399400168329
+0000.1017428862899888,+0000.0008093521374112,+0000.0000505845085882,+0000.8446091078249521,+0000.0527880692390593
+0000.1009399922753711,+0000.0008029652143493,+0000.0000501853258968,+0000.8453711597029486,+0000.0528356974814341
+0000.1001454358240507,+0000.0007966446155772,+0000.0000497902884736,+0000.8461252981382577,+0000.0528828311336409
+0000.0993591108016048,+0000.0007903894968086,+0000.0000493993435505,+0000.8468716238663871,+0000.0529294764916490
+0000.0985809126283940,+0000.0007841990261254,+0000.0000490124391328,+0000.8476102361471510,+0000.0529756397591967
+0000.0978107382549424,+0000.0007780723837817,+0000.0000486295239864,+0000.8483412327880377,+0000.0530213270492521
+0000.0970484861377032,+0000.0007720087620110,+0000.0000482505476257,+0000.8490647101672099,+0000.0530665443854504
+0000.0962940562152046,+0000.0007660073648366,+0000.0000478754603023,+0000.8497807632561477,+0000.0531112977035090
+0000.0955473498845716,+0000.0007600674078849,+0000.0000475042129928,+0000.8504894856419301,+0000.0531555928526204
+0000.0948082699784196,+0000.0007541881182012,+0000.0000471367573876,+0000.8511909695491690,+0000.0531994355968229
+0000.0940767207421132,+0000.0007483687340692,+0000.0000467730458793,+0000.8518853058615894,+0000.0532428316163491
+0000.0933526078113880,+0000.0007426085048328,+0000.0000464130315520,+0000.8525725841432727,+0000.0532857865089544
+0000.0926358381903287,+0000.0007369066907209,+0000.0000460566681701,+0000.8532528926595581,+0000.0533283057912222
+0000.0919263202296995,+0000.0007312625626752,+0000.0000457039101672,+0000.8539263183976078,+0000.0533703948998503
+0000.0912239636056216,+0000.0007256754021803,+0000.0000453547126363,+0000.8545929470866466,+0000.0534120591929152
+0000.0905286792985942,+0000.0007201445010970,+0000.0000450090313186,+0000.8552528632178733,+0000.0534533039511169
+0000.0898403795728528,+0000.0007146691614981,+0000.0000446668225936,+0000.8559061500640524,+0000.0534941343790031
+0000.0891589779560608,+0000.0007092486955069,+0000.0000443280434692,+0000.8565528896987893,+0000.0535345556061741
+0000.0884843892193299,+0000.0007038824251380,+0000.0000439926515711,+0000.8571931630154930,+0000.0535745726884681
+0000.0878165293575638,+0000.0006985696821412,+0000.0000436606051338,+0000.8578270497460341,+0000.0536141906091269
+0000.0871553155701222,+0000.0006933098078476,+0000.0000433318629905,+0000.8584546284790964,+0000.0536534142799433
+0000.0865006662417975,+0000.0006881021530183,+0000.0000430063845636,+0000.8590759766782311,+0000.0536922485423892
+0000.0858525009241033,+0000.0006829460776955,+0000.0000426841298560,+0000.8596911706996191,+0000.0537306981687260
+0000.0852107403168671,+0000.0006778409510561,+0000.0000423650594410,+0000.8603002858095400,+0000.0537687678630961
+0000.0845753062501237,+0000.0006727861512676,+0000.0000420491344542,+0000.8609033962015574,+0000.0538064622625972
+0000.0839461216663062,+0000.0006677810653465,+0000.0000417363165842,+0000.8615005750134243,+0000.0538437859383388
+0000.0833231106027269,+0000.0006628250890191,+0000.0000414265680637,+0000.8620918943437087,+0000.0538807433964816
+0000.0827061981743469,+0000.0006579176265840,+0000.0000411198516615,+0000.8626774252681484,+0000.0539173390792591
+0000.0820953105568283,+0000.0006530580907777,+0000.0000408161306736,+0000.8632572378557373,+0000.0539535773659834
+0000.0814903749698647,+0000.0006482459026420,+0000.0000405153689151,+0000.8638314011845443,+0000.0539894625740338
+0000.0808913196607866,+0000.0006434804913930,+0000.0000402175307121,+0000.8643999833572787,+0000.0540249989598297
+0000.0802980738884361,+0000.0006387612942936,+0000.0000399225808933,+0000.8649630515165901,+0000.0540601907197867
+0000.0797105679073077,+0000.0006340877565269,+0000.0000396304847829,+0000.8655206718601247,+0000.0540950419912576
+0000.0791287329519508,+0000.0006294593310722,+0000.0000393412081920,+0000.8660729096553272,+0000.0541295568534578
+0000.0785525012216296,+0000.0006248754785830,+0000.0000390547174114,+0000.8666198292540013,+0000.0541637393283749
+0000.0779818058652360,+0000.0006203356672669,+0000.0000387709792042,+0000.8671614941066289,+0000.0541975933816641
+0000.0774165809664522,+0000.0006158393727678,+0000.0000384899607980,+0000.8676979667764536,+0000.0542311229235282
+0000.0768567615291588,+0000.0006113860780495,+0000.0000382116298781,+0000.8682293089533307,+0000.0542643318095830
+0000.0763022834630834,+0000.0006069752732818,+0000.0000379359545801,+0000.8687555814673456,+0000.0542972238417089
+0000.0757530835696877,+0000.0006026064557282,+0000.0000376629034830,+0000.8692768443022131,+0000.0543298027688881
+0000.0752090995282876,+0000.0005982791296351,+0000.0000373924456022,+0000.8697931566084471,+0000.0543620722880278
+0000.0746702698824030,+0000.0005939928061239,+0000.0000371245503827,+0000.8703045767163207,+0000.0543940360447699
+0000.0741365340263342,+0000.0005897470030838,+0000.0000368591876927,+0000.8708111621486018,+0000.0544256976342875
+0000.0736078321919603,+0000.0005855412450666,+0000.0000365963278167,+0000.8713129696330885,+0000.0544570606020679
+0000.0730841054357564,+0000.0005813750631839,+0000.0000363359414490,+0000.8718100551149280,+0000.0544881284446828
+0000.0725652956260253,+0000.0005772479950052,+0000.0000360779996878,+0000.8723024737687357,+0000.0545189046105458
+0000.0720513454303423,+0000.0005731595844581,+0000.0000358224740286,+0000.8727902800105141,+0000.0545493925006569
+0000.0715421983032060,+0000.0005691093817301,+0000.0000355693363581,+0000.8732735275093704,+0000.0545795954693354
+0000.0710377984738955,+0000.0005650969431720,+0000.0000353185589483,+0000.8737522691990443,+0000.0546095168249401
+0000.0705380909345274,+0000.0005611218312029,+0000.0000350701144502,+0000.8742265572892420,+0000.0546391598305774
+0000.0700430214283115,+0000.0005571836142166,+0000.0000348239758885,+0000.8746964432767845,+0000.0546685277047988
+0000.0695525364380005,+0000.0005532818664900,+0000.0000345801166556,+0000.8751619779565682,+0000.0546976236222854
+0000.0690665831745316,+0000.0005494161680926,+0000.0000343385105058,+0000.8756232114323482,+0000.0547264507145216
+0000.0685851095658551,+0000.0005455861047978,+0000.0000340991315499,+0000.8760801931273385,+0000.0547550120704585
+0000.0681080642459487,+0000.0005417912679951,+0000.0000338619542497,+0000.8765329717946415,+0000.0547833107371650
+0000.0676353965440136,+0000.0005380312546045,+0000.0000336269534128,+0000.8769815955275007,+0000.0548113497204687
+0000.0671670564738486,+0000.0005343056669920,+0000.0000333941041870,+0000.8774261117693860,+0000.0548391319855865
+0000.0667029947234004,+0000.0005306141128862,+0000.0000331633820554,+0000.8778665673239134,+0000.0548666604577445
+0000.0662431626444869,+0000.0005269562052969,+0000.0000329347628311,+0000.8783030083645980,+0000.0548939380227872
+0000.0657875122426892,+0000.0005233315624343,+0000.0000327082226521,+0000.8787354804444466,+0000.0549209675277778
+0000.0653359961674117,+0000.0005197398076303,+0000.0000324837379769,+0000.8791640285053943,+0000.0549477517815870
+0000.0648885677021055,+0000.0005161805692606,+0000.0000322612855788,+0000.8795886968875815,+0000.0549742935554737
+0000.0644451807546530,+0000.0005126534806679,+0000.0000320408425417,+0000.8800095293384825,+0000.0550005955836550
+0000.0640057898479119,+0000.0005091581800872,+0000.0000318223862554,+0000.8804265690218781,+0000.0550266605638672
+0000.0635703501104138,+0000.0005056943105715,+0000.0000316058944107,+0000.8808398585266861,+0000.0550524911579178
+0000.0631388172672168,+0000.0005022615199191,+0000.0000313913449949,+0000.8812494398756421,+0000.0550780899922275
+0000.0627111476309086,+0000.0004988594606019,+0000.0000311787162876,+0000.8816553545338370,+0000.0551034596583647
+0000.0622872980927568,+0000.0004954877896955,+0000.0000309679868560,+0000.8820576434171218,+0000.0551286027135700
+0000.0618672261140057,+0000.0004921461688091,+0000.0000307591355506,+0000.8824563469003626,+0000.0551535216812725
+0000.0614508897173151,+0000.0004888342640182,+0000.0000305521415011,+0000.8828515048255677,+0000.0551782190515979
+0000.0610382474783405,+0000.0004855517457972,+0000.0000303469841123,+0000.8832431565098824,+0000.0552026972818675
+0000.0606292585174504,+0000.0004822982889537,+0000.0000301436430596,+0000.8836313407534458,+0000.0552269587970902
+0000.0602238824915802,+0000.0004790735725636,+0000.0000299420982852,+0000.8840160958471259,+0000.0552510059904452
+0000.0598220795862186,+0000.0004758772799074,+0000.0000297423299942,+0000.8843974595801222,+0000.0552748412237575
+0000.0594238105075263,+0000.0004727090984073,+0000.0000295443186505,+0000.8847754692474504,+0000.0552984668279655
+0000.0590290364745822,+0000.0004695687195660,+0000.0000293480449729,+0000.8851501616572979,+0000.0553218851035810
+0000.0586377192117572,+0000.0004664558389056,+0000.0000291534899316,+0000.8855215731382643,+0000.0553450983211414
+0000.0582498209412120,+0000.0004633701559078,+0000.0000289606347442,+0000.8858897395464809,+0000.0553681087216549
+0000.0578653043755176,+0000.0004603113739560,+0000.0000287694608722,+0000.8862546962726160,+0000.0553909185170384
+0000.0574841327103951,+0000.0004572792002764,+0000.0000285799500173,+0000.8866164782487639,+0000.0554135298905476
+0000.0571062696175753,+0000.0004542733458823,+0000.0000283920841176,+0000.8869751199552236,+0000.0554359449972013
+0000.0567316792377724,+0000.0004512935255174,+0000.0000282058453448,+0000.8873306554271674,+0000.0554581659641978
