+0001.0000000000000000,+0000.0000000000000000,+0000.0000000000000000,+0000.0000000000000000,+0000.0000000000000000,+0000.0000000000000000,+0000.0000000000000000,+0000.0000000000000000,+0000.0000000000000000,+0000.0000000000000000,+0000.0000000000000000,+0000.0000000000000000
+0000.9999633749022256,+0000.0000240947829811,+0000.0000086743308850,+0000.0000000001451496,+0000.0000000005805845,+0000.0000000000000001,+0000.0000000000000022,+0000.0000000000000001,+0000.0000000000000010,+0000.0000038552581711,+0000.0000000000000000,+0000.0000000000000000
+0000.9998553570253783,+0000.0000963667470912,+0000.0000222048062071,+0000.0000000014862608,+0000.0000000092883559,+0000.0000000000000057,+0000.0000000000001293,+0000.0000000000000030,+0000.0000000000000669,+0000.0000260606465015,+0000.0000000000000000,+0000.0000000000000002
+0000.9996697001520410,+0000.0002167747334870,+0000.0000333164406869,+0000.0000000054356857,+0000.0000000470133916,+0000.0000000000000420,+0000.0000000000012422,+0000.0000000000000288,+0000.0000000000008066,+0000.0000801562225741,+0000.0000000000000006,+0000.0000000000000135
+0000.9993986532508908,+0000.0003852427132698,+0000.0000410549235334,+0000.0000000130185372,+0000.0000001485437291,+0000.0000000000001549,+0000.0000000000058503,+0000.0000000000001326,+0000.0000000000046270,+0000.0001748875390408,+0000.0000000000000087,+0000.0000000000002259
+0000.9990368393918028,+0000.0006016565037598,+0000.0000460759244919,+0000.0000000248313924,+0000.0000003625181761,+0000.0000000000003972,+0000.0000000000187993,+0000.0000000000004077,+0000.0000000000174753,+0000.0003150407914570,+0000.0000000000000570,+0000.0000000000017834
+0000.9985812317511384,+0000.0008658629176916,+0000.0000492152815331,+0000.0000000411744687,+0000.0000007513574873,+0000.0000000000008155,+0000.0000000000476595,+0000.0000000000009699,+0000.0000000000505347,+0000.0005028974084167,+0000.0000000000002440,+0000.0000000000090407
+0000.9980303981845363,+0000.0011776700080769,+0000.0000511338992891,+0000.0000000621746939,+0000.0000013911746912,+0000.0000000000014443,+0000.0000000001029063,+0000.0000000000019366,+0000.0000000001215428,+0000.0007393442958936,+0000.0000000000007878,+0000.0000000000342009
+0000.9973838446455818,+0000.0015368476210949,+0000.0000522857533494,+0000.0000000878676456,+0000.0000023716653941,+0000.0000000000023063,+0000.0000000001979845,+0000.0000000000034101,+0000.0000000002556586,+0000.0010245618803625,+0000.0000000000020838,+0000.0000000001051287
+0000.9966415862227491,+0000.0019431279522538,+0000.0000529639190489,+0000.0000001182450247,+0000.0000037959785926,+0000.0000000000034146,+0000.0000000003493131,+0000.0000000000054699,+0000.0000000004859471,+0000.0013584065565602,+0000.0000000000047563,+0000.0000000002768697
+0000.9958039001015783,+0000.0023962060372320,+0000.0000533516916454,+0000.0000001532797605,+0000.0000057805683168,+0000.0000000000047756,+0000.0000000005762634,+0000.0000000000081717,+0000.0000000008535953,+0000.0017406062217886,+0000.0000000000096981,+0000.0000000006471744
+0000.9948711948176137,+0000.0028957401933040,+0000.0000535617289106,+0000.0000001929381960,+0000.0000084550263498,+0000.0000000000063913,+0000.0000000009011260,+0000.0000000000115503,+0000.0000000014079603,+0000.0021708515743574,+0000.0000000000180972,+0000.0000000013761433
+0000.9938439463114939,+0000.0034413524444699,+0000.0000536625897767,+0000.0000002371853664,+0000.0000119618962737,+0000.0000000000082614,+0000.0000000013490708,+0000.0000000000156247,+0000.0000000022065228,+0000.0026488332516970,+0000.0000000000314507,+0000.0000000027099916
+0000.9927226696567399,+0000.0040326289576986,+0000.0000536957578443,+0000.0000002859868382,+0000.0000164564691377,+0000.0000000000103845,+0000.0000000019481057,+0000.0000000000204026,+0000.0000000033147916,+0000.0031742528176302,+0000.0000000000515717,+0000.0000000050088549
+0000.9915079085928049,+0000.0046691205076294,+0000.0000536862517797,+0000.0000003393089804,+0000.0000221065610934,+0000.0000000000127582,+0000.0000000027290320,+0000.0000000000258848,+0000.0000000048061833,+0000.0037468223447536,+0000.0000000000805874,+0000.0000000087785130
+0000.9902002332335691,+0000.0053503429787573,+0000.0000536491340251,+0000.0000003971186180,+0000.0000290922733886,+0000.0000000000153804,+0000.0000000037253965,+0000.0000000000320674,+0000.0000000067618914,+0000.0043662599000928,+0000.0000000001209351,+0000.0000000147058784
+0000.9888002410466156,+0000.0060757779086747,+0000.0000535934670253,+0000.0000004593825175,+0000.0000376057351510,+0000.0000000000182485,+0000.0000000049734422,+0000.0000000000389448,+0000.0000000092707476,+0000.0050322842852033,+0000.0000000001753542,+0000.0000000236980755
+0000.9873085587637925,+0000.0068448730728299,+0000.0000535247050492,+0000.0000005260668983,+0000.0000478508294290,+0000.0000000000213605,+0000.0000000065120543,+0000.0000000000465098,+0000.0000000124290772,+0000.0057446103812003,+0000.0000000002468776,+0000.0000000369249213
+0000.9857258442102306,+0000.0076570431097144,+0000.0000534461355674,+0000.0000005971370362,+0000.0000600429029812,+0000.0000000000247139,+0000.0000000083827034,+0000.0000000000547553,+0000.0000000163405494,+0000.0065029454983259,+0000.0000000003388210,+0000.0000000558646014
+0000.9840527876892254,+0000.0085116701847354,+0000.0000533597461663,+0000.0000006725569690,+0000.0000744084603385,+0000.0000000000283067,+0000.0000000106293857,+0000.0000000000636740,+0000.0000000211160195,+0000.0073069867180853,+0000.0000000004547727,+0000.0000000823523216
+0000.9822901128564874,+0000.0094081046908458,+0000.0000532667453200,+0000.0000007522892920,+0000.0000911848426816,+0000.0000000000321366,+0000.0000000132985591,+0000.0000000000732588,+0000.0000000268733642,+0000.0081564190677702,+0000.0000000005985814,+0000.0000001186317028
+0000.9804385771360511,+0000.0103456659840251,+0000.0000531678749817,+0000.0000008362950245,+0000.0001106198921036,+0000.0000000000362015,+0000.0000000164390765,+0000.0000000000835029,+0000.0000000337373075,+0000.0090509143387089,+0000.0000000007743451,+0000.0000001674086715
+0000.9784989717652699,+0000.0113236431517939,+0000.0000530635981178,+0000.0000009245335301,+0000.0001329716018441,+0000.0000000000404992,+0000.0000000201021155,+0000.0000000000943995,+0000.0000000418392396,+0000.0099901303792025,+0000.0000000009863977,+0000.0000002319075900
+0000.9764721215554032,+0000.0123412958130403,+0000.0000529542111687,+0000.0000010169624756,+0000.0001585077531055,+0000.0000000000450274,+0000.0000000243411054,+0000.0000000001059419,+0000.0000000513170257,+0000.0109737107270564,+0000.0000000012392962,+0000.0000003159293537
+0000.9743588844404404,+0000.0133978549475074,+0000.0000528399114669,+0000.0000011135378168,+0000.0001875055390768,+0000.0000000000497839,+0000.0000000292116508,+0000.0000000001181235,+0000.0000000623148068,+0000.0120012844803414,+0000.0000000015378071,+0000.0000004239111779
+0000.9721601508705030,+0000.0144925237533422,+0000.0000527208376362,+0000.0000012142138042,+0000.0002202511768101,+0000.0000000000547662,+0000.0000000347714523,+0000.0000000001309375,+0000.0000000749827930,+0000.0130724663332812,+0000.0000000018868919,+0000.0000005609877825
+0000.9698768430915446,+0000.0156244785311278,+0000.0000525970937889,+0000.0000013189430011,+0000.0002570395076061,+0000.0000000000599718,+0000.0000000410802254,+0000.0000000001443771,+0000.0000000894770476,+0000.0141868567259382,+0000.0000000022916925,+0000.0000007330536789
+0000.9675099143414574,+0000.0167928695928309,+0000.0000524687640082,+0000.0000014276763116,+0000.0002981735865837,+0000.0000000000653983,+0000.0000000481996155,+0000.0000000001584354,+0000.0000001059592642,+0000.0153440420723248,+0000.0000000027575156,+0000.0000009468262545
+0000.9650603479839457,+0000.0179968221940933,+0000.0000523359210064,+0000.0000015403630145,+0000.0003439642621154,+0000.0000000000710429,+0000.0000000561931113,+0000.0000000001731052,+0000.0000001245965371,+0000.0165435950428682,+0000.0000000032898172,+0000.0000012099093428
+0000.9625291565952995,+0000.0192354374882903,+0000.0000521986312917,+0000.0000016569508020,+0000.0003947297458230,+0000.0000000000769031,+0000.0000000651259561,+0000.0000000001883792,+0000.0000001455611239,+0000.0177850748849777,+0000.0000000038941860,+0000.0000015308569675
+0000.9599173810148072,+0000.0205077935007660,+0000.0000520569582423,+0000.0000017773858214,+0000.0004507951738368,+0000.0000000000829760,+0000.0000000750650562,+0000.0000000002042499,+0000.0000001690302027,+0000.0190680277707740,+0000.0000000045763272,+0000.0000019192369407
+0000.9572260893665618,+0000.0218129461216496,+0000.0000519109639252,+0000.0000019016127195,+0000.0005124921600252,+0000.0000000000892587,+0000.0000000860788882,+0000.0000000002207095,+0000.0000001951856228,+0000.0203919871645987,+0000.0000000053420448,+0000.0000023856939958
+0000.9544563760583928,+0000.0231499301156487,+0000.0000517607101645,+0000.0000020295746884,+0000.0005801583419101,+0000.0000000000957483,+0000.0000000982374037,+0000.0000000002377502,+0000.0000002242136500,+0000.0217564742052826,+0000.0000000061972250,+0000.0000029420121355
+0000.9516093607622983,+0000.0245177601472102,+0000.0000516062591573,+0000.0000021612135130,+0000.0006541369199834,+0000.0000000001024417,+0000.0000001116119330,+0000.0000000002553638,+0000.0000002563047073,+0000.0231609980996999,+0000.0000000071478179,+0000.0000036011758744
+0000.9486861873798753,+0000.0259154318194433,+0000.0000514476738205,+0000.0000022964696192,+0000.0007347761911434,+0000.0000000001093359,+0000.0000001262750870,+0000.0000000002735419,+0000.0000002916531097,+0000.0246050565251465,+0000.0000000081998202,+0000.0000043774300572
+0000.9456880229956396,+0000.0273419227251988,+0000.0000512850179747,+0000.0000024352821234,+0000.0008224290769696,+0000.0000000001164277,+0000.0000001423006575,+0000.0000000002922760,+0000.0000003304567968,+0000.0260881360387406,+0000.0000000093592570,+0000.0000052863379386
+0000.9426160568207334,+0000.0287961935087088,+0000.0000511183564318,+0000.0000025775888827,+0000.0009174526475524,+0000.0000000001237138,+0000.0000001597635169,+0000.0000000003115573,+0000.0000003729170593,+0000.0276097124924673,+0000.0000000106321636,+0000.0000063448372132
+0000.9394714991292656,+0000.0302771889362036,+0000.0000509477550230,+0000.0000027233265452,+0000.0010202076415904,+0000.0000000001311908,+0000.0000001787395166,+0000.0000000003313768,+0000.0000004192382641,+0000.0291692514527684,+0000.0000000120245674,+0000.0000075712936879
+0000.9362555801893352,+0000.0317838389739343,+0000.0000507732805935,+0000.0000028724306011,+0000.0011310579834659,+0000.0000000001388555,+0000.0000001993053838,+0000.0000000003517255,+0000.0000004696275753,+0000.0307662086237597,+0000.0000000135424697,+0000.0000089855523005
+0000.9329695491906531,+0000.0333150598720529,+0000.0000505950009748,+0000.0000030248354345,+0000.0012503702980006,+0000.0000000001467044,+0000.0000002215386190,+0000.0000000003725941,+0000.0000005242946731,+0000.0324000302732767,+0000.0000000151918276,+0000.0000106089851893
+0000.9296146731706002,+0000.0348697552528209,+0000.0000504129849449,+0000.0000031804743747,+0000.0013785134235888,+0000.0000000001547339,+0000.0000002455173916,+0000.0000000003939730,+0000.0000005834514705,+0000.0340701536610343,+0000.0000000169785356,+0000.0000124645365318
+0000.9261922359404460,+0000.0364468172016435,+0000.0000502273021818,+0000.0000033392797484,+0000.0015158579243941,+0000.0000000001629404,+0000.0000002713204360,+0000.0000000004158525,+0000.0000006473118284,+0000.0357760074682416,+0000.0000000189084079,+0000.0000145767638791
+0000.9227035370134127,+0000.0380451273594547,+0000.0000500380232114,+0000.0000035011829319,+0000.0016627756022904,+0000.0000000001713205,+0000.0000002990269465,+0000.0000000004382230,+0000.0000007160912693,+0000.0375170122280578,+0000.0000000209871604,+0000.0000169718757212
+0000.9191498905361781,+0000.0396635580150115,+0000.0000498452193540,+0000.0000036661144032,+0000.0018196390092123,+0000.0000000001798704,+0000.0000003287164728,+0000.0000000004610744,+0000.0000007900066905,+0000.0392925807563067,+0000.0000000232203931,+0000.0000196777650329
+0000.9155326242253736,+0000.0413009731956838,+0000.0000496489626685,+0000.0000038340037940,+0000.0019868209605728,+0000.0000000001885863,+0000.0000003604688155,+0000.0000000004843966,+0000.0000008692760759,+0000.0411021185819002,+0000.0000000256135729,+0000.0000227240385601
+0000.9118530783105496,+0000.0429562297553678,+0000.0000494493258971,+0000.0000040047799421,+0000.0021646940503914,+0000.0000000001974646,+0000.0000003943639212,+0000.0000000005081794,+0000.0000009541182092,+0000.0429450243764409,+0000.0000000281720161,+0000.0000261420416210
+0000.9081126044850377,+0000.0446281784581850,+0000.0000492463824088,+0000.0000041783709433,+0000.0023536301687618,+0000.0000000002065013,+0000.0000004304817781,+0000.0000000005324124,+0000.0000010447523860,+0000.0448206903825040,+0000.0000000309008721,+0000.0000299648782098
+0000.9043125648660617,+0000.0463156650566681,+0000.0000490402061437,+0000.0000043547042035,+0000.0025540000222766,+0000.0000000002156927,+0000.0000004689023124,+0000.0000000005570851,+0000.0000011413981273,+0000.0467285028401162,+0000.0000000338051068,+0000.0000342274262056
+0000.9004543309653956,+0000.0480175313631787,+0000.0000488308715571,+0000.0000045337064896,+0000.0027661726580089,+0000.0000000002250349,+0000.0000005097052850,+0000.0000000005821870,+0000.0000012442748945,+0000.0486678424109770,+0000.0000000368894869,+0000.0000389663475049
+0000.8965392826717921,+0000.0497326163133403,+0000.0000486184535651,+0000.0000047153039817,+0000.0029905149916363,+0000.0000000002345238,+0000.0000005529701884,+0000.0000000006077074,+0000.0000013536018043,+0000.0506380845999849,+0000.0000000401585639,+0000.0000442200929120
+0000.8925688072463527,+0000.0514597570203165,+0000.0000484030274895,+0000.0000048994223235,+0000.0032273913402769,+0000.0000000002441557,+0000.0000005987761453,+0000.0000000006336354,+0000.0000014695973475,+0000.0526386001736595,+0000.0000000436166598,+0000.0000500289016378
+0000.8885442983319272,+0000.0531977898188075,+0000.0000481846690046,+0000.0000050859866731,+0000.0034771629605904,+0000.0000000002539264,+0000.0000006472018074,+0000.0000000006599601,+0000.0000015924791081,+0000.0546687555750675,+0000.0000000472678520,+0000.0000564347952756
+0000.8844671549775727,+0000.0549455512976825,+0000.0000479634540839,+0000.0000052749217533,+0000.0037401875926772,+0000.0000000002638320,+0000.0000006983252557,+0000.0000000006866707,+0000.0000017224634860,+0000.0567279133348874,+0000.0000000511159599,+0000.0000634815661385
+0000.8803387806790300,+0000.0567018793202131,+0000.0000477394589482,+0000.0000054661519010,+0000.0040168190102973,+0000.0000000002738685,+0000.0000007522239018,+0000.0000000007137560,+0000.0000018597654217,+0000.0588154324782676,+0000.0000000551645313,+0000.0000712147598635
+0000.8761605824361077,+0000.0584656140309156,+0000.0000475127600144,+0000.0000056596011166,+0000.0043074065779048,+0000.0000000002840317,+0000.0000008089743904,+0000.0000000007412050,+0000.0000020045981255,+0000.0609306689271568,+0000.0000000594168296,+0000.0000796816522019
+0000.8719339698277944,+0000.0602355988480620,+0000.0000472834338452,+0000.0000058551931127,+0000.0046122948149833,+0000.0000000002943176,+0000.0000008686525032,+0000.0000000007690065,+0000.0000021571728081,+0000.0630729758978062,+0000.0000000638758223,+0000.0000889312199387
+0000.8676603541058503,+0000.0620106814409572,+0000.0000470515570999,+0000.0000060528513621,+0000.0049318229681438,+0000.0000000003047221,+0000.0000009313330646,+0000.0000000007971492,+0000.0000023176984170,+0000.0652417042931677,+0000.0000000685441689,+0000.0000990141058974
+0000.8633411473075636,+0000.0637897146911363,+0000.0000468172064861,+0000.0000062524991449,+0000.0052663245914306,+0000.0000000003152411,+0000.0000009970898487,+0000.0000000008256219,+0000.0000024863813752,+0000.0674362030899300,+0000.0000000734242109,+0000.0001099825780108
+0000.8589777613882857,+0000.0655715576366723,+0000.0000465804587128,+0000.0000064540595957,+0000.0056161271352614,+0000.0000000003258704,+0000.0000010659954880,+0000.0000000008544134,+0000.0000026634253259,+0000.0696558197199609,+0000.0000000785179616,+0000.0001218904824521
+0000.8545716073742982,+0000.0673550763988366,+0000.0000463413904440,+0000.0000066574557498,+0000.0059815515444097,+0000.0000000003366060,+0000.0000011381213838,+0000.0000000008835122,+0000.0000028490308799,+0000.0718999004459397,+0000.0000000838270969,+0000.0001347931908431
+0000.8501240945364945,+0000.0691391450903970,+0000.0000461000782539,+0000.0000068626105880,+0000.0063629118654178,+0000.0000000003474437,+0000.0000012135376190,+0000.0000000009129071,+0000.0000030433953697,+0000.0741677907309885,+0000.0000000893529466,+0000.0001487475415745
+0000.8456366295852941,+0000.0709226467048812,+0000.0000458565985832,+0000.0000070694470816,+0000.0067605148638109,+0000.0000000003583793,+0000.0000012923128721,+0000.0000000009425866,+0000.0000032467126072,+0000.0764588356021264,+0000.0000000950964875,+0000.0001638117752899
+0000.8411106158871549,+0000.0727044739861806,+0000.0000456110276964,+0000.0000072778882366,+0000.0071746596514629,+0000.0000000003694088,+0000.0000013745143341,+0000.0000000009725393,+0000.0000034591726476,+0000.0787723800073953,+0000.0000001010583359,+0000.0001800454646079
+0000.8365474527029724,+0000.0744835302779085,+0000.0000453634416403,+0000.0000074878571363,+0000.0076056373244475,+0000.0000000003805279,+0000.0000014602076264,+0000.0000000010027540,+0000.0000036809615584,+0000.0811077691665171,+0000.0000001072387417,+0000.0001975094381693
+0000.8319485344486125,+0000.0762587303519708,+0000.0000451139162039,+0000.0000076992769837,+0000.0080537306116885,+0000.0000000003917326,+0000.0000015494567221,+0000.0000000010332191,+0000.0000039122611947,+0000.0834643489149667,+0000.0000001136375835,+0000.0002162656991216
+0000.8273152499777533,+0000.0780290012158476,+0000.0000448625268792,+0000.0000079120711434,+0000.0085192135347036,+0000.0000000004030187,+0000.0000016423238690,+0000.0000000010639233,+0000.0000041532489795,+0000.0858414660413555,+0000.0000001202543636,+0000.0002363773381635
+0000.8226489818871661,+0000.0797932828981236,+0000.0000446093488233,+0000.0000081261631822,+0000.0090023510787204,+0000.0000000004143820,+0000.0000017388695145,+0000.0000000010948553,+0000.0000044040976913,+0000.0882384686180415,+0000.0000001270882051,+0000.0002579084412949
+0000.8179511058445142,+0000.0815505292118442,+0000.0000443544568222,+0000.0000083414769083,+0000.0095033988754232,+0000.0000000004258186,+0000.0000018391522337,+0000.0000000011260038,+0000.0000046649752569,+0000.0906547063248932,+0000.0000001341378487,+0000.0002809239924331
+0000.8132229899386875,+0000.0832997084953115,+0000.0000440979252548,+0000.0000085579364115,+0000.0100226028975705,+0000.0000000004373242,+0000.0000019432286595,+0000.0000000011573573,+0000.0000049360445520,+0000.0930895307661490,+0000.0000001414016513,+0000.0003054897710711
+0000.8084659940526554,+0000.0850398043299716,+0000.0000438398280591,+0000.0000087754661001,+0000.0105601991657069,+0000.0000000004488948,+0000.0000020511534153,+0000.0000000011889046,+0000.0000052174632069,+0000.0955422957803295,+0000.0000001488775842,+0000.0003316722451714
+0000.8036814692587700,+0000.0867698162350778,+0000.0000435802386994,+0000.0000089939907392,+0000.0111164134671752,+0000.0000000004605263,+0000.0000021629790503,+0000.0000000012206346,+0000.0000055093834207,+0000.0980123577431676,+0000.0000001565632338,+0000.0003595384595050
+0000.7988707572364084,+0000.0884887603388520,+0000.0000433192301340,+0000.0000092134354866,+0000.0116914610876144,+0000.0000000004722147,+0000.0000022787559770,+0000.0000000012525359,+0000.0000058119517810,+0000.1004990758635376,+0000.0000001644558016,+0000.0003891559196567
+0000.7940351897118060,+0000.0901956700258944,+0000.0000430568747850,+0000.0000094337259283,+0000.0122855465551161,+0000.0000000004839559,+0000.0000023985324123,+0000.0000000012845975,+0000.0000061253090917,+0000.1030018124723707,+0000.0000001725521059,+0000.0004205924719361
+0000.7891760879198931,+0000.0918895965606289,+0000.0000427932445089,+0000.0000096547881134,+0000.0128988633971906,+0000.0000000004957459,+0000.0000025223543201,+0000.0000000013168082,+0000.0000064495902074,+0000.1055199333045556,+0000.0000001808485840,+0000.0004539161794441
+0000.7842947620879128,+0000.0935696096865965,+0000.0000425284105682,+0000.0000098765485879,+0000.0135315939106792,+0000.0000000005075808,+0000.0000026502653574,+0000.0000000013491571,+0000.0000067849238753,+0000.1080528077738307,+0000.0000001893412957,+0000.0004891951945586
+0000.7793925109405704,+0000.0952347982014427,+0000.0000422624436048,+0000.0000100989344272,+0000.0141839089447330,+0000.0000000005194565,+0000.0000027823068230,+0000.0000000013816331,+0000.0000071314325848,+0000.1105998092406817,+0000.0000001980259265,+0000.0005264976281162
+0000.7744706212264273,+0000.0968842705074711,+0000.0000419954136136,+0000.0000103218732684,+0000.0148559676969587,+0000.0000000005313692,+0000.0000029185176087,+0000.0000000014142254,+0000.0000074892324243,+0000.1131603152732659,+0000.0000002068977931,+0000.0005658914155743
+0000.7695303672652329,+0000.0985171551376616,+0000.0000417273899182,+0000.0000105452933415,+0000.0155479175228190,+0000.0000000005433149,+0000.0000030589341540,+0000.0000000014469232,+0000.0000078584329452,+0000.1157337079013872,+0000.0000002159518483,+0000.0006074441804539
+0000.7645730105158630,+0000.1001326012570799,+0000.0000414584411468,+0000.0000107691234994,+0000.0162598937583570,+0000.0000000005552898,+0000.0000032035904023,+0000.0000000014797156,+0000.0000082391370347,+0000.1183193738635562,+0000.0000002251826876,+0000.0006512230953678
+0000.7595997991645049,+0000.1017297791396284,+0000.0000411886352102,+0000.0000109932932471,+0000.0169920195562978,+0000.0000000005672900,+0000.0000033525177616,+0000.0000000015125922,+0000.0000086314407950,+0000.1209167048471665,+0000.0000002345845561,+0000.0006972947409502
+0000.7546119677327232,+0000.1033078806201122,+0000.0000409180392798,+0000.0000112177327704,+0000.0177444057355661,+0000.0000000005793118,+0000.0000035057450666,+0000.0000000015455423,+0000.0000090354334312,+0000.1235250977218289,+0000.0000002441513561,+0000.0007457249630115
+0000.7496107367050076,+0000.1048661195216186,+0000.0000406467197678,+0000.0000114423729634,+0000.0185171506442401,+0000.0000000005913513,+0000.0000036632985448,+0000.0000000015785554,+0000.0000094511971464,+0000.1261439547659010,+0000.0000002538766559,+0000.0007965787282478
+0000.7445973121754055,+0000.1064037320582287,+0000.0000403747423073,+0000.0000116671454550,+0000.0193103400359500,+0000.0000000006034048,+0000.0000038252017846,+0000.0000000016116212,+0000.0000098788070451,+0000.1287726838862573,+0000.0000002637536985,+0000.0008499199788421
+0000.7395728855128185,+0000.1079199772131034,+0000.0000401021717340,+0000.0000118919826347,+0000.0201240469597096,+0000.0000000006154686,+0000.0000039914757065,+0000.0000000016447294,+0000.0000103183310442,+0000.1314106988313415,+0000.0000002737754119,+0000.0009058114862974
+0000.7345386330445387,+0000.1094141370920025,+0000.0000398290720693,+0000.0000121168176778,+0000.0209583316631594,+0000.0000000006275392,+0000.0000041621385379,+0000.0000000016778699,+0000.0000107698297918,+0000.1340574193975459,+0000.0000002839344191,+0000.0009643147048485
+0000.7294957157575894,+0000.1108855172523210,+0000.0000395555065032,+0000.0000123415845688,+0000.0218132415091786,+0000.0000000006396127,+0000.0000043372057895,+0000.0000000017110326,+0000.0000112333565939,+0000.1367122716289614,+0000.0000002942230493,+0000.0010254896247995
+0000.7244452790174312,+0000.1123334470077414,+0000.0000392815373795,+0000.0000125662181252,+0000.0226888109058146,+0000.0000000006516858,+0000.0000045166902356,+0000.0000000017442076,+0000.0000117089573493,+0000.1393746880105422,+0000.0000003046333496,+0000.0010893946261381
+0000.7193884523035908,+0000.1137572797086192,+0000.0000390072261807,+0000.0000127906540193,+0000.0235850612494574,+0000.0000000006637549,+0000.0000047006018967,+0000.0000000017773850,+0000.0000121966704918,+0000.1420441076547266,+0000.0000003151570974,+0000.0011560863327800
+0000.7143263489617672,+0000.1151563929982409,+0000.0000387326335149,+0000.0000130148287998,+0000.0245020008811781,+0000.0000000006758165,+0000.0000048889480255,+0000.0000000018105552,+0000.0000126965269403,+0000.1447199764815561,+0000.0000003257858128,+0000.0012256194677930
+0000.7092600659719651,+0000.1165301890451054,+0000.0000384578191023,+0000.0000132386799122,+0000.0254396250561301,+0000.0000000006878671,+0000.0000050817330948,+0000.0000000018437085,+0000.0000132085500575,+0000.1474017473923303,+0000.0000003365107719,+0000.0012980467099547
+0000.7041906837322213,+0000.1178780947514016,+0000.0000381828417640,+0000.0000134621457187,+0000.0263979159259026,+0000.0000000006999034,+0000.0000052789587890,+0000.0000000018768356,+0000.0000137327556150,+0000.1500888804368358,+0000.0000003473230210,+0000.0013734185519924
+0000.6991192658574679,+0000.1191995619378665,+0000.0000379077594105,+0000.0000136851655166,+0000.0273768425336980,+0000.0000000007119220,+0000.0000054806239983,+0000.0000000019099271,+0000.0000142691517672,+0000.1527808429741835,+0000.0000003582133900,+0000.0014517831608524
+0000.6940468589931115,+0000.1204940675052296,+0000.0000376326290315,+0000.0000139076795566,+0000.0283763608221930,+0000.0000000007239197,+0000.0000056867248153,+0000.0000000019429739,+0000.0000148177390319,+0000.1554771098272857,+0000.0000003691725079,+0000.0015331862403432
+0000.6889744926428816,+0000.1217611135724587,+0000.0000373575066860,+0000.0000141296290599,+0000.0293964136539285,+0000.0000000007358933,+0000.0000058972545345,+0000.0000000019759669,+0000.0000153785102799,+0000.1581771634310027,+0000.0000003801908168,+0000.0016176708964910
+0000.6839031790105318,+0000.1230002275920429,+0000.0000370824474943,+0000.0000143509562343,+0000.0304369308440602,+0000.0000000007478394,+0000.0000061122036546,+0000.0000000020088972,+0000.0000159514507299,+0000.1608804939739847,+0000.0000003912585882,+0000.0017052775059420
+0000.6788339128549739,+0000.1242109624425606,+0000.0000368075056291,+0000.0000145716042895,+0000.0314978292052891,+0000.0000000007597551,+0000.0000063315598835,+0000.0000000020417560,+0000.0000165365379531,+0000.1635865995342333,+0000.0000004023659379,+0000.0017960435877389
+0000.6737676713584324,+0000.1253928964987943,+0000.0000365327343086,+0000.0000147915174519,+0000.0325790126047761,+0000.0000000007716372,+0000.0000065553081453,+0000.0000000020745347,+0000.0000171337418834,+0000.1662949862084014,+0000.0000004135028423,+0000.0018900036787924
+0000.6687054140072259,+0000.1265456336796715,+0000.0000362581857898,+0000.0000150106409781,+0000.0336803720328352,+0000.0000000007834827,+0000.0000067834305910,+0000.0000000021072248,+0000.0000177430248356,+0000.1690051682348505,+0000.0000004246591546,+0000.0019871892133599
+0000.6636480824847805,+0000.1276688034743220,+0000.0000359839113626,+0000.0000152289211681,+0000.0348017856831832,+0000.0000000007952887,+0000.0000070159066109,+0000.0000000021398181,+0000.0000183643415306,+0000.1717166681104793,+0000.0000004358246208,+0000.0020876284068356
+0000.6585966005764942,+0000.1287620609465563,+0000.0000357099613439,+0000.0000154463053770,+0000.0359431190445162,+0000.0000000008070521,+0000.0000072527128495,+0000.0000000021723063,+0000.0000189976391271,+0000.1744290167013345,+0000.0000004469888967,+0000.0021913461441461
+0000.6535518740860945,+0000.1298250867180866,+0000.0000354363850738,+0000.0000156627420263,+0000.0371042250031675,+0000.0000000008187703,+0000.0000074938232233,+0000.0000000022046814,+0000.0000196428572611,+0000.1771417533470148,+0000.0000004581415647,+0000.0022983638730356
+0000.6485147907631206,+0000.1308575869308197,+0000.0000351632309106,+0000.0000158781806145,+0000.0382849439565908,+0000.0000000008304403,+0000.0000077392089407,+0000.0000000022369356,+0000.0000202999280912,+0000.1798544259588726,+0000.0000004692721502,+0000.0024086995025131
+0000.6434862202411946,+0000.1318592931885703,+0000.0000348905462278,+0000.0000160925717264,+0000.0394851039374033,+0000.0000000008420594,+0000.0000079888385243,+0000.0000000022690611,+0000.0000209687763505,+0000.1825665911120194,+0000.0000004803701388,+0000.0025223673067239
+0000.6384670139867460,+0000.1328299624785516,+0000.0000346183774109,+0000.0000163058670420,+0000.0407045207477104,+0000.0000000008536250,+0000.0000082426778356,+0000.0000000023010504,+0000.0000216493194060,+0000.1852778141311365,+0000.0000004914249932,+0000.0026393778344926
+0000.6334580052578698,+0000.1337693770730167,+0000.0000343467698551,+0000.0000165180193444,+0000.0419429981034230,+0000.0000000008651344,+0000.0000085006901015,+0000.0000000023328960,+0000.0000223414673226,+0000.1879876691700919,+0000.0000005024261702,+0000.0027597378247744
+0000.6284600090730142,+0000.1346773444114335,+0000.0000340757679633,+0000.0000167289825269,+0000.0432003277882701,+0000.0000000008765850,+0000.0000087628359436,+0000.0000000023645909,+0000.0000230451229348,+0000.1906957392853631,+0000.0000005133631378,+0000.0028834501282367
+0000.6234738221891984,+0000.1355536969635906,+0000.0000338054151451,+0000.0000169387115993,+0000.0444762898171989,+0000.0000000008879744,+0000.0000090290734092,+0000.0000000023961278,+0000.0000237601819231,+0000.1934016165032623,+0000.0000005242253919,+0000.0030105136351790
+0000.6185002230894805,+0000.1363982920740440,+0000.0000335357538155,+0000.0000171471626934,+0000.0457706526088444,+0000.0000000008993000,+0000.0000092993580041,+0000.0000000024274998,+0000.0000244865328973,+0000.1961049018809637,+0000.0000005350024730,+0000.0031409232099842
+0000.6135399719794062,+0000.1372110117883235,+0000.0000332668253949,+0000.0000173542930679,+0000.0470831731667444,+0000.0000000009105596,+0000.0000095736427282,+0000.0000000024587003,+0000.0000252240574841,+0000.1988052055613277,+0000.0000005456839835,+0000.0032746696322797
+0000.6085938107921779,+0000.1379917626613339,+0000.0000329986703088,+0000.0000175600611119,+0000.0484135972689650,+0000.0000000009217507,+0000.0000098518781123,+0000.0000000024897226,+0000.0000259726304215,+0000.2015021468215203,+0000.0000005562596035,+0000.0034117395449717
+0000.6036624632022984,+0000.1387404755483921,+0000.0000327313279889,+0000.0000177644263483,+0000.0497616596657963,+0000.0000000009328712,+0000.0000101340122566,+0000.0000000025205604,+0000.0000267321196570,+0000.2041953541154243,+0000.0000005667191077,+0000.0035521154092987
+0000.5987466346474550,+0000.1394571053793580,+0000.0000324648368740,+0000.0000179673494362,+0000.0511270842851689,+0000.0000000009439187,+0000.0000104199908717,+0000.0000000025512073,+0000.0000275023864523,+0000.2068844651098399,+0000.0000005770523814,+0000.0036957754670365
+0000.5938470123584183,+0000.1401416309163213,+0000.0000321992344111,+0000.0000181687921720,+0000.0525095844454382,+0000.0000000009548912,+0000.0000107097573206,+0000.0000000025816573,+0000.0000282832854915,+0000.2095691267144746,+0000.0000005872494364,+0000.0038426937099677
+0000.5889642653967413,+0000.1407940544953241,+0000.0000319345570576,+0000.0000183687174909,+0000.0539088630751744,+0000.0000000009657866,+0000.0000110032526628,+0000.0000000026119044,+0000.0000290746649946,+0000.2122489951057222,+0000.0000005973004268,+0000.0039928398567143
+0000.5840990447000614,+0000.1414144017526013,+0000.0000316708402840,+0000.0000185670894661,+0000.0553246129395945,+0000.0000000009766028,+0000.0000113004156993,+0000.0000000026419430,+0000.0000298763668356,+0000.2149237357442336,+0000.0000006071956643,+0000.0041461793370145
+0000.5792519831348022,+0000.1420027213358358,+0000.0000314081185757,+0000.0000187638733087,+0000.0567565168732642,+0000.0000000009873379,+0000.0000116011830199,+0000.0000000026717673,+0000.0000306882266640,+0000.2175930233862841,+0000.0000006169256329,+0000.0043026732835077
+0000.5744236955560987,+0000.1425590846009328,+0000.0000311464254371,+0000.0000189590353656,+0000.0582042480186974,+0000.0000000009979899,+0000.0000119054890510,+0000.0000000027013721,+0000.0000315100740313,+0000.2202565420889445,+0000.0000006264810042,+0000.0044622785310752
+0000.5696147788747671,+0000.1430835852948248,+0000.0000308857933943,+0000.0000191525431180,+0000.0596674700704760,+0000.0000000010085571,+0000.0000122132661057,+0000.0000000027307521,+0000.0000323417325207,+0000.2229139852090672,+0000.0000006358526515,+0000.0046249476237658
+0000.5648258121311488,+0000.1435763392248279,+0000.0000306262539996,+0000.0000193443651774,+0000.0611458375245093,+0000.0000000010190377,+0000.0000125244444337,+0000.0000000027599021,+0000.0000331830198798,+0000.2255650553960993,+0000.0000006450316635,+0000.0047906288293209
+0000.5600573565756746,+0000.1440374839150779,+0000.0000303678378355,+0000.0000195344712827,+0000.0626389959320535,+0000.0000000010294299,+0000.0000128389522740,+0000.0000000027888172,+0000.0000340337481583,+0000.2282094645787430,+0000.0000006540093581,+0000.0049592661612950
+0000.5553099557559907,+0000.1444671782505791,+0000.0000301105745191,+0000.0000197228322955,+0000.0641465821581082,+0000.0000000010397321,+0000.0000131567159074,+0000.0000000028174927,+0000.0000348937238469,+0000.2308469339454827,+0000.0000006627772954,+0000.0051307994087503
+0000.5505841356105007,+0000.1448656021094073,+0000.0000298544927077,+0000.0000199094201947,+0000.0656682246438067,+0000.0000000010499426,+0000.0000134776597101,+0000.0000000028459241,+0000.0000357627480207,+0000.2334771939190056,+0000.0000006713272901,+0000.0053051641734895
+0000.5458804045681863,+0000.1452329559836138,+0000.0000295996201034,+0000.0000200942080710,+0000.0672035436724190,+0000.0000000010600600,+0000.0000138017062094,+0000.0000000028741068,+0000.0000366406164837,+0000.2360999841245495,+0000.0000006796514240,+0000.0054822919147730
+0000.5411992536545650,+0000.1455694605893779,+0000.0000293459834592,+0000.0000202771701199,+0000.0687521516385864,+0000.0000000010700827,+0000.0000141287761381,+0000.0000000029020367,+0000.0000375271199178,+0000.2387150533522079,+0000.0000006877420574,+0000.0056621100014512
+0000.5365411566036585,+0000.1458753564669658,+0000.0000290936085847,+0000.0000204582816350,+0000.0703136533204075,+0000.0000000010800094,+0000.0000144587884920,+0000.0000000029297096,+0000.0000384220440315,+0000.2413221595132405,+0000.0000006955918403,+0000.0058445417714255
+0000.5319065699758436,+0000.1461509035710517,+0000.0000288425203528,+0000.0000206375189996,+0000.0718876461540012,+0000.0000000010898386,+0000.0000147916605859,+0000.0000000029571215,+0000.0000393251697130,+0000.2439210695904306,+0000.0000007031937230,+0000.0060295065983384
+0000.5272959332814618,+0000.1463963808519618,+0000.0000285927427059,+0000.0000208148596787,+0000.0734737205101709,+0000.0000000010995691,+0000.0000151273081115,+0000.0000000029842688,+0000.0000402362731836,+0000.2465115595825454,+0000.0000007105409661,+0000.0062169199653764
+0000.5227096691100653,+0000.1466120858284030,+0000.0000283442986632,+0000.0000209902822092,+0000.0750714599728040,+0000.0000000011091996,+0000.0000154656451958,+0000.0000000030111478,+0000.0000411551261531,+0000.2490934144429553,+0000.0000007176271500,+0000.0064066935460538
+0000.5181481832651869,+0000.1467983341522388,+0000.0000280972103276,+0000.0000211637661905,+0000.0766804416186398,+0000.0000000011187289,+0000.0000158065844587,+0000.0000000030377551,+0000.0000420814959765,+0000.2516664280124792,+0000.0000007244461839,+0000.0065987352918343
+0000.5136118649045114,+0000.1469554591658754,+0000.0000278514988935,+0000.0000213352922740,+0000.0783002362980490,+0000.0000000011281560,+0000.0000161500370726,+0000.0000000030640873,+0000.0000430151458122,+0000.2542304029465249,+0000.0000007309923140,+0000.0067929495264297
+0000.5091010866853396,+0000.1470838114528207,+0000.0000276071846545,+0000.0000215048421522,+0000.0799304089164715,+0000.0000000011374797,+0000.0000164959128206,+0000.0000000030901413,+0000.0000439558347804,+0000.2567851506366029,+0000.0000007372601316,+0000.0069892370466050
+0000.5046162049152280,+0000.1471837583819735,+0000.0000273642870116,+0000.0000216723985468,+0000.0815705187161669,+0000.0000000011466989,+0000.0000168441201564,+0000.0000000031159142,+0000.0000449033181230,+0000.2593304911262966,+0000.0000007432445798,+0000.0071874952293045
+0000.5001575597076917,+0000.1472556836462051,+0000.0000271228244814,+0000.0000218379451969,+0000.0832201195579404,+0000.0000000011558128,+0000.0000171945662632,+0000.0000000031414030,+0000.0000458573473632,+0000.2618662530217809,+0000.0000007489409603,+0000.0073876181449010
+0000.4957254751428626,+0000.1472999867957825,+0000.0000268828147051,+0000.0000220014668460,+0000.0848787602025133,+0000.0000000011648205,+0000.0000175471571130,+0000.0000000031666052,+0000.0000468176704664,+0000.2643922733969842,+0000.0000007543449393,+0000.0075894966763620
+0000.4913202594329820,+0000.1473170827671884,+0000.0000266442744571,+0000.0000221629492293,+0000.0865459845912177,+0000.0000000011737210,+0000.0000179017975260,+0000.0000000031915181,+0000.0000477840320004,+0000.2669083976934975,+0000.0000007594525531,+0000.0077930186441096
+0000.4869422050926234,+0000.1473074014078781,+0000.0000264072196545,+0000.0000223223790595,+0000.0882213321257036,+0000.0000000011825136,+0000.0000182583912298,+0000.0000000032161394,+0000.0000487561732955,+0000.2694144796153432,+0000.0000007642602123,+0000.0079980689363473
+0000.4825915891135250,+0000.1472713869975169,+0000.0000261716653661,+0000.0000224797440127,+0000.0899043379463564,+0000.0000000011911975,+0000.0000186168409183,+0000.0000000032404668,+0000.0000497338326054,+0000.2719103810187158,+0000.0000007687647063,+0000.0082045296446126
+0000.4782686731439207,+0000.1472094977662263,+0000.0000259376258227,+0000.0000226350327141,+0000.0915945332091341,+0000.0000000011997720,+0000.0000189770483106,+0000.0000000032644983,+0000.0000507167452661,+0000.2743959717968223,+0000.0000007729632068,+0000.0084122802043061
+0000.4739737036722501,+0000.1471222054103661,+0000.0000257051144266,+0000.0000227882347224,+0000.0932914453605432,+0000.0000000012082365,+0000.0000193389142093,+0000.0000000032882319,+0000.0000517046438555,+0000.2768711297599470,+0000.0000007768532704,+0000.0086211975399409
+0000.4697069122151347,+0000.1470099946063686,+0000.0000254741437619,+0000.0000229393405148,+0000.0949945984104850,+0000.0000000012165903,+0000.0000197023385586,+0000.0000000033116657,+0000.0000526972583516,+0000.2793357405108809,+0000.0000007804328410,+0000.0088311562148469
+0000.4654685155094939,+0000.1468733625231293,+0000.0000252447256048,+0000.0000230883414707,+0000.0967035132027149,+0000.0000000012248330,+0000.0000200672205024,+0000.0000000033347982,+0000.0000536943162898,+0000.2817896973158532,+0000.0000007837002517,+0000.0090420285850582
+0000.4612587157086853,+0000.1467128183334561,+0000.0000250168709344,+0000.0000232352298555,+0000.0984177076826714,+0000.0000000012329640,+0000.0000204334584410,+0000.0000000033576276,+0000.0000546955429191,+0000.2842329009711163,+0000.0000007866542254,+0000.0092536849571041
+0000.4570777005825416,+0000.1465288827250570,+0000.0000247905899435,+0000.0000233799988043,+0000.1001366971624401,+0000.0000000012409829,+0000.0000208009500879,+0000.0000000033801527,+0000.0000557006613575,+0000.2866652596653346,+0000.0000007892938754,+0000.0094659937494225
+0000.4529256437211818,+0000.1463220874115481,+0000.0000245658920497,+0000.0000235226423043,+0000.1018599945826367,+0000.0000000012488893,+0000.0000211695925262,+0000.0000000034023721,+0000.0000567093927452,+0000.2890866888379385,+0000.0000007916187052,+0000.0096788216571029
