+0001.0000000000000000,+0000.0000000000000000,+0000.0000000000000000,+0000.0000000000000000,+0000.0000000000000000
+0000.9998255550464509,+0000.0000869815307062,+0000.0000869815307062,+0000.0000002409460684,+0000.0000002409460684
+0000.9993343947452434,+0000.0003307059193588,+0000.0003307059193588,+0000.0000020967080196,+0000.0000020967080196
+0000.9985687141169906,+0000.0007075314098938,+0000.0007075314098938,+0000.0000081115316111,+0000.0000081115316111
+0000.9975633714966619,+0000.0011965150060414,+0000.0011965150060414,+0000.0000217992456278,+0000.0000217992456278
+0000.9963467692461668,+0000.0017791468555713,+0000.0017791468555713,+0000.0000474685213453,+0000.0000474685213453
+0000.9949416594308218,+0000.0024390989788375,+0000.0024390989788375,+0000.0000900713057517,+0000.0000900713057517
+0000.9933658741316705,+0000.0031619913837569,+0000.0031619913837569,+0000.0001550715504077,+0000.0001550715504077
+0000.9916329828556527,+0000.0039351770794106,+0000.0039351770794106,+0000.0002483314927632,+0000.0002483314927632
+0000.9897528812494265,+0000.0047475464143673,+0000.0047475464143673,+0000.0003760129609195,+0000.0003760129609195
+0000.9877323163056930,+0000.0055893504195600,+0000.0055893504195600,+0000.0005444914275935,+0000.0005444914275935
+0000.9855753536942096,+0000.0064520423446822,+0000.0064520423446822,+0000.0007602808082132,+0000.0007602808082132
+0000.9832837929214182,+0000.0073281362746576,+0000.0073281362746576,+0000.0010299672646332,+0000.0010299672646332
+0000.9808575358478755,+0000.0082110815466673,+0000.0082110815466673,+0000.0013601505293948,+0000.0013601505293948
+0000.9782949137631526,+0000.0090951516185870,+0000.0090951516185869,+0000.0017573914998367,+0000.0017573914998367
+0000.9755929777994994,+0000.0099753460364309,+0000.0099753460364308,+0000.0022281650638196,+0000.0022281650638196
+0000.9727477570046233,+0000.0108473041891760,+0000.0108473041891760,+0000.0027788173085124,+0000.0027788173085124
+0000.9697544879223494,+0000.0117072296078309,+0000.0117072296078309,+0000.0034155264309943,+0000.0034155264309943
+0000.9666078190688735,+0000.0125518236500773,+0000.0125518236500772,+0000.0041442668154860,+0000.0041442668154860
+0000.9633019932554023,+0000.0133782275039795,+0000.0133782275039794,+0000.0049707758683195,+0000.0049707758683195
+0000.9598310103032347,+0000.0141839715384499,+0000.0141839715384499,+0000.0059005233099328,+0000.0059005233099328
+0000.9561887723291089,+0000.0149669311205852,+0000.0149669311205851,+0000.0069386827148604,+0000.0069386827148604
+0000.9523692134486251,+0000.0157252881082599,+0000.0157252881082598,+0000.0080901051674277,+0000.0080901051674276
+0000.9483664154537067,+0000.0164574973090707,+0000.0164574973090707,+0000.0093592949640760,+0000.0093592949640760
+0000.9441747107652473,+0000.0171622572731467,+0000.0171622572731466,+0000.0107503873442298,+0000.0107503873442298
+0000.9397887737424740,+0000.0178384848572486,+0000.0178384848572485,+0000.0122671282715143,+0000.0122671282715142
+0000.9352037012438950,+0000.0184852930610578,+0000.0184852930610577,+0000.0139128563169947,+0000.0139128563169947
+0000.9304150831785294,+0000.0191019716938719,+0000.0191019716938718,+0000.0156904867168634,+0000.0156904867168633
+0000.9254190636579602,+0000.0196879704814994,+0000.0196879704814993,+0000.0176024976895205,+0000.0176024976895204
+0000.9202123932569507,+0000.0202428842694284,+0000.0202428842694282,+0000.0196509191020963,+0000.0196509191020962
+0000.9147924728105354,+0000.0207664400198175,+0000.0207664400198173,+0000.0218373235749149,+0000.0218373235749148
+0000.9091573891160460,+0000.0212584853370034,+0000.0212584853370033,+0000.0241628201049738,+0000.0241628201049737
+0000.9033059428671399,+0000.0217189782894758,+0000.0217189782894756,+0000.0266280502769544,+0000.0266280502769542
+0000.8972376691211856,+0000.0221479783260626,+0000.0221479783260624,+0000.0292331871133447,+0000.0292331871133445
+0000.8909528505890645,+0000.0225456381107640,+0000.0225456381107638,+0000.0319779365947039,+0000.0319779365947037
+0000.8844525240353978,+0000.0229121961246093,+0000.0229121961246091,+0000.0348615418576919,+0000.0348615418576917
+0000.8777384800852682,+0000.0232479699043735,+0000.0232479699043733,+0000.0378827900529926,+0000.0378827900529924
+0000.8708132567486613,+0000.0235533498072400,+0000.0235533498072397,+0000.0410400218184296,+0000.0410400218184293
+0000.8636801269942094,+0000.0238287932077393,+0000.0238287932077391,+0000.0443311432951564,+0000.0443311432951562
+0000.8563430807275207,+0000.0240748190487250,+0000.0240748190487247,+0000.0477536405875150,+0000.0477536405875147
+0000.8488068015548146,+0000.0242920026819200,+0000.0242920026819198,+0000.0513045965406730,+0000.0513045965406727
+0000.8410766387381412,+0000.0244809709458173,+0000.0244809709458170,+0000.0549807096851123,+0000.0549807096851120
+0000.8331585747728725,+0000.0246423974395582,+0000.0246423974395580,+0000.0587783151740058,+0000.0587783151740054
+0000.8250591890401044,+0000.0247769979609542,+0000.0247769979609539,+0000.0626934075189939,+0000.0626934075189935
+0000.8167856180051890,+0000.0248855260851321,+0000.0248855260851318,+0000.0667216649122739,+0000.0667216649122735
+0000.8083455124479185,+0000.0249687688674757,+0000.0249687688674755,+0000.0708584749085654,+0000.0708584749085649
+0000.7997469922193491,+0000.0250275426606593,+0000.0250275426606590,+0000.0750989612296665,+0000.0750989612296660
+0000.7909985990243809,+0000.0250626890407103,+0000.0250626890407100,+0000.0794380114470995,+0000.0794380114470990
+0000.7821092477278291,+0000.0250750708412643,+0000.0250750708412640,+0000.0838703052948214,+0000.0838703052948208
+0000.7730881766746945,+0000.0250655682985496,+0000.0250655682985493,+0000.0883903433641035,+0000.0883903433641029
+0000.7639448975028380,+0000.0250350753122384,+0000.0250350753122381,+0000.0929924759363431,+0000.0929924759363425
+0000.7546891449084857,+0000.0249844958291967,+0000.0249844958291964,+0000.0976709317165611,+0000.0976709317165604
+0000.7453308268023752,+0000.0249147403584143,+0000.0249147403584140,+0000.1024198462403987,+0000.1024198462403979
+0000.7358799752673461,+0000.0248267226260912,+0000.0248267226260908,+0000.1072332897402365,+0000.1072332897402356
+0000.7263466986974110,+0000.0247213563800443,+0000.0247213563800440,+0000.1121052942712509,+0000.1121052942712500
+0000.7167411354644341,+0000.0245995523523702,+0000.0245995523523699,+0000.1170298799154135,+0000.1170298799154126
+0000.7070734094221863,+0000.0244622153887043,+0000.0244622153887039,+0000.1220010799002031,+0000.1220010799002021
+0000.6973535875194681,+0000.0243102417515358,+0000.0243102417515354,+0000.1270129644887309,+0000.1270129644887299
+0000.6875916397548404,+0000.0241445166039255,+0000.0241445166039252,+0000.1320596635186550,+0000.1320596635186539
+0000.6777974016660598,+0000.0239659116786880,+0000.0239659116786877,+0000.1371353874882828,+0000.1371353874882816
+0000.6679805395080852,+0000.0237752831367015,+0000.0237752831367012,+0000.1422344471092566,+0000.1422344471092554
+0000.6581505182352385,+0000.0235734696165441,+0000.0235734696165437,+0000.1473512712658374,+0000.1473512712658361
+0000.6483165723661932,+0000.0233612904761658,+0000.0233612904761654,+0000.1524804233407384,+0000.1524804233407370
+0000.6384876797754324,+0000.0231395442258379,+0000.0231395442258376,+0000.1576166158864466,+0000.1576166158864452
+0000.6286725384220488,+0000.0229090071502003,+0000.0229090071501999,+0000.1627547236387762,+0000.1627547236387747
+0000.6188795459965436,+0000.0226704321158880,+0000.0226704321158876,+0000.1678897948858413,+0000.1678897948858397
+0000.6091167824388724,+0000.0224245475599782,+0000.0224245475599778,+0000.1730170612205868,+0000.1730170612205852
+0000.5993919952565235,+0000.0221720566533770,+0000.0221720566533767,+0000.1781319457183623,+0000.1781319457183606
+0000.5897125875499974,+0000.0219136366322745,+0000.0219136366322741,+0000.1832300695927278,+0000.1832300695927261
+0000.5800856086347064,+0000.0216499382899418,+0000.0216499382899415,+0000.1883072573927062,+0000.1883072573927043
+0000.5705177471329983,+0000.0213815856204352,+0000.0213815856204349,+0000.1933595408130667,+0000.1933595408130648
+0000.5610153263976397,+0000.0211091756051989,+0000.0211091756051986,+0000.1983831611959823,+0000.1983831611959804
+0000.5515843021185443,+0000.0208332781331300,+0000.0208332781331297,+0000.2033745708075990,+0000.2033745708075970
+0000.5422302619576537,+0000.0205544360443697,+0000.0205544360443694,+0000.2083304329768047,+0000.2083304329768026
+0000.5329584270524564,+0000.0202731652879148,+0000.0202731652879145,+0000.2132476211858583,+0000.2132476211858561
+0000.5237736552264814,+0000.0199899551830871,+0000.0199899551830868,+0000.2181232172036734,+0000.2181232172036712
+0000.5146804457449909,+0000.0197052687749490,+0000.0197052687749487,+0000.2229545083525566,+0000.2229545083525545
+0000.5056829454557858,+0000.0194195432739024,+0000.0194195432739021,+0000.2277389839982058,+0000.2277389839982036
+0000.4967849561583262,+0000.0191331905699344,+0000.0191331905699341,+0000.2324743313509038,+0000.2324743313509016
+0000.4879899430489824,+0000.0188465978122784,+0000.0188465978122781,+0000.2371584306632318,+0000.2371584306632295
+0000.4793010440959996,+0000.0185601280456197,+0000.0185601280456195,+0000.2417893499063817,+0000.2417893499063794
+0000.4707210802044322,+0000.0182741208943868,+0000.0182741208943865,+0000.2463653390033985,+0000.2463653390033962
+0000.4622525660387047,+0000.0179888932871203,+0000.0179888932871200,+0000.2508848236935287,+0000.2508848236935263
+0000.4538977213784023,+0000.0177047402133931,+0000.0177047402133928,+0000.2553463990974072,+0000.2553463990974048
+0000.4456584828911997,+0000.0174219355062507,+0000.0174219355062504,+0000.2597488230481509,+0000.2597488230481485
+0000.4375365162153851,+0000.0171407326436563,+0000.0171407326436560,+0000.2640910092486526,+0000.2640910092486500
+0000.4295332282530591,+0000.0168613655629382,+0000.0168613655629380,+0000.2683720203105335,+0000.2683720203105309
+0000.4216497795836924,+0000.0165840494827528,+0000.0165840494827525,+0000.2725910607254025,+0000.2725910607253997
+0000.4138870969162078,+0000.0163089817275786,+0000.0163089817275783,+0000.2767474698143191,+0000.2767474698143164
+0000.4062458855060198,+0000.0160363425502547,+0000.0160363425502545,+0000.2808407146967369,+0000.2808407146967340
+0000.3987266414714548,+0000.0157662959485507,+0000.0157662959485505,+0000.2848703833157233,+0000.2848703833157206
+0000.3913296639516300,+0000.0154989904722127,+0000.0154989904722125,+0000.2888361775519738,+0000.2888361775519709
+0000.3840550670551520,+0000.0152345600173671,+0000.0152345600173669,+0000.2927379064550585,+0000.2927379064550555
+0000.3769027915558588,+0000.0149731246055730,+0000.0149731246055728,+0000.2965754796164992,+0000.2965754796164962
+0000.3698726162982701,+0000.0147147911452012,+0000.0147147911452009,+0000.3003489007056653,+0000.3003489007056623
+0000.3629641692813995,+0000.0144596541731771,+0000.0144596541731769,+0000.3040582611861247,+0000.3040582611861217
+0000.3561769383951248,+0000.0142077965754602,+0000.0142077965754600,+0000.3077037342269790,+0000.3077037342269759
+0000.3495102817884079,+0000.0139592902849361,+0000.0139592902849358,+0000.3112855688208617,+0000.3112855688208587
+0000.3429634378533013,+0000.0137141969556834,+0000.0137141969556832,+0000.3148040841176675,+0000.3148040841176645
+0000.3365355348129025,+0000.0134725686128303,+0000.0134725686128301,+0000.3182596639807202,+0000.3182596639807170
+0000.3302255999052151,+0000.0132344482774471,+0000.0132344482774469,+0000.3216527517699470,+0000.3216527517699438
+0000.3240325681582880,+0000.0129998705661309,+0000.0129998705661308,+0000.3249838453547270,+0000.3249838453547237
+0000.3179552907550208,+0000.0127688622651220,+0000.0127688622651218,+0000.3282534923573695,+0000.3282534923573663
+0000.3119925429887042,+0000.0125414428789565,+0000.0125414428789563,+0000.3314622856266931,+0000.3314622856266897
+0000.3061430318126900,+0000.0123176251538051,+0000.0123176251538049,+0000.3346108589398516,+0000.3346108589398484
+0000.3004054029896139,+0000.0120974155757717,+0000.0120974155757715,+0000.3376998829294230,+0000.3376998829294198
+0000.2947782478473332,+0000.0118808148445353,+0000.0118808148445351,+0000.3407300612317998,+0000.3407300612317964
+0000.2892601096502060,+0000.0116678183228129,+0000.0116678183228128,+0000.3437021268520860,+0000.3437021268520826
+0000.2838494895955723,+0000.0114584164621955,+0000.0114584164621954,+0000.3466168387400202,+0000.3466168387400166
+0000.2785448524463055,+0000.0112525952059779,+0000.0112525952059777,+0000.3494749785708714,+0000.3494749785708678
+0000.2733446318111034,+0000.0110503363696535,+0000.0110503363696533,+0000.3522773477247968,+0000.3522773477247931
+0000.2682472350848291,+0000.0108516179997886,+0000.0108516179997884,+0000.3550247644577989,+0000.3550247644577950
+0000.2632510480616652,+0000.0106564147120214,+0000.0106564147120212,+0000.3577180612571479,+0000.3577180612571440
+0000.2583544392341808,+0000.0104646980089552,+0000.0104646980089551,+0000.3603580823739563,+0000.3603580823739524
+0000.2535557637916019,+0000.0102764365787309,+0000.0102764365787308,+0000.3629456815254701,+0000.3629456815254662
+0000.2488533673306640,+0000.0100915965750718,+0000.0100915965750716,+0000.3654817197595982,+0000.3654817197595943
+0000.2442455892924169,+0000.0099101418795975,+0000.0099101418795973,+0000.3679670634741962,+0000.3679670634741922
+0000.2397307661382569,+0000.0097320343472004,+0000.0097320343472003,+0000.3704025825836733,+0000.3704025825836693
+0000.2353072342782953,+0000.0095572340352718,+0000.0095572340352716,+0000.3727891488255828,+0000.3727891488255785
+0000.2309733327649459,+0000.0093856994175525,+0000.0093856994175524,+0000.3751276341999768,+0000.3751276341999724
+0000.2267274057643379,+0000.0092173875833717,+0000.0092173875833715,+0000.3774189095344618,+0000.3774189095344573
+0000.2225678048178389,+0000.0090522544230162,+0000.0090522544230161,+0000.3796638431680668,+0000.3796638431680622
+0000.2184928909056200,+0000.0088902547999591,+0000.0088902547999589,+0000.3818632997472333,+0000.3818632997472287
+0000.2145010363238136,+0000.0087313427106492,+0000.0087313427106490,+0000.3840181391274465,+0000.3840181391274419
+0000.2105906263864115,+0000.0085754714325469,+0000.0085754714325468,+0000.3861292153742498,+0000.3861292153742452
+0000.2067600609626393,+0000.0084225936610637,+0000.0084225936610636,+0000.3881973758576190,+0000.3881973758576143
+0000.2030077558601070,+0000.0082726616360407,+0000.0082726616360406,+0000.3902234604339082,+0000.3902234604339035
+0000.1993321440636117,+0000.0081256272583764,+0000.0081256272583762,+0000.3922083007098204,+0000.3922083007098155
+0000.1957316768390281,+0000.0079814421973889,+0000.0079814421973888,+0000.3941527193830995,+0000.3941527193830946
+0000.1922048247112896,+0000.0078400579894733,+0000.0078400579894731,+0000.3960575296548846,+0000.3960575296548797
+0000.1887500783250307,+0000.0077014261285870,+0000.0077014261285868,+0000.3979235347089002,+0000.3979235347088952
+0000.1853659491960417,+0000.0075654981490768,+0000.0075654981490767,+0000.3997515272529050,+0000.3997515272529000
+0000.1820509703612632,+0000.0074322257013308,+0000.0074322257013306,+0000.4015422891180401,+0000.4015422891180352
+0000.1788036969346479,+0000.0073015606207179,+0000.0073015606207178,+0000.4032965909119606,+0000.4032965909119558
+0000.1756227065758156,+0000.0071734549902546,+0000.0071734549902545,+0000.4050151917218402,+0000.4050151917218352
+0000.1725065998780476,+0000.0070478611974133,+0000.0070478611974132,+0000.4066988388635654,+0000.4066988388635606
+0000.1694540006817923,+0000.0069247319854670,+0000.0069247319854669,+0000.4083482676736394,+0000.4083482676736345
+0000.1664635563194971,+0000.0068040204997423,+0000.0068040204997421,+0000.4099642013405116,+0000.4099642013405068
+0000.1635339377972384,+0000.0066856803291327,+0000.0066856803291326,+0000.4115473507722506,+0000.4115473507722456
+0000.1606638399182882,+0000.0065696655432043,+0000.0065696655432042,+0000.4130984144976541,+0000.4130984144976491
+0000.1578519813534434,+0000.0064559307252063,+0000.0064559307252062,+0000.4146180785980748,+0000.4146180785980695
+0000.1550971046626390,+0000.0063444310012813,+0000.0063444310012812,+0000.4161070166674018,+0000.4161070166673967
+0000.1523979762720808,+0000.0062351220661532,+0000.0062351220661531,+0000.4175658897978091,+0000.4175658897978040
+0000.1497533864108558,+0000.0061279602055522,+0000.0061279602055521,+0000.4189953465890224,+0000.4189953465890173
+0000.1471621490107235,+0000.0060229023156220,+0000.0060229023156219,+0000.4203960231790188,+0000.4203960231790137
+0000.1446231015725373,+0000.0059199059195397,+0000.0059199059195396,+0000.4217685432941942,+0000.4217685432941890
+0000.1421351050025185,+0000.0058189291815616,+0000.0058189291815615,+0000.4231135183171818,+0000.4231135183171766
+0000.1396970434213776,+0000.0057199309186983,+0000.0057199309186983,+0000.4244315473706156,+0000.4244315473706103
+0000.1373078239490723,+0000.0056228706102077,+0000.0056228706102076,+0000.4257232174152588,+0000.4257232174152535
+0000.1349663764677938,+0000.0055277084050801,+0000.0055277084050800,+0000.4269891033610256,+0000.4269891033610203
+0000.1326716533655841,+0000.0054344051276835,+0000.0054344051276834,+0000.4282297681895272,+0000.4282297681895219
+0000.1304226292628159,+0000.0053429222817206,+0000.0053429222817205,+0000.4294457630868740,+0000.4294457630868687
+0000.1282183007235989,+0000.0052532220526418,+0000.0052532220526418,+0000.4306376275855615,+0000.4306376275855562
+0000.1260576859540222,+0000.0051652673086489,+0000.0051652673086489,+0000.4318058897143427,+0000.4318058897143375
+0000.1239398244889991,+0000.0050790216004126,+0000.0050790216004125,+0000.4329510661550904,+0000.4329510661550852
+0000.1218637768693402,+0000.0049944491596215,+0000.0049944491596214,+0000.4340736624057110,+0000.4340736624057057
+0000.1198286243105578,+0000.0049115148964698,+0000.0049115148964697,+0000.4351741729482541,+0000.4351741729482487
+0000.1178334683647817,+0000.0048301843961840,+0000.0048301843961840,+0000.4362530814214278,+0000.4362530814214224
+0000.1158774305770571,+0000.0047504239146823,+0000.0047504239146823,+0000.4373108607967919,+0000.4373108607967864
+0000.1139596521371884,+0000.0046722003734528,+0000.0046722003734527,+0000.4383479735579559,+0000.4383479735579505
+0000.1120792935281974,+0000.0045954813537306,+0000.0045954813537306,+0000.4393648718821735,+0000.4393648718821681
+0000.1102355341723738,+0000.0045202350900494,+0000.0045202350900494,+0000.4403619978237664,+0000.4403619978237608
+0000.1084275720758082,+0000.0044464304632342,+0000.0044464304632342,+0000.4413397834988646,+0000.4413397834988589
+0000.1066546234722220,+0000.0043740369929007,+0000.0043740369929007,+0000.4422986512709912,+0000.4422986512709857
+0000.1049159224668341,+0000.0043030248295195,+0000.0043030248295194,+0000.4432390139370662,+0000.4432390139370607
+0000.1032107206809364,+0000.0042333647460988,+0000.0042333647460987,+0000.4441612749134358,+0000.4441612749134303
+0000.1015382868977841,+0000.0041650281295372,+0000.0041650281295372,+0000.4450658284215736,+0000.4450658284215680
+0000.0998979067103535,+0000.0040979869716913,+0000.0040979869716912,+0000.4459530596731349,+0000.4459530596731294
+0000.0982888821714594,+0000.0040322138602005,+0000.0040322138602004,+0000.4468233450540728,+0000.4468233450540671
+0000.0967105314466779,+0000.0039676819691101,+0000.0039676819691101,+0000.4476770523075538,+0000.4476770523075483
+0000.0951621884704705,+0000.0039043650493261,+0000.0039043650493260,+0000.4485145407154413,+0000.4485145407154358
+0000.0936432026058655,+0000.0038422374189357,+0000.0038422374189356,+0000.4493361612781342,+0000.4493361612781288
+0000.0921529383080090,+0000.0037812739534239,+0000.0037812739534239,+0000.4501422568925741,+0000.4501422568925689
+0000.0906907747918631,+0000.0037214500758135,+0000.0037214500758135,+0000.4509331625282576,+0000.4509331625282524
+0000.0892561057042956,+0000.0036627417467530,+0000.0036627417467530,+0000.4517092054011019,+0000.4517092054010966
+0000.0878483388007704,+0000.0036051254545767,+0000.0036051254545766,+0000.4524707051450407,+0000.4524707051450354
+0000.0864668956268233,+0000.0035485782053565,+0000.0035485782053564,+0000.4532179739812346,+0000.4532179739812294
+0000.0851112112044782,+0000.0034930775129655,+0000.0034930775129655,+0000.4539513168847980,+0000.4539513168847926
+0000.0837807337237359,+0000.0034386013891701,+0000.0034386013891700,+0000.4546710317489647,+0000.4546710317489591
+0000.0824749242392443,+0000.0033851283337653,+0000.0033851283337652,+0000.4553774095466154,+0000.4553774095466096
+0000.0811932563722392,+0000.0033326373247694,+0000.0033326373247693,+0000.4560707344891138,+0000.4560707344891082
+0000.0799352160178254,+0000.0032811078086886,+0000.0032811078086885,+0000.4567512841824015,+0000.4567512841823962
+0000.0787003010576506,+0000.0032305196908634,+0000.0032305196908634,+0000.4574193297803139,+0000.4574193297803085
+0000.0774880210780100,+0000.0031808533259081,+0000.0031808533259081,+0000.4580751361350895,+0000.4580751361350841
+0000.0762978970934042,+0000.0031320895082503,+0000.0031320895082503,+0000.4587189619450503,+0000.4587189619450449
+0000.0751294612755596,+0000.0030842094627801,+0000.0030842094627801,+0000.4593510598994427,+0000.4593510598994374
+0000.0739822566879112,+0000.0030371948356154,+0000.0030371948356154,+0000.4599716768204315,+0000.4599716768204264
+0000.0728558370255332,+0000.0029910276849891,+0000.0029910276849891,+0000.4605810538022469,+0000.4605810538022418
+0000.0717497663604982,+0000.0029456904722641,+0000.0029456904722641,+0000.4611794263474894,+0000.4611794263474842
+0000.0706636188926313,+0000.0029011660530804,+0000.0029011660530803,+0000.4617670245006068,+0000.4617670245006015
+0000.0695969787056231,+0000.0028574376686381,+0000.0028574376686381,+0000.4623440729785531,+0000.4623440729785477
+0000.0685494395284550,+0000.0028144889371202,+0000.0028144889371201,+0000.4629107912986551,+0000.4629107912986497
+0000.0675206045020858,+0000.0027723038452568,+0000.0027723038452568,+0000.4634673939037032,+0000.4634673939036977
+0000.0665100859513425,+0000.0027308667400344,+0000.0027308667400343,+0000.4640140902842971,+0000.4640140902842917
+0000.0655175051619532,+0000.0026901623205501,+0000.0026901623205500,+0000.4645510850984761,+0000.4645510850984707
+0000.0645424921626562,+0000.0026501756300142,+0000.0026501756300142,+0000.4650785782886605,+0000.4650785782886548
+0000.0635846855123154,+0000.0026108920479003,+0000.0026108920479003,+0000.4655967651959447,+0000.4655967651959393
+0000.0626437320919686,+0000.0025722972822439,+0000.0025722972822438,+0000.4661058366717745,+0000.4661058366717691
+0000.0617192869017336,+0000.0025343773620902,+0000.0025343773620901,+0000.4666059791870458,+0000.4666059791870403
+0000.0608110128624932,+0000.0024971186300905,+0000.0024971186300905,+0000.4670973749386655,+0000.4670973749386601
+0000.0599185806222787,+0000.0024605077352469,+0000.0024605077352469,+0000.4675802019536165,+0000.4675802019536111
+0000.0590416683672710,+0000.0024245316258047,+0000.0024245316258046,+0000.4680546341905624,+0000.4680546341905570
+0000.0581799616373360,+0000.0023891775422911,+0000.0023891775422911,+0000.4685208416390437,+0000.4685208416390383
+0000.0573331531460088,+0000.0023544330107011,+0000.0023544330107011,+0000.4689789904162971,+0000.4689789904162917
+0000.0565009426048448,+0000.0023202858358261,+0000.0023202858358261,+0000.4694292428617544,+0000.4694292428617488
+0000.0556830365520489,+0000.0022867240947269,+0000.0022867240947268,+0000.4698717576292516,+0000.4698717576292457
+0000.0548791481853002,+0000.0022537361303480,+0000.0022537361303479,+0000.4703066897770047,+0000.4703066897769990
+0000.0540889971986849,+0000.0022213105452717,+0000.0022213105452717,+0000.4707341908553887,+0000.4707341908553829
+0000.0533123096236519,+0000.0021894361956107,+0000.0021894361956106,+0000.4711544089925662,+0000.4711544089925605
+0000.0525488176739071,+0000.0021581021850364,+0000.0021581021850364,+0000.4715674889780130,+0000.4715674889780073
+0000.0517982595941600,+0000.0021272978589427,+0000.0021272978589426,+0000.4719735723439802,+0000.4719735723439744
+0000.0510603795126398,+0000.0020970127987406,+0000.0020970127987406,+0000.4723727974449424,+0000.4723727974449367
+0000.0503349272972955,+0000.0020672368162850,+0000.0020672368162849,+0000.4727652995350701,+0000.4727652995350644
+0000.0496216584155995,+0000.0020379599484276,+0000.0020379599484276,+0000.4731512108437755,+0000.4731512108437696
+0000.0489203337978710,+0000.0020091724516979,+0000.0020091724516979,+0000.4735306606493696,+0000.4735306606493637
+0000.0482307197040390,+0000.0019808647971060,+0000.0019808647971059,+0000.4739037753508774,+0000.4739037753508715
+0000.0475525875937646,+0000.0019530276650684,+0000.0019530276650683,+0000.4742706785380523,+0000.4742706785380466
+0000.0468857139998436,+0000.0019256519404524,+0000.0019256519404524,+0000.4746314910596290,+0000.4746314910596230
+0000.0462298804048127,+0000.0018987287077380,+0000.0018987287077379,+0000.4749863310898587,+0000.4749863310898528
+0000.0455848731206814,+0000.0018722492462938,+0000.0018722492462938,+0000.4753353141933685,+0000.4753353141933627
+0000.0449504831717147,+0000.0018462050257666,+0000.0018462050257666,+0000.4756785533883791,+0000.4756785533883732
+0000.0443265061801935,+0000.0018205877015798,+0000.0018205877015798,+0000.4760161592083262,+0000.4760161592083204
+0000.0437127422550789,+0000.0017953891105411,+0000.0017953891105410,+0000.4763482397619224,+0000.4763482397619165
+0000.0431089958835086,+0000.0017706012665549,+0000.0017706012665548,+0000.4766749007916938,+0000.4766749007916878
+0000.0425150758250575,+0000.0017462163564388,+0000.0017462163564387,+0000.4769962457310354,+0000.4769962457310295
+0000.0419307950086912,+0000.0017222267358411,+0000.0017222267358411,+0000.4773123757598162,+0000.4773123757598103
+0000.0413559704323463,+0000.0016986249252574,+0000.0016986249252574,+0000.4776233898585726,+0000.4776233898585666
+0000.0407904230650718,+0000.0016754036061437,+0000.0016754036061437,+0000.4779293848613235,+0000.4779293848613175
+0000.0402339777516659,+0000.0016525556171250,+0000.0016525556171250,+0000.4782304555070450,+0000.4782304555070390
+0000.0396864631197464,+0000.0016300739502956,+0000.0016300739502956,+0000.4785266944898341,+0000.4785266944898283
+0000.0391477114891907,+0000.0016079517476104,+0000.0016079517476104,+0000.4788181925077971,+0000.4788181925077913
+0000.0386175587838871,+0000.0015861822973645,+0000.0015861822973645,+0000.4791050383106950,+0000.4791050383106891
+0000.0380958444457365,+0000.0015647590307588,+0000.0015647590307588,+0000.4793873187463757,+0000.4793873187463699
+0000.0375824113508478,+0000.0015436755185506,+0000.0015436755185506,+0000.4796651188060282,+0000.4796651188060226
+0000.0370771057278693,+0000.0015229254677856,+0000.0015229254677856,+0000.4799385216682828,+0000.4799385216682770
+0000.0365797770784017,+0000.0015025027186113,+0000.0015025027186113,+0000.4802076087421906,+0000.4802076087421849
+0000.0360902780994390,+0000.0014824012411684,+0000.0014824012411684,+0000.4804724597091150,+0000.4804724597091092
+0000.0356084646077832,+0000.0014626151325584,+0000.0014626151325584,+0000.4807331525635528,+0000.4807331525635471
+0000.0351341954663831,+0000.0014431386138868,+0000.0014431386138868,+0000.4809897636529244,+0000.4809897636529189
+0000.0346673325125459,+0000.0014239660273787,+0000.0014239660273787,+0000.4812423677163509,+0000.4812423677163456
+0000.0342077404879729,+0000.0014050918335656,+0000.0014050918335656,+0000.4814910379224508,+0000.4814910379224454
+0000.0337552869705721,+0000.0013865106085419,+0000.0013865106085418,+0000.4817358459061748,+0000.4817358459061695
+0000.0333098423080000,+0000.0013682170412887,+0000.0013682170412886,+0000.4819768618047140,+0000.4819768618047088
+0000.0328712795528888,+0000.0013502059310643,+0000.0013502059310643,+0000.4822141542924939,+0000.4822141542924886
+0000.0324394743997131,+0000.0013324721848585,+0000.0013324721848584,+0000.4824477906152875,+0000.4824477906152822
+0000.0320143051232537,+0000.0013150108149099,+0000.0013150108149099,+0000.4826778366234658,+0000.4826778366234604
+0000.0315956525186172,+0000.0012978169362850,+0000.0012978169362850,+0000.4829043568044091,+0000.4829043568044038
+0000.0311833998427687,+0000.0012808857645159,+0000.0012808857645159,+0000.4831274143141024,+0000.4831274143140969
+0000.0307774327575393,+0000.0012642126132975,+0000.0012642126132975,+0000.4833470710079357,+0000.4833470710079300
+0000.0303776392740687,+0000.0012477928922405,+0000.0012477928922405,+0000.4835633874707281,+0000.4835633874707221
+0000.0299839096986453,+0000.0012316221046805,+0000.0012316221046805,+0000.4837764230459999,+0000.4837764230459938
+0000.0295961365799067,+0000.0012156958455404,+0000.0012156958455404,+0000.4839862358645094,+0000.4839862358645033
+0000.0292142146573644,+0000.0012000097992458,+0000.0012000097992458,+0000.4841928828720750,+0000.4841928828720689
+0000.0288380408112191,+0000.0011845597376917,+0000.0011845597376916,+0000.4843964198567019,+0000.4843964198566956
+0000.0284675140134308,+0000.0011693415182586,+0000.0011693415182586,+0000.4845969014750291,+0000.4845969014750228
+0000.0281025352800112,+0000.0011543510818783,+0000.0011543510818782,+0000.4847943812781195,+0000.4847943812781131
+0000.0277430076245065,+0000.0011395844511459,+0000.0011395844511459,+0000.4849889117366040,+0000.4849889117365978
+0000.0273888360126391,+0000.0011250377284793,+0000.0011250377284793,+0000.4851805442652042,+0000.4851805442651980
+0000.0270399273180770,+0000.0011107070943229,+0000.0011107070943229,+0000.4853693292466417,+0000.4853693292466356
+0000.0266961902793014,+0000.0010965888053954,+0000.0010965888053953,+0000.4855553160549572,+0000.4855553160549509
+0000.0263575354575443,+0000.0010826791929806,+0000.0010826791929806,+0000.4857385530782504,+0000.4857385530782441
+0000.0260238751957666,+0000.0010689746612600,+0000.0010689746612599,+0000.4859190877408597,+0000.4859190877408534
+0000.0256951235786503,+0000.0010554716856855,+0000.0010554716856855,+0000.4860969665249925,+0000.4860969665249862
+0000.0253711963935774,+0000.0010421668113924,+0000.0010421668113923,+0000.4862722349918220,+0000.4862722349918158
+0000.0250520110925704,+0000.0010290566516503,+0000.0010290566516503,+0000.4864449378020676,+0000.4864449378020614
+0000.0247374867551680,+0000.0010161378863522,+0000.0010161378863522,+0000.4866151187360668,+0000.4866151187360607
+0000.0244275440522123,+0000.0010034072605400,+0000.0010034072605399,+0000.4867828207133570,+0000.4867828207133510
+0000.0241221052105227,+0000.0009908615829653,+0000.0009908615829653,+0000.4869480858117764,+0000.4869480858117703
+0000.0238210939784350,+0000.0009784977246861,+0000.0009784977246860,+0000.4871109552860995,+0000.4871109552860933
+0000.0235244355921802,+0000.0009663126176958,+0000.0009663126176957,+0000.4872714695862173,+0000.4872714695862111
+0000.0232320567430836,+0000.0009543032535868,+0000.0009543032535868,+0000.4874296683748745,+0000.4874296683748682
+0000.0229438855455620,+0000.0009424666822454,+0000.0009424666822454,+0000.4875855905449766,+0000.4875855905449706
+0000.0226598515058965,+0000.0009308000105781,+0000.0009308000105780,+0000.4877392742364768,+0000.4877392742364708
+0000.0223798854917636,+0000.0009193004012688,+0000.0009193004012687,+0000.4878907568528524,+0000.4878907568528464
+0000.0221039197025022,+0000.0009079650715655,+0000.0009079650715655,+0000.4880400750771865,+0000.4880400750771804
+0000.0218318876400987,+0000.0008967912920964,+0000.0008967912920964,+0000.4881872648878572,+0000.4881872648878511
+0000.0215637240808715,+0000.0008857763857136,+0000.0008857763857136,+0000.4883323615738538,+0000.4883323615738477
+0000.0212993650478354,+0000.0008749177263650,+0000.0008749177263650,+0000.4884753997497204,+0000.4884753997497144
+0000.0210387477837305,+0000.0008642127379929,+0000.0008642127379929,+0000.4886164133701449,+0000.4886164133701389
+0000.0207818107246967,+0000.0008536588934585,+0000.0008536588934585,+0000.4887554357441962,+0000.4887554357441902
+0000.0205284934745766,+0000.0008432537134923,+0000.0008432537134923,+0000.4888924995492224,+0000.4888924995492164
+0000.0202787367798328,+0000.0008329947656690,+0000.0008329947656690,+0000.4890276368444174,+0000.4890276368444115
+0000.0200324825050621,+0000.0008228796634070,+0000.0008228796634070,+0000.4891608790840649,+0000.4891608790840591
+0000.0197896736090903,+0000.0008129060649911,+0000.0008129060649911,+0000.4892922571304665,+0000.4892922571304609
+0000.0195502541216360,+0000.0008030716726185,+0000.0008030716726185,+0000.4894218012665664,+0000.4894218012665607
+0000.0193141691205242,+0000.0007933742314671,+0000.0007933742314671,+0000.4895495412082737,+0000.4895495412082679
+0000.0190813647094405,+0000.0007838115287858,+0000.0007838115287857,+0000.4896755061164968,+0000.4896755061164911
+0000.0188517879962075,+0000.0007743813930059,+0000.0007743813930059,+0000.4897997246088932,+0000.4897997246088876
+0000.0186253870715730,+0000.0007650816928735,+0000.0007650816928735,+0000.4899222247713427,+0000.4899222247713372
+0000.0184021109884964,+0000.0007559103366021,+0000.0007559103366021,+0000.4900430341691526,+0000.4900430341691470
+0000.0181819097419194,+0000.0007468652710445,+0000.0007468652710445,+0000.4901621798579986,+0000.4901621798579930
+0000.0179647342490101,+0000.0007379444808847,+0000.0007379444808847,+0000.4902796883946130,+0000.4902796883946074
+0000.0177505363298672,+0000.0007291459878480,+0000.0007291459878479,+0000.4903955858472212,+0000.4903955858472155
+0000.0175392686886740,+0000.0007204678499295,+0000.0007204678499295,+0000.4905098978057363,+0000.4905098978057306
+0000.0173308848952896,+0000.0007119081606406,+0000.0007119081606406,+0000.4906226493917173,+0000.4906226493917116
+0000.0171253393672668,+0000.0007034650482728,+0000.0007034650482728,+0000.4907338652680968,+0000.4907338652680912
+0000.0169225873522856,+0000.0006951366751781,+0000.0006951366751781,+0000.4908435696486820,+0000.4908435696486764
+0000.0167225849109926,+0000.0006869212370665,+0000.0006869212370665,+0000.4909517863074402,+0000.4909517863074345
+0000.0165252889002347,+0000.0006788169623192,+0000.0006788169623192,+0000.4910585385875664,+0000.4910585385875607
+0000.0163306569566788,+0000.0006708221113178,+0000.0006708221113178,+0000.4911638494103457,+0000.4911638494103401
+0000.0161386474808065,+0000.0006629349757885,+0000.0006629349757885,+0000.4912677412838110,+0000.4912677412838052
+0000.0159492196212752,+0000.0006551538781615,+0000.0006551538781615,+0000.4913702363112038,+0000.4913702363111981
+0000.0157623332596359,+0000.0006474771709447,+0000.0006474771709447,+0000.4914713561992404,+0000.4914713561992345
+0000.0155779489953994,+0000.0006399032361119,+0000.0006399032361119,+0000.4915711222661914,+0000.4915711222661855
+0000.0153960281314416,+0000.0006324304845049,+0000.0006324304845049,+0000.4916695554497773,+0000.4916695554497714
+0000.0152165326597399,+0000.0006250573552487,+0000.0006250573552487,+0000.4917666763148844,+0000.4917666763148785
+0000.0150394252474325,+0000.0006177823151801,+0000.0006177823151801,+0000.4918625050611066,+0000.4918625050611007
+0000.0148646692231919,+0000.0006106038582893,+0000.0006106038582893,+0000.4919570615301178,+0000.4919570615301118
+0000.0146922285639062,+0000.0006035205051741,+0000.0006035205051741,+0000.4920503652128758,+0000.4920503652128698
+0000.0145220678816590,+0000.0005965308025059,+0000.0005965308025059,+0000.4921424352566676,+0000.4921424352566617
+0000.0143541524110017,+0000.0005896333225078,+0000.0005896333225078,+0000.4922332904719943,+0000.4922332904719883
+0000.0141884479965107,+0000.0005828266624449,+0000.0005828266624449,+0000.4923229493393028,+0000.4923229493392968
+0000.0140249210806222,+0000.0005761094441250,+0000.0005761094441250,+0000.4924114300155670,+0000.4924114300155609
+0000.0138635386917382,+0000.0005694803134113,+0000.0005694803134113,+0000.4924987503407225,+0000.4924987503407166
+0000.0137042684325971,+0000.0005629379397451,+0000.0005629379397451,+0000.4925849278439591,+0000.4925849278439534
+0000.0135470784689018,+0000.0005564810156798,+0000.0005564810156798,+0000.4926699797498721,+0000.4926699797498664
+0000.0133919375181997,+0000.0005501082564247,+0000.0005501082564247,+0000.4927539229844784,+0000.4927539229844726
+0000.0132388148390086,+0000.0005438183993989,+0000.0005438183993989,+0000.4928367741810997,+0000.4928367741810940
+0000.0130876802201816,+0000.0005376102037954,+0000.0005376102037954,+0000.4929185496861166,+0000.4929185496861109
+0000.0129385039705063,+0000.0005314824501540,+0000.0005314824501540,+0000.4929992655645957,+0000.4929992655645901
+0000.0127912569085321,+0000.0005254339399445,+0000.0005254339399444,+0000.4930789376057925,+0000.4930789376057869
+0000.0126459103526198,+0000.0005194634951580,+0000.0005194634951580,+0000.4931575813285349,+0000.4931575813285292
+0000.0125024361112087,+0000.0005135699579083,+0000.0005135699579083,+0000.4932352119864902,+0000.4932352119864847
+0000.0123608064732962,+0000.0005077521900406,+0000.0005077521900406,+0000.4933118445733142,+0000.4933118445733086
+0000.0122209941991237,+0000.0005020090727497,+0000.0005020090727497,+0000.4933874938276911,+0000.4933874938276855
+0000.0120829725110649,+0000.0004963395062063,+0000.0004963395062063,+0000.4934621742382641,+0000.4934621742382586
+0000.0119467150847116,+0000.0004907424091908,+0000.0004907424091908,+0000.4935359000484563,+0000.4935359000484508
+0000.0118121960401511,+0000.0004852167187359,+0000.0004852167187359,+0000.4936086852611912,+0000.4936086852611857
+0000.0116793899334330,+0000.0004797613897761,+0000.0004797613897761,+0000.4936805436435102,+0000.4936805436435046
+0000.0115482717482177,+0000.0004743753948051,+0000.0004743753948051,+0000.4937514887310888,+0000.4937514887310833
+0000.0114188168876057,+0000.0004690577235403,+0000.0004690577235403,+0000.4938215338326596,+0000.4938215338326541
+0000.0112910011661410,+0000.0004638073825951,+0000.0004638073825950,+0000.4938906920343371,+0000.4938906920343317
+0000.0111648008019850,+0000.0004586233951571,+0000.0004586233951571,+0000.4939589762038532,+0000.4939589762038479
+0000.0110401924092577,+0000.0004535048006745,+0000.0004535048006745,+0000.4940263989946994,+0000.4940263989946940
+0000.0109171529905418,+0000.0004484506545478,+0000.0004484506545478,+0000.4940929728501842,+0000.4940929728501788
+0000.0107956599295454,+0000.0004434600278288,+0000.0004434600278288,+0000.4941587100074013,+0000.4941587100073959
+0000.0106756909839201,+0000.0004385320069261,+0000.0004385320069261,+0000.4942236225011165,+0000.4942236225011111
+0000.0105572242782312,+0000.0004336656933163,+0000.0004336656933163,+0000.4942877221675709,+0000.4942877221675654
+0000.0104402382970753,+0000.0004288602032617,+0000.0004288602032617,+0000.4943510206482035,+0000.4943510206481980
+0000.0103247118783433,+0000.0004241146675334,+0000.0004241146675334,+0000.4944135293932976,+0000.4944135293932922
+0000.0102106242066245,+0000.0004194282311410,+0000.0004194282311410,+0000.4944752596655494,+0000.4944752596655443
+0000.0100979548067487,+0000.0004148000530670,+0000.0004148000530670,+0000.4945362225435613,+0000.4945362225435559
+0000.0099866835374630,+0000.0004102293060079,+0000.0004102293060079,+0000.4945964289252635,+0000.4945964289252581
+0000.0098767905852409,+0000.0004057151761192,+0000.0004057151761192,+0000.4946558895312631,+0000.4946558895312578
+0000.0097682564582195,+0000.0004012568627673,+0000.0004012568627673,+0000.4947146149081257,+0000.4947146149081204
+0000.0096610619802631,+0000.0003968535782853,+0000.0003968535782853,+0000.4947726154315858,+0000.4947726154315804
+0000.0095551882851493,+0000.0003925045477345,+0000.0003925045477344,+0000.4948299013096938,+0000.4948299013096883
