+0001.0000000000000000,+0000.0000000000000000,+0000.0000000000000000,+0000.0000000000000000,+0000.0000000000000000
+0000.9983948394611160,+0000.0000944115753184,+0000.0015105852050941,+0000.0000000096328513,+0000.0000001541256204
+0000.9936531453234208,+0000.0003732583684708,+0000.0059721338955328,+0000.0000000860242692,+0000.0000013763883065
+0000.9858973868735530,+0000.0008292241974692,+0000.0132675871595072,+0000.0000003412805571,+0000.0000054604889134
+0000.9752635348579882,+0000.0014541463076766,+0000.0232663409228260,+0000.0000009398771476,+0000.0000150380343616
+0000.9618985129338415,+0000.0022391680481186,+0000.0358266887698980,+0000.0000020958969495,+0000.0000335343511924
+0000.9459579331409793,+0000.0031748748922988,+0000.0507979982767810,+0000.0000040702170554,+0000.0000651234728858
+0000.9276041252573176,+0000.0042514131477318,+0000.0680226103637089,+0000.0000071677194848,+0000.0001146835117568
+0000.9070044588911632,+0000.0054585913680692,+0000.0873374618891077,+0000.0000117345795094,+0000.0001877532721504
+0000.8843299484895870,+0000.0067859650126989,+0000.1085754402031818,+0000.0000181556643843,+0000.0002904906301482
+0000.8597541248884586,+0000.0082229053031035,+0000.1315664848496557,+0000.0000268520563989,+0000.0004296329023829
+0000.8334521523207516,+0000.0097586535191945,+0000.1561384563071114,+0000.0000382786972319,+0000.0006124591557104
+0000.8056001666290206,+0000.0113823621802689,+0000.1821177948843025,+0000.0000529221356711,+0000.0008467541707370
+0000.7763748084879782,+0000.0130831246823555,+0000.2093299949176882,+0000.0000712983477634,+0000.0011407735642148
+0000.7459529244440513,+0000.0148499950337007,+0000.2375999205392115,+0000.0000939505872374,+0000.0015032093957990
+0000.7145114082612717,+0000.0166719993584260,+0000.2667519897348167,+0000.0001214472144403,+0000.0019431554310452
+0000.6822271552047666,+0000.0185381408381694,+0000.2966102534107100,+0000.0001543794439032,+0000.0024700711024506
+0000.6492771023129186,+0000.0204373997435942,+0000.3269983958975076,+0000.0001933589438811,+0000.0030937431020982
+0000.6158383282663923,+0000.0223587301803280,+0000.3577396828852479,+0000.0002390152157666,+0000.0038242434522649
+0000.5820881870558585,+0000.0242910551430789,+0000.3886568822892628,+0000.0002919926771647,+0000.0046718828346349
+0000.5482044502172730,+0000.0262232614409824,+0000.4195721830557185,+0000.0003529473697662,+0000.0056471579162597
+0000.5143654329162778,+0000.0281441960280737,+0000.4503071364491793,+0000.0004225432121453,+0000.0067606913943240
+0000.4807500796269788,+0000.0300426652445721,+0000.4806826439131530,+0000.0005014477185468,+0000.0080231634967496
+0000.4475379856011827,+0000.0319074384448877,+0000.5105190151182040,+0000.0005903271079839,+0000.0094452337277417
+0000.4149093308270334,+0000.0337272574526571,+0000.5396361192425143,+0000.0006898407339880,+0000.0110374517438074
+0000.3830447038222287,+0000.0354908532357825,+0000.5678536517725206,+0000.0008006347746746,+0000.0128101563947936
+0000.3521247935117404,+0000.0371869711280860,+0000.5949915380493770,+0000.0009233351359292,+0000.0147733621748671
+0000.3223299287383320,+0000.0388044058302834,+0000.6208704932845353,+0000.0010585395380499,+0000.0169366326087991
+0000.2938394467963960,+0000.0403320472922169,+0000.6453127566754711,+0000.0012068087785833,+0000.0193089404573328
+0000.2668308749237622,+0000.0417589384009783,+0000.6681430144156534,+0000.0013686571917415,+0000.0218985150678646
+0000.2414789120887300,+0000.0430743451662999,+0000.6891895226607981,+0000.0015445423578925,+0000.0247126777262795
+0000.2179542028133389,+0000.0442678397970759,+0000.7082854367532149,+0000.0017348541550806,+0000.0277576664812897
+0000.1964219002924367,+0000.0453293966948572,+0000.7252703471177151,+0000.0019399032879407,+0000.0310384526070506
+0000.1770400227681636,+0000.0462495009485943,+0000.7399920151775090,+0000.0021599094768078,+0000.0345585516289253
+0000.1599576150009808,+0000.0470192684012219,+0000.7523082944195499,+0000.0023949895398969,+0000.0383198326383503
+0000.1453127356541901,+0000.0476305757799998,+0000.7620892124799961,+0000.0026451456521067,+0000.0423223304337074
+0000.1332303012856429,+0000.0480761987528554,+0000.7692191800456857,+0000.0029102541126951,+0000.0465640658031211
+0000.1238198281035431,+0000.0483499551139807,+0000.7735992818236910,+0000.0031900549975756,+0000.0510408799612097
+0000.1171731232494471,+0000.0484468496433748,+0000.7751495942939970,+0000.0034841431066577,+0000.0557462897065236
+0000.1133619875512205,+0000.0483632165643299,+0000.7738114650292773,+0000.0037919606385396,+0000.0606713702166330
+0000.1124360007626735,+0000.0480968549839490,+0000.7695496797431843,+0000.0041127920300114,+0000.0658046724801820
+0000.1144204675189084,+0000.0476471522927629,+0000.7623544366842052,+0000.0044457613825955,+0000.0711321821215279
+0000.1193146068039153,+0000.0470151902693432,+0000.7522430443094908,+0000.0047898328598383,+0000.0766373257574122
+0000.1270900689046487,+0000.0462038286300696,+0000.7392612580811134,+0000.0051438143755393,+0000.0823010300086287
+0000.1376898609838531,+0000.0452177610200840,+0000.7234841763213429,+0000.0055063648043953,+0000.0881018368703246
+0000.1510277551093615,+0000.0440635389827009,+0000.7050166237232134,+0000.0058760048343955,+0000.0940160773503286
+0000.1669882406717170,+0000.0427495602766098,+0000.6839929644257559,+0000.0062511314485834,+0000.1000181031773338
+0000.1854270667818821,+0000.0412860190167466,+0000.6605763042679446,+0000.0066300358784369,+0000.1060805740549899
+0000.2061724000145720,+0000.0396848164556868,+0000.6349570632909887,+0000.0070109247199266,+0000.1121747955188259
+0000.2290265996684811,+0000.0379594327346341,+0000.6073509237541443,+0000.0073919437554553,+0000.1182711000872850
+0000.2537685877979872,+0000.0361247615334250,+0000.5779961845347985,+0000.0077712038902229,+0000.1243392622435666
+0000.2801567661205835,+0000.0341969111402224,+0000.5471505782435571,+0000.0081468084997434,+0000.1303489359958938
+0000.3079324081319914,+0000.0321929769403851,+0000.5150876310461611,+0000.0085168814047919,+0000.1362701024766705
+0000.3368234339572836,+0000.0301307915903031,+0000.4820926654448487,+0000.0088795946475038,+0000.1420735143600606
+0000.3665484590501955,+0000.0280286601085197,+0000.4484585617363149,+0000.0092331952414688,+0000.1477311238635012
+0000.3968209969323192,+0000.0259050877174153,+0000.4144814034786440,+0000.0095760301100954,+0000.1532164817615259
+0000.4273536914285943,+0000.0237785084661934,+0000.3804561354590945,+0000.0099065685085951,+0000.1585050961375225
+0000.4578624555128142,+0000.0216670224533854,+0000.3466723592541663,+0000.0102234213399785,+0000.1635747414396557
+0000.4880704016415465,+0000.0195881488694885,+0000.3134103819118155,+0000.0105253569163029,+0000.1684057106608470
+0000.5177114615914391,+0000.0175586011507296,+0000.2809376184116728,+0000.0108113128733034,+0000.1729810059728553
+0000.5465336112259562,+0000.0155940893483102,+0000.2495054295729631,+0000.0110804041089865,+0000.1772864657437842
+0000.5743016359643118,+0000.0137091534627703,+0000.2193464554043241,+0000.0113319267746232,+0000.1813108283939707
+0000.6007993945635650,+0000.0119170300642783,+0000.1906724810284525,+0000.0115653584908061,+0000.1850457358528979
+0000.6258315607388768,+0000.0102295531071867,+0000.1636728497149872,+0000.0117803550846441,+0000.1884856813543054
+0000.6492248428662959,+0000.0086570885307873,+0000.1385134164925962,+0000.0119767442417836,+0000.1916279078685370
+0000.6708287004995630,+0000.0072085010814979,+0000.1153360173039658,+0000.0121545165361749,+0000.1944722645787984
+0000.6905155919359603,+0000.0058911508392339,+0000.0942584134277425,+0000.0123138143410037,+0000.1970210294560593
+0000.7081807991394574,+0000.0047109162071200,+0000.0753746593139192,+0000.0124549191376178,+0000.1992787062018855
+0000.7237418848169277,+0000.0036722396349646,+0000.0587558341594338,+0000.0125782377287455,+0000.2012518036599285
+0000.7371378414441061,+0000.0027781920830556,+0000.0444510733288896,+0000.0126842878319970,+0000.2029486053119516
+0000.7483279938525258,+0000.0020305521714604,+0000.0324888347433669,+0000.0127736834842733,+0000.2043789357483734
+0000.7572907160586198,+0000.0014298960703775,+0000.0228783371260396,+0000.0128471206320567,+0000.2055539301129066
+0000.7640220198647724,+0000.0009756944338854,+0000.0156111109421659,+0000.0129053632211280,+0000.2064858115380483
+0000.7685340679405523,+0000.0006664130262959,+0000.0106626084207339,+0000.0129492300360246,+0000.2071876805763935
+0000.7708536581358836,+0000.0004996141024745,+0000.0079938256395922,+0000.0129795824777676,+0000.2076733196442820
+0000.7710207191732092,+0000.0004720560498208,+0000.0075528967971329,+0000.0129973134105786,+0000.2079570145692584
+0000.7690868510298523,+0000.0005797892538087,+0000.0092766280609399,+0000.0130033371561999,+0000.2080533944991990
+0000.7651139365917577,+0000.0008182465902020,+0000.0130919454432317,+0000.0129985806691064,+0000.2079772907057022
+0000.7591728447901143,+0000.0011823273598364,+0000.0189172377573822,+0000.0129839758878039,+0000.2077436142048631
+0000.7513422395996487,+0000.0016664738558313,+0000.0266635816933013,+0000.0129604532265423,+0000.2073672516246765
+0000.7417075040887651,+0000.0022647400823193,+0000.0362358413171088,+0000.0129289361477533,+0000.2068629783640534
+0000.7303597842159734,+0000.0029708524260222,+0000.0475336388163553,+0000.0128903367377441,+0000.2062453878039050
+0000.7173951532664489,+0000.0037782623178882,+0000.0604521970862114,+0000.0128455521958501,+0000.2055288351336017
+0000.7029138946845132,+0000.0046801911142911,+0000.0748830578286584,+0000.0127954621395610,+0000.2047273942329763
+0000.6870198985254696,+0000.0056696675801723,+0000.0907146812827566,+0000.0127409266242119,+0000.2038548259873897
+0000.6698201647516234,+0000.0067395584750046,+0000.1078329356000743,+0000.0126827847748998,+0000.2029245563983976
+0000.6514244050530661,+0000.0078825928319864,+0000.1261214853117822,+0000.0126218539295979,+0000.2019496628735673
+0000.6319447337027998,+0000.0090913805868266,+0000.1454620893892256,+0000.0125589291953617,+0000.2009428671257867
+0000.6114954370799315,+0000.0103584262600084,+0000.1657348201601346,+0000.0124947833235250,+0000.1999165331764002
+0000.5901928108419172,+0000.0116761384301704,+0000.1868182148827260,+0000.0124301668144227,+0000.1988826690307637
+0000.5681550532334982,+0000.0130368357603160,+0000.2085893721650559,+0000.0123658081671253,+0000.1978529306740046
+0000.5455022026322391,+0000.0144327503563487,+0000.2309240057015800,+0000.0123024141946960,+0000.1968386271151362
+0000.5223561071052496,+0000.0158560292516199,+0000.2536964680259193,+0000.0122406703304242,+0000.1958507252867870
+0000.4988404134570907,+0000.0172987348237075,+0000.2767797571793206,+0000.0121812408552871,+0000.1948998536845941
+0000.4750805629649268,+0000.0187528449616883,+0000.3000455193870132,+0000.0121247689815513,+0000.1939963037048204
+0000.4512037807157885,+0000.0202102538141248,+0000.3233640610259962,+0000.0120718767320053,+0000.1931500277120854
+0000.4273390451867133,+0000.0216627739594739,+0000.3466043833515827,+0000.0120231645589547,+0000.1923706329432753
+0000.4036170244585444,+0000.0231021408504665,+0000.3696342536074635,+0000.0119792106519721,+0000.1916673704315537
+0000.3801699652581302,+0000.0245200203902183,+0000.3923203262434931,+0000.0119405698887152,+0000.1910491182194431
+0000.3571315209243272,+0000.0259080204976609,+0000.4145283279625742,+0000.0119077723891434,+0000.1905243582262942
+0000.3346365044460143,+0000.0272577075097631,+0000.4361233201562090,+0000.0118813216404714,+0000.1901011462475423
+0000.3128205529928307,+0000.0285606282437078,+0000.4569700518993250,+0000.0118616921684786,+0000.1897870746956578
+0000.2918196909297721,+0000.0298083384987883,+0000.4769334159806121,+0000.0118493267406369,+0000.1895892278501906
+0000.2717697792618526,+0000.0309924387099398,+0000.4958790193590361,+0000.0118446330981866,+0000.1895141295709850
+0000.2528058408864723,+0000.0321046173669207,+0000.5136738778707306,+0000.0118479802279927,+0000.1895676836478835
+0000.2350612530306952,+0000.0331367026796611,+0000.5301872428745769,+0000.0118596942008863,+0000.1897551072141807
+0000.2186668009036935,+0000.0340807227961767,+0000.5452915647388266,+0000.0118800536212531,+0000.1900808579400503
+0000.2037495899717392,+0000.0349289746606700,+0000.5588635945707194,+0000.0119092847527571,+0000.1905485560441144
+0000.1904318184102999,+0000.0356741013336186,+0000.5707856213378967,+0000.0119475564069520,+0000.1911609025112326
+0000.1788294162151767,+0000.0363091772827193,+0000.5809468365235084,+0000.0119949747046233,+0000.1919195952739725
+0000.1690505631245941,+0000.0368278007965020,+0000.5892448127440311,+0000.0120515778432278,+0000.1928252454916453
+0000.1611941038197749,+0000.0372241922779873,+0000.5955870764477966,+0000.0121173310267318,+0000.1938772964277093
+0000.1553478856664009,+0000.0374932967550158,+0000.5998927480802518,+0000.0121921217351959,+0000.1950739477631353
+0000.1515870512908770,+0000.0376308885125974,+0000.6020942162015581,+0000.0122757555291157,+0000.1964120884658517
+0000.1499723252328616,+0000.0376336753313634,+0000.6021388053018144,+0000.0123679525961153,+0000.1978872415378455
+0000.1505483403856937,+0000.0374993994298162,+0000.5999903908770587,+0000.0124683452533783,+0000.1994935240540528
+0000.1533420554766815,+0000.0372269318848789,+0000.5956309101580617,+0000.0125764766164928,+0000.2012236258638850
+0000.1583613189615370,+0000.0368163570754185,+0000.5890617132066948,+0000.0126918006327264,+0000.2030688101236232
+0000.1655936369206895,+0000.0362690435869132,+0000.5803046973906104,+0000.0128136836530463,+0000.2050189384487405
+0000.1750052023976485,+0000.0355876980593563,+0000.5694031689496993,+0000.0129414076819586,+0000.2070625229113373
+0000.1865402407448689,+0000.0347763986761488,+0000.5564223788183805,+0000.0130741753976824,+0000.2091868063629192
+0000.2001207197091218,+0000.0338406053916756,+0000.5414496862668087,+0000.0132111169783761,+0000.2113778716540179
+0000.2156464641438648,+0000.0327871445805541,+0000.5245943132888653,+0000.0133512987051009,+0000.2136207792816150
+0000.2329957035416082,+0000.0316241665498439,+0000.5059866647975021,+0000.0134937332418262,+0000.2158997318692195
+0000.2520260664270217,+0000.0303610752600583,+0000.4857772041609319,+0000.0136373914207052,+0000.2181982627312829
+0000.2725760196609420,+0000.0290084306110040,+0000.4641348897760627,+0000.0137812152912936,+0000.2204994446606978
+0000.2944667336947668,+0000.0275778247117069,+0000.4412451953873092,+0000.0139241321297775,+0000.2227861140764394
+0000.3175043377481620,+0000.0260817346089453,+0000.4173077537431245,+0000.0140650690529275,+0000.2250411048468406
+0000.3414825127972047,+0000.0245333549314562,+0000.3925336789032984,+0000.0142029678451789,+0000.2272474855228620
+0000.3661853561767247,+0000.0229464147537401,+0000.3671426360598405,+0000.0143367995888056,+0000.2293887934208889
+0000.3913904404348454,+0000.0213349836390764,+0000.3413597382252225,+0000.0144655786882856,+0000.2314492590125700
+0000.4168719815533448,+0000.0197132722430356,+0000.3154123558885688,+0000.0145883759008853,+0000.2334140144141654
+0000.4424040282293370,+0000.0180954330202860,+0000.2895269283245754,+0000.0147043300250471,+0000.2352692804007544
+0000.4677635847660883,+0000.0164953664717259,+0000.2639258635476134,+0000.0148126579537984,+0000.2370025272607741
+0000.4927335850963964,+0000.0149265380082308,+0000.2388246081316926,+0000.0149126628684518,+0000.2386026058952284
+0000.5171056441232960,+0000.0134018099217746,+0000.2144289587483932,+0000.0150037404239139,+0000.2400598467826220
+0000.5406825242315125,+0000.0119332921890436,+0000.1909326750246966,+0000.0150853828561616,+0000.2413661256985857
+0000.5632802686503255,+0000.0105322149415865,+0000.1685154390653829,+0000.0151571810201591,+0000.2425148963225460
+0000.5847299683978811,+0000.0092088244793888,+0000.1473411916702198,+0000.0152188244383830,+0000.2435011910141273
+0000.6048791448681669,+0000.0079723037403704,+0000.1275568598459257,+0000.0152700995026787,+0000.2443215920428585
+0000.6235927448668585,+0000.0068307172202930,+0000.1092914755246870,+0000.0153108860228330,+0000.2449741763653286
+0000.6407537583259115,+0000.0057909795106622,+0000.0926556721705950,+0000.0153411523525195,+0000.2454584376403118
+0000.6562634804677512,+0000.0048588459198860,+0000.0777415347181758,+0000.0153609493467169,+0000.2457751895474703
+0000.6700414494799629,+0000.0040389230863676,+0000.0646227693818810,+0000.0153704034148111,+0000.2459264546369774
+0000.6820250976246565,+0000.0033346970904558,+0000.0533551534472924,+0000.0153697089316233,+0000.2459153429059721
+0000.6921691581424361,+0000.0027485763234722,+0000.0439772211755548,+0000.0153591202563845,+0000.2457459241021524
+0000.7004448724642376,+0000.0022819462657110,+0000.0365111402513760,+0000.0153389435893338,+0000.2454230974293414
+0000.7068390423699946,+0000.0019352333441131,+0000.0309637335058096,+0000.0153095288694166,+0000.2449524619106662
+0000.7113529701576704,+0000.0017079751628404,+0000.0273276026054464,+0000.0152712618867084,+0000.2443401901873347
+0000.7140013269717432,+0000.0015988946029184,+0000.0255823136466941,+0000.0152245567516850,+0000.2435929080269592
+0000.7148109855531692,+0000.0016059755472006,+0000.0256956087552097,+0000.0151698488320247,+0000.2427175813123955
+0000.7138198491592492,+0000.0017265382824090,+0000.0276246125185448,+0000.0151075882376351,+0000.2417214118021618
+0000.7110757035697320,+0000.0019573129417765,+0000.0313170070684250,+0000.0150382339070627,+0000.2406117425130038
+0000.7066351142041614,+0000.0022945096639278,+0000.0367121546228455,+0000.0149622483240627,+0000.2393959731850026
+0000.7005623856307656,+0000.0027338844435959,+0000.0437421510975347,+0000.0148800928722414,+0000.2380814859558621
+0000.6929285963015430,+0000.0032707999284887,+0000.0523327988558193,+0000.0147922238184793,+0000.2366755810956693
+0000.6838107173044800,+0000.0039002806681207,+0000.0624044906899309,+0000.0146990889022040,+0000.2351854224352645
+0000.6732908203412719,+0000.0046170625414488,+0000.0738730006631805,+0000.0146011244972999,+0000.2336179919567989
+0000.6614553770403926,+0000.0054156362796785,+0000.0866501804748563,+0000.0144987533061808,+0000.2319800528988921
+0000.6483946490950135,+0000.0062902851593610,+0000.1006445625497766,+0000.0143923825409323,+0000.2302781206549165
+0000.6342021665459731,+0000.0072351170708904,+0000.1157618731342468,+0000.0142824025440523,+0000.2285184407048376
+0000.6189742897697522,+0000.0082440912716003,+0000.1319054603456054,+0000.0141691858007672,+0000.2267069728122750
+0000.6028098493295001,+0000.0093110402142200,+0000.1489766434275211,+0000.0140530862958093,+0000.2248493807329492
+0000.5858098567484028,+0000.0104296869040681,+0000.1668749904650893,+0000.0139344391695553,+0000.2229510267128846
+0000.5680772784136775,+0000.0115936582856050,+0000.1854985325696805,+0000.0138135606312375,+0000.2210169700997996
+0000.5497168641630005,+0000.0127964951942251,+0000.2047439231076025,+0000.0136907480903042,+0000.2190519694448675
+0000.5308350215945913,+0000.0140316594355122,+0000.2245065509681962,+0000.0135662804706883,+0000.2170604875310121
+0000.5115397267347725,+0000.0152925385743118,+0000.2446806171889887,+0000.0134404186765839,+0000.2150466988253428
+0000.4919404613568696,+0000.0165724490321128,+0000.2651591845138056,+0000.0133134061821889,+0000.2130144989150228
+0000.4721481669447422,+0000.0178646381051460,+0000.2858342096823364,+0000.0131854697216339,+0000.2109675155461416
+0000.4522752050132414,+0000.0191622855285316,+0000.3065965684565054,+0000.0130568200589248,+0000.2089091209427968
+0000.4324353132251773,+0000.0204585052244714,+0000.3273360835915419,+0000.0129276528211064,+0000.2068424451377031
+0000.4127435464776958,+0000.0217463478850400,+0000.3479415661606401,+0000.0127981493809779,+0000.2047703900956460
+0000.3933161918773433,+0000.0230188050522067,+0000.3683008808353075,+0000.0126684777785378,+0000.2026956444566046
+0000.3742706462992307,+0000.0242688153683379,+0000.3883010458934074,+0000.0125387936728838,+0000.2006206987661401
+0000.3557252450583417,+0000.0254892736780333,+0000.4078283788485329,+0000.0124092413185348,+0000.1985478610965571
+0000.3377990301470481,+0000.0266730436645637,+0000.4267686986330189,+0000.0122799545620805,+0000.1964792729932887
+0000.3206114465594933,+0000.0278129746986435,+0000.4450075951782962,+0000.0121510578566804,+0000.1944169257068865
+0000.3042819554877143,+0000.0289019235604250,+0000.4624307769668010,+0000.0120226672932388,+0000.1923626766918210
+0000.2889295537023066,+0000.0299327816635712,+0000.4789245066171393,+0000.0118948916480578,+0000.1903182663689255
+0000.2746721892956713,+0000.0308985083587229,+0000.4943761337395662,+0000.0117678334474141,+0000.1882853351586255
+0000.2616260652469032,+0000.0317921708180203,+0000.5086747330883253,+0000.0116415900498089,+0000.1862654407969418
+0000.2499048240439365,+0000.0326069908978816,+0000.5217118543661047,+0000.0115162547465928,+0000.1842600759454844
+0000.2396186089465269,+0000.0333363992395327,+0000.5333823878325239,+0000.0113919178812598,+0000.1822706861001569
+0000.2308730004585098,+0000.0339740966919742,+0000.5435855470715864,+0000.0112686679869370,+0000.1802986877909927
+0000.2237678302464780,+0000.0345141229273851,+0000.5522259668381618,+0000.0111465929404691,+0000.1783454870475061
+0000.2183958791136360,+0000.0349509318632916,+0000.5592149098126646,+0000.0110257811300240,+0000.1764124980803835
+0000.2148414706927719,+0000.0352794732102440,+0000.5644715713639031,+0000.0109063226313577,+0000.1745011621017229
+0000.2131789781926375,+0000.0354952791322615,+0000.5679244661161830,+0000.0107883103858187,+0000.1726129661730992
+0000.2134712676899981,+0000.0355945546473225,+0000.5695128743571598,+0000.0106718413709129,+0000.1707494619346066
+0000.2157681079103863,+0000.0355742700180899,+0000.5691883202894371,+0000.0105570177518875,+0000.1689122840301992
+0000.2201045829175640,+0000.0354322530044091,+0000.5669160480705445,+0000.0104439480004401,+0000.1671031680070421
+0000.2264995502971681,+0000.0351672784886394,+0000.5626764558182297,+0000.0103327479644684,+0000.1653239674314942
+0000.2349541928729048,+0000.0347791526659867,+0000.5564664426557863,+0000.0102235418709013,+0000.1635766699344212
+0000.2454507162855985,+0000.0342687887409114,+0000.5483006198545817,+0000.0101164632422887,+0000.1618634118766197
+0000.2579512474260738,+0000.0336382709148634,+0000.5382123346378135,+0000.0100116557071323,+0000.1601864913141167
+0000.2723969892842383,+0000.0328909034168215,+0000.5262544546691432,+0000.0099092736841057,+0000.1585483789456912
+0000.2887076858551488,+0000.0320312414399996,+0000.5124998630399927,+0000.0098094829214623,+0000.1569517267433964
+0000.3067814460253977,+0000.0310651011233402,+0000.4970416179734433,+0000.0097124608751658,+0000.1553993740026529
+0000.3264949676947159,+0000.0299995461641490,+0000.4799927386263835,+0000.0096183969126325,+0000.1538943506021191
+0000.3477041928024252,+0000.0288428492664647,+0000.4614855882634352,+0000.0095274923333926,+0000.1524398773342821
+0000.3702454106797211,+0000.0276044274037387,+0000.4416708384598188,+0000.0094399602033365,+0000.1510393632533847
+0000.3939368117219975,+0000.0262947507757885,+0000.4207160124126147,+0000.0093560250052706,+0000.1496964000843288
+0000.4185804764775535,+0000.0249252263275163,+0000.3988036212402603,+0000.0092759221149806,+0000.1484147538396893
+0000.4439647677741087,+0000.0235080577183189,+0000.3761289234931018,+0000.0091998971184983,+0000.1471983538959722
+0000.4698670764743635,+0000.0220560846267665,+0000.3528973540282636,+0000.0091282049923886,+0000.1460512798782179
+0000.4960568559366042,+0000.0205826051824649,+0000.3293216829194371,+0000.0090611091742055,+0000.1449777467872884
+0000.5222988672825890,+0000.0191011860760280,+0000.3056189772164474,+0000.0089988805544080,+0000.1439820888705277
+0000.5483565480310992,+0000.0176254654568472,+0000.2820074473095548,+0000.0089417964236764,+0000.1430687427788227
+0000.5739954112063739,+0000.0161689540479555,+0000.2587032647672870,+0000.0088901394104931,+0000.1422422305678903
+0000.5989863810516178,+0000.0147448399657743,+0000.2359174394523876,+0000.0088441964429541,+0000.1415071430872663
+0000.6231089750179523,+0000.0133658025269698,+0000.2138528404315163,+0000.0088042577660919,+0000.1408681242574698
+0000.6461542494777166,+0000.0120438398714055,+0000.1927014379424870,+0000.0087706160416701,+0000.1403298566667208
+0000.6679274380471656,+0000.0107901145631393,+0000.1726418330102281,+0000.0087435655517334,+0000.1398970488277339
+0000.6882502256767853,+0000.0096148204984990,+0000.1538371279759829,+0000.0087234015205137,+0000.1395744243282194
+0000.7069626177981647,+0000.0085270735086759,+0000.1364331761388141,+0000.0087104195620203,+0000.1393667129923250
+0000.7239243807584408,+0000.0075348270551338,+0000.1205572328821402,+0000.0087049152531933,+0000.1392786440510919
+0000.7390160465054886,+0000.0066448134391010,+0000.1063170150256162,+0000.0087071838252820,+0000.1393149412045121
+0000.7521394900937275,+0000.0058625100350162,+0000.0938001605602591,+0000.0087175199594704,+0000.1394803193515265
+0000.7632181023143634,+0000.0051921292557017,+0000.0830740680912274,+0000.0087362176669828,+0000.1397794826717245
+0000.7721965910752906,+0000.0046366302958183,+0000.0741860847330923,+0000.0087635702291647,+0000.1402171236666343
+0000.7790404537476011,+0000.0041977501983529,+0000.0671640031736469,+0000.0087998701694352,+0000.1407979227109638
+0000.7837351684560209,+0000.0038760514524768,+0000.0620168232396278,+0000.0088454092265808,+0000.1415265476252935
+0000.7862851553084829,+0000.0036709831548958,+0000.0587357304783322,+0000.0089004782975464,+0000.1424076527607425
+0000.7867125590775680,+0000.0035809527366729,+0000.0572952437867663,+0000.0089653673175878,+0000.1434458770814048
+0000.7850559032153722,+0000.0036034053528633,+0000.0576544856458131,+0000.0090403650462324,+0000.1446458407397190
+0000.7813686617204413,+0000.0037349082288105,+0000.0597585316609673,+0000.0091257587288107,+0000.1460121396609704
+0000.7757177907219871,+0000.0039712375287866,+0000.0635398004605850,+0000.0092218336052142,+0000.1475493376834272
+0000.7681822561339393,+0000.0043074656345997,+0000.0689194501535950,+0000.0093288722398745,+0000.1492619558379917
+0000.7588515877547405,+0000.0047380470706911,+0000.0758087531310575,+0000.0094471536496183,+0000.1511544583938929
+0000.7478244840899152,+0000.0052569016680946,+0000.0841104266895141,+0000.0095769522089692,+0000.1532312353435068
+0000.7352074862322066,+0000.0058574939060718,+0000.0937199024971495,+0000.0097185363155631,+0000.1554965810490090
+0000.7211137335618902,+0000.0065329076947411,+0000.1045265231158579,+0000.0098721668016183,+0000.1579546688258927
+0000.7056618089785366,+0000.0072759161557127,+0000.1164146584914030,+0000.0100380950808440,+0000.1606095212935036
+0000.6889746769395089,+0000.0080790462150323,+0000.1292647394405173,+0000.0102165610238201,+0000.1634649763811218
+0000.6711787138068964,+0000.0089346380408138,+0000.1429542086530213,+0000.0104077905587805,+0000.1665246489404882
+0000.6524028269024863,+0000.0098348995362117,+0000.1573583925793879,+0000.0106119929989361,+0000.1697918879829778
+0000.6327776562204045,+0000.0107719562379252,+0000.1723512998068040,+0000.0108293581020510,+0000.1732697296328154
+0000.6124348509103331,+0000.0117378970734633,+0000.1878063531754129,+0000.0110600528729877,+0000.1769608459678029
+0000.5915064113697388,+0000.0127248164998888,+0000.2035970639982205,+0000.0113042181254207,+0000.1808674900067313
+0000.5701240870144587,+0000.0137248535860061,+0000.2195976573760972,+0000.0115619648249081,+0000.1849914371985298
+0000.5484188194753347,+0000.0147302286123672,+0000.2356836577978759,+0000.0118333702420248,+0000.1893339238723974
+0000.5265202210383714,+0000.0157332777523553,+0000.2517324440376849,+0000.0121184739512699,+0000.1938955832203185
+0000.5045560785554356,+0000.0167264863660627,+0000.2676237818570035,+0000.0124172737189117,+0000.1986763795025865
+0000.4826518737550783,+0000.0177025213895619,+0000.2832403422329903,+0000.0127297213307276,+0000.2036755412916417
+0000.4609303118371870,+0000.0186542632380503,+0000.2984682118088056,+0000.0130557184185857,+0000.2088914946973711
+0000.4395108514038689,+0000.0195748375646128,+0000.3131974010338058,+0000.0133951123528066,+0000.2143217976449058
+0000.4185092301287280,+0000.0204576471291928,+0000.3273223540670857,+0000.0137476922749996,+0000.2199630763999942
+0000.3980369820660489,+0000.0212964039369488,+0000.3407424629911814,+0000.0141131853532836,+0000.2258109656525374
+0000.3782009441192996,+0000.0220851617036509,+0000.3533625872584151,+0000.0144912533481550,+0000.2318600535704795
+0000.3591027508927407,+0000.0228183486004082,+0000.3650935776065318,+0000.0148814895823717,+0000.2381038333179475
+0000.3408383189061959,+0000.0234908001232419,+0000.3758528019718702,+0000.0152834164116878,+0000.2445346625870043
+0000.3234973229230216,+0000.0240977918274845,+0000.3855646692397530,+0000.0156964832946907,+0000.2511437327150504
+0000.3071626688825843,+0000.0246350715655873,+0000.3941611450493968,+0000.0161200655589666,+0000.2579210489434649
+0000.2919099695941664,+0000.0250988907727754,+0000.4015822523644061,+0000.0165534639569795,+0000.2648554233116724
+0000.2778070308881961,+0000.0254860342614181,+0000.4077765481826888,+0000.0169959050980998,+0000.2719344815695972
+0000.2649133572790502,+0000.0257938479153570,+0000.4127015666457123,+0000.0174465428329342,+0000.2791446853269463
+0000.2532796873161174,+0000.0260202636231299,+0000.4163242179700782,+0000.0179044606523926,+0000.2864713704382821
+0000.2429475696321156,+0000.0261638207571808,+0000.4186211321148933,+0000.0183686751468124,+0000.2938988023489978
+0000.2339489911894862,+0000.0262236834975369,+0000.4195789359605910,+0000.0188381405501403,+0000.3014102488022454
+0000.2263060693338388,+0000.0261996533152144,+0000.4191944530434305,+0000.0193117543710304,+0000.3089880699364859
+0000.2200308189551742,+0000.0260921759741801,+0000.4174748155868809,+0000.0197883640872803,+0000.3166138253964846
+0000.2151250053140266,+0000.0259023424814227,+0000.4144374797027639,+0000.0202667748530463,+0000.3242683976487405
+0000.2115800919084149,+0000.0256318835118465,+0000.4101101361895440,+0000.0207457581405997,+0000.3319321302495951
+0000.2093772911550843,+0000.0252831569563149,+0000.4045305113010384,+0000.0212240612110331,+0000.3395849793765293
+0000.2084877236714470,+0000.0248591283840305,+0000.3977460541444883,+0000.0217004172823550,+0000.3472066765176793
+0000.2088726896293995,+0000.0243633443700980,+0000.3898135099215679,+0000.0221735562399373,+0000.3547768998389975
+0000.2104840530839779,+0000.0237998988101075,+0000.3807983809617194,+0000.0226422157143644,+0000.3622754514298310
+0000.2132647374497051,+0000.0231733925195588,+0000.3707742803129400,+0000.0231051523363409,+0000.3696824373814552
+0000.2171493275085065,+0000.0224888865900607,+0000.3598221854409711,+0000.0235611529682625,+0000.3769784474921994
+0000.2220647705950624,+0000.0217518501394304,+0000.3480296022308870,+0000.0240090457079188,+0000.3841447313267013
+0000.2279311670292601,+0000.0209681032422346,+0000.3354896518757540,+0000.0244477104619265,+0000.3911633673908247
+0000.2346626375566055,+0000.0201437559546998,+0000.3223000952751968,+0000.0248760888949116,+0000.3980174223185860
+0000.2421682536104764,+0000.0192851444479732,+0000.3085623111675716,+0000.0252931935749399,+0000.4046910971990386
+0000.2503530147026560,+0000.0183987653324043,+0000.2943802453184683,+0000.0256981161556748,+0000.4111698584907966
+0000.2591188562373968,+0000.0174912092903026,+0000.2798593486448412,+0000.0260900344604388,+0000.4174405513670206
+0000.2683656705619821,+0000.0165690951345993,+0000.2651055221535888,+0000.0264682183617547,+0000.4234914937880754
+0000.2779923241206592,+0000.0156390053767252,+0000.2502240860276032,+0000.0268320343808831,+0000.4293125500941297
+0000.2878976541510487,+0000.0147074243211195,+0000.2353187891379122,+0000.0271809489641129,+0000.4348951834258065
+0000.2979814294116620,+0000.0137806796097676,+0000.2204908737562819,+0000.0275145304248405,+0000.4402324867974481
+0000.3081452608950391,+0000.0128648880228184,+0000.2058382083650937,+0000.0278324495715911,+0000.4453191931454575
+0000.3182934502868679,+0000.0119659062062327,+0000.1914544992997238,+0000.0281344790710103,+0000.4501516651361652
+0000.3283337659904107,+0000.0110892868505844,+0000.1774285896093498,+0000.0284204916205680,+0000.4547278659290871
+0000.3381781387558275,+0000.0102402406926854,+0000.1638438510829657,+0000.0286904570275601,+0000.4590473124409615
+0000.3477432712438111,+0000.0094236045595271,+0000.1507776729524340,+0000.0289444383084840,+0000.4631110129357434
+0000.3569511581255800,+0000.0086438155274675,+0000.1383010484394794,+0000.0291825869357337,+0000.4669213909717396
+0000.3657295154986928,+0000.0079048911332865,+0000.1264782581325838,+0000.0294051373667904,+0000.4704821978686465
+0000.3740121204142575,+0000.0072104154514038,+0000.1153666472224603,+0000.0296124009948164,+0000.4737984159170618
+0000.3817390631134419,+0000.0065635307459494,+0000.1050164919351900,+0000.0298047596591423,+0000.4768761545462762
+0000.3888569161220514,+0000.0059669343192735,+0000.0954709491083758,+0000.0299826588500176,+0000.4797225416002813
+0000.3953188256281196,+0000.0054228801106704,+0000.0867660817707265,+0000.0301466007347343,+0000.4823456117557492
+0000.4010845315594936,+0000.0049331845505328,+0000.0789309528085240,+0000.0302971371224382,+0000.4847541939590113
+0000.4061203234890768,+0000.0044992361450525,+0000.0719877783208404,+0000.0304348624732371,+0000.4869577995717931
+0000.4103989399377004,+0000.0041220082535678,+0000.0659521320570843,+0000.0305604070442146,+0000.4889665127074330
+0000.4138994188397374,+0000.0038020745228998,+0000.0608331923663972,+0000.0306744302512333,+0000.4907908840197322
+0000.4166069069115275,+0000.0035396264584308,+0000.0566340233348931,+0000.0307776143114793,+0000.4924418289836691
+0000.4185124354482495,+0000.0033344926379793,+0000.0533518822076687,+0000.0308706582180060,+0000.4939305314880965
+0000.4196126697035933,+0000.0031861591094630,+0000.0509785457514087,+0000.0309542720844432,+0000.4952683533510915
+0000.4199096385110973,+0000.0030937905546838,+0000.0495006488749404,+0000.0310291718858399,+0000.4964667501734387
+0000.4194104502177125,+0000.0030562518472717,+0000.0489000295563467,+0000.0310960746105099,+0000.4975371937681591
+0000.4181270003481534,+0000.0030721296810394,+0000.0491540748966297,+0000.0311556938278928,+0000.4984911012462849
+0000.4160756757289155,+0000.0031397539941045,+0000.0502360639056727,+0000.0312087356689004,+0000.4993397707024071
+0000.4132770590961836,+0000.0032572189627957,+0000.0521155034047315,+0000.0312558952080170,+0000.5000943233282722
+0000.4097556375111716,+0000.0034224033864605,+0000.0547584541833678,+0000.0312978532305294,+0000.5007656516884705
+0000.4055395172251868,+0000.0036329903290002,+0000.0581278452640032,+0000.0313352733636359,+0000.5013643738181738
+0000.4006601469869110,+0000.0038864859246323,+0000.0621837747941170,+0000.0313687995467259,+0000.5019007927476137
+0000.3951520511749774,+0000.0041802372936060,+0000.0668837966976960,+0000.0313990538137483,+0000.5023848610199724
+0000.3890525735761259,+0000.0045114495481080,+0000.0721831927697278,+0000.0314266343591787,+0000.5028261497468597
+0000.3824016321170013,+0000.0048772018992736,+0000.0780352303883776,+0000.0314521138585499,+0000.5032338217367976
+0000.3752414843981220,+0000.0052744629030481,+0000.0843914064487701,+0000.0314760380147094,+0000.5036166082353504
+0000.3676165034723922,+0000.0057001049056902,+0000.0912016784910440,+0000.0314989243018161,+0000.5039827888290574
+0000.3595729629574616,+0000.0061509177690882,+0000.0984146843054117,+0000.0315212608804729,+0000.5043401740875657
+0000.3511588302702628,+0000.0066236219719171,+0000.1059779515506745,+0000.0315435056592439,+0000.5046960905479018
+0000.3424235665219341,+0000.0071148811951556,+0000.1138380991224896,+0000.0315660854800247,+0000.5050573676803959
+0000.3334179314106829,+0000.0076213145097536,+0000.1219410321560576,+0000.0315893954072650,+0000.5054303265162408
+0000.3241937912977954,+0000.0081395082904308,+0000.1302321326468935,+0000.0316137981038165,+0000.5058207696610639
+0000.3148039285470542,+0000.0086660279827909,+0000.1386564477246554,+0000.0316396232791470,+0000.5062339724663525
+0000.3053018501498512,+0000.0091974298512377,+0000.1471588776198038,+0000.0316671671987710,+0000.5066746751803366
+0000.2957415936472692,+0000.0097302728326143,+0000.1556843653218291,+0000.0316966922469581,+0000.5071470759513291
+0000.2861775283968756,+0000.0102611306150678,+0000.1641780898410855,+0000.0317284265380571,+0000.5076548246089139
+0000.2766641503167913,+0000.0107866040533532,+0000.1725856648536523,+0000.0317625635750708,+0000.5082010172011324
+0000.2672558683740411,+0000.0113033340206007,+0000.1808533443296113,+0000.0317992619573969,+0000.5087881913183500
+0000.2580067812695999,+0000.0118080147824380,+0000.1889282365190088,+0000.0318386451428796,+0000.5094183222860738
+0000.2489704430102929,+0000.0122974079622541,+0000.1967585273960667,+0000.0318808012724345,+0000.5100928203589519
+0000.2401996163488282,+0000.0127683571462945,+0000.2042937143407117,+0000.0319257830684803,+0000.5108125290956851
+0000.2317460134181913,+0000.0132178031542318,+0000.2114848504677088,+0000.0319736078211687,+0000.5115777251386996
+0000.2236600232849954,+0000.0136427999749387,+0000.2182847995990196,+0000.0320242574788851,+0000.5123881196621610
+0000.2159904265964472,+0000.0140405313385746,+0000.2246485014171935,+0000.0320776788616344,+0000.5132428617861504
+0000.2087840979940666,+0000.0144083278650578,+0000.2305332458409249,+0000.0321337840176442,+0000.5141405442823066
+0000.2020856975089513,+0000.0147436846959139,+0000.2358989551346228,+0000.0321924507447360,+0000.5150792119157761
+0000.1959373527306761,+0000.0150442794818919,+0000.2407084717102711,+0000.0322535232986565,+0000.5160563727785045
+0000.1903783341448690,+0000.0153079905632981,+0000.2449278490127691,+0000.0323168133105331,+0000.5170690129685305
+0000.1854447266503809,+0000.0155329151445290,+0000.2485266423124640,+0000.0323821009348604,+0000.5181136149577658
+0000.1811691008803558,+0000.0157173872297699,+0000.2514781956763188,+0000.0324491362478562,+0000.5191861799656993
+0000.1775801885443441,+0000.0158599950543690,+0000.2537599208699046,+0000.0325176409136107,+0000.5202822546177714
+0000.1747025665604720,+0000.0159595977172422,+0000.2553535634758753,+0000.0325873101321418,+0000.5213969621142690
+0000.1725563552353016,+0000.0160153406951156,+0000.2562454511218504,+0000.0326578148792784,+0000.5225250380684541
+0000.1711569361508974,+0000.0160266699008365,+0000.2564267184133844,+0000.0327288044432283,+0000.5236608710916534
+0000.1705146957099456,+0000.0159933439367104,+0000.2558935029873670,+0000.0327999092568222,+0000.5247985481091547
+0000.1706348004475429,+0000.0159154441911166,+0000.2546471070578658,+0000.0328707440178515,+0000.5259319042856232
+0000.1715170102214336,+0000.0157933824336011,+0000.2526941189376186,+0000.0329409110827851,+0000.5270545773245614
+0000.1731555352233451,+0000.0156279055811179,+0000.2500464892978869,+0000.0330100041116265,+0000.5281600657860239
+0000.1755389423996643,+0000.0154200973366194,+0000.2467215573859111,+0000.0330776119339885,+0000.5292417909438167
+0000.1786501163230012,+0000.0151713764409615,+0000.2427420230553838,+0000.0331433225988620,+0000.5302931615817914
+0000.1824662788173494,+0000.0148834913297883,+0000.2381358612766131,+0000.0332067275633088,+0000.5313076410129405
+0000.1869590707167015,+0000.0145585110479498,+0000.2329361767671966,+0000.0332674259687148,+0000.5322788154994371
+0000.1920946980467419,+0000.0141988123437983,+0000.2271809975007722,+0000.0333250289475699,+0000.5332004631611180
