+0001.0000000000000000,+0000.0000000000000000,+0000.0000000000000000,+0000.0000000000000000,+0000.0000000000000000,+0000.0000000000000000,+0000.0000000000000000,+0000.0000000000000000,+0000.0000000000000000,+0000.0000000000000000,+0000.0000000000000000,+0000.0000000000000000
+0000.9999518096855490,+0000.0000240945043095,+0000.0000000000000000,+0000.0000000001451479,+0000.0000000005805778,+0000.0000000000000000,+0000.0000000000000000,+0000.0000000000000004,+0000.0000000000000062,+0000.0000240950844091,+0000.0000000000000000,+0000.0000000000000000
+0000.9998072592047916,+0000.0000963600215778,+0000.0000000000000000,+0000.0000000005805172,+0000.0000000092877524,+0000.0000000000000000,+0000.0000000000000000,+0000.0000000000000062,+0000.0000000000003046,+0000.0000963709050436,+0000.0000000000000004,+0000.0000000000000062
+0000.9995664116694111,+0000.0002167408446268,+0000.0000000000000000,+0000.0000000013058910,+0000.0000000470071644,+0000.0000000000000000,+0000.0000000000000000,+0000.0000000000000190,+0000.0000000000022437,+0000.0002167991702365,+0000.0000000000000097,+0000.0000000000003978
+0000.9992293733546392,+0000.0003851430405022,+0000.0000000000000000,+0000.0000000023209129,+0000.0000001485133692,+0000.0000000000000000,+0000.0000000000000000,+0000.0000000000000388,+0000.0000000000085060,+0000.0003853327574467,+0000.0000000000000559,+0000.0000000000045290
+0000.9987962935865419,+0000.0006014345622456,+0000.0000000000000000,+0000.0000000036250874,+0000.0000003624184771,+0000.0000000000000000,+0000.0000000000000000,+0000.0000000000000656,+0000.0000000000231099,+0000.0006019057588538,+0000.0000000000001878,+0000.0000000000254310
+0000.9982673645813553,+0000.0008654454058861,+0000.0000000000000000,+0000.0000000052177801,+0000.0000007511008330,+0000.0000000000000000,+0000.0000000000000000,+0000.0000000000000994,+0000.0000000000514038,+0000.0008664335452332,+0000.0000000000004749,+0000.0000000000969340
+0000.9976428212372181,+0000.0011769678123454,+0000.0000000000000000,+0000.0000000070982185,+0000.0000013906138696,+0000.0000000000000000,+0000.0000000000000000,+0000.0000000000001400,+0000.0000000001000580,+0000.0011788128479789,+0000.0000000000010072,+0000.0000000002891645
+0000.9969229408787529,+0000.0015357565138627,+0000.0000000000000000,+0000.0000000092654924,+0000.0000023705753058,+0000.0000000000000000,+0000.0000000000000000,+0000.0000000000001876,+0000.0000000001770549,+0000.0015389218591073,+0000.0000000000018950,+0000.0000000007283416
+0000.9961080429550869,+0000.0019415290244583,+0000.0000000000000000,+0000.0000000117185554,+0000.0000037940368977,+0000.0000000000000000,+0000.0000000000000000,+0000.0000000000002421,+0000.0000000002916770,+0000.0019466203490329,+0000.0000000000032684,+0000.0000000016207810
+0000.9951984886919782,+0000.0023939659738690,+0000.0000000000000000,+0000.0000000144562255,+0000.0000057773349873,+0000.0000000000000000,+0000.0000000000000000,+0000.0000000000003035,+0000.0000000004544938,+0000.0024017498018735,+0000.0000000000052772,+0000.0000000032809917
+0000.9941946806988351,+0000.0028927114843057,+0000.0000000000000000,+0000.0000000174771863,+0000.0000084499221255,+0000.0000000000000000,+0000.0000000000000000,+0000.0000000000003717,+0000.0000000006773456,+0000.0029041335680045,+0000.0000000000080901,+0000.0000000061637354
+0000.9930970625315145,+0000.0034373735893029,+0000.0000000000000000,+0000.0000000207799881,+0000.0000119541800855,+0000.0000000000000000,+0000.0000000000000000,+0000.0000000000004467,+0000.0000000009733270,+0000.0034535770335464,+0000.0000000000118945,+0000.0000000108998941
+0000.9919061182118791,+0000.0040275246938490,+0000.0000000000000000,+0000.0000000243630499,+0000.0000164452146107,+0000.0000000000000000,+0000.0000000000000000,+0000.0000000000005285,+0000.0000000013567671,+0000.0040498678064388,+0000.0000000000168957,+0000.0000000183359815
+0000.9906223717051804,+0000.0046627020749141,+0000.0000000000000000,+0000.0000000282246600,+0000.0000220906322776,+0000.0000000000000000,+0000.0000000000000000,+0000.0000000000006170,+0000.0000000018432094,+0000.0046927759187173,+0000.0000000000233164,+0000.0000000295771077
+0000.9892463863564434,+0000.0053424084214167,+0000.0000000000000000,+0000.0000000323629785,+0000.0000290702998825,+0000.0000000000000000,+0000.0000000000000000,+0000.0000000000007123,+0000.0000000024493888,+0000.0053820540445833,+0000.0000000000313963,+0000.0000000460331983
+0000.9877787642870852,+0000.0060661124126006,+0000.0000000000000000,+0000.0000000367760385,+0000.0000375760867923,+0000.0000000000000000,+0000.0000000000000000,+0000.0000000000008141,+0000.0000000031932080,+0000.0061174377338234,+0000.0000000000413908,+0000.0000000694682469
+0000.9862201457531077,+0000.0068332493337306,+0000.0000000000000000,+0000.0000000414617481,+0000.0000478115907274,+0000.0000000000000000,+0000.0000000000000000,+0000.0000000000009226,+0000.0000000040937112,+0000.0068986456601114,+0000.0000000000535710,+0000.0000001020523702
+0000.9845712084662570,+0000.0076432217279501,+0000.0000000000000000,+0000.0000000464178926,+0000.0000599918474712,+0000.0000000000000000,+0000.0000000000000000,+0000.0000000000010375,+0000.0000000051710572,+0000.0077253798836954,+0000.0000000000682221,+0000.0000001464164168
+0000.9828326668796303,+0000.0084954000830866,+0000.0000000000000000,+0000.0000000516421361,+0000.0000743430250287,+0000.0000000000000000,+0000.0000000000000000,+0000.0000000000011590,+0000.0000000064464903,+0000.0085973261279537,+0000.0000000000856431,+0000.0000002057088722
+0000.9810052714392583,+0000.0093891235521357,+0000.0000000000000000,+0000.0000000571320241,+0000.0000911021027768,+0000.0000000000000000,+0000.0000000000000000,+0000.0000000000012869,+0000.0000000079423102,+0000.0095141540692755,+0000.0000000001061459,+0000.0000002836547868
+0000.9790898078032618,+0000.0103237007061066,+0000.0000000000000000,+0000.0000000628849855,+0000.0001105165361762,+0000.0000000000000000,+0000.0000000000000000,+0000.0000000000014212,+0000.0000000096818404,+0000.0104755176397078,+0000.0000000001300540,+0000.0000003846164466
+0000.9770870960302341,+0000.0112984103178603,+0000.0000000000000000,+0000.0000000688983352,+0000.0001328439076309,+0000.0000000000000000,+0000.0000000000000000,+0000.0000000000015618,+0000.0000000116893946,+0000.0114810553417875,+0000.0000000001577020,+0000.0000005136554935
+0000.9749979897385366,+0000.0123125021755371,+0000.0000000000000000,+0000.0000000751692763,+0000.0001583515641040,+0000.0000000000000000,+0000.0000000000000000,+0000.0000000000017086,+0000.0000000139902431,+0000.0125303905749633,+0000.0000000001894343,+0000.0000006765961965
+0000.9728233752382478,+0000.0133651979241250,+0000.0000000000000000,+0000.0000000816949027,+0000.0001873162421153,+0000.0000000000000000,+0000.0000000000000000,+0000.0000000000018616,+0000.0000000166105766,+0000.0136231319730003,+0000.0000000002256043,+0000.0000008800895663
+0000.9705641706375380,+0000.0144556919336940,+0000.0000000000000000,+0000.0000000884722018,+0000.0002200236807595,+0000.0000000000000000,+0000.0000000000000000,+0000.0000000000020207,+0000.0000000195774698,+0000.0147588737517429,+0000.0000000002665729,+0000.0000011316780003
+0000.9682213249252652,+0000.0155831521927880,+0000.0000000000000000,+0000.0000000954980573,+0000.0002567682234030,+0000.0000000000000000,+0000.0000000000000000,+0000.0000000000021858,+0000.0000000229188434,+0000.0159371960666093,+0000.0000000003127082,+0000.0000014398601401
+0000.9657958170316187,+0000.0167467212254442,+0000.0000000000000000,+0000.0000001027692514,+0000.0002978524087237,+0000.0000000000000000,+0000.0000000000000000,+0000.0000000000023569,+0000.0000000266634250,+0000.0171576653791760,+0000.0000000003643837,+0000.0000018141556208
+0000.9632886548686476,+0000.0179455170302890,+0000.0000000000000000,+0000.0000001102824683,+0000.0003435865517746,+0000.0000000000000000,+0000.0000000000000000,+0000.0000000000025338,+0000.0000000308407095,+0000.0184198348322116,+0000.0000000004219775,+0000.0000022651693885
+0000.9607008743525256,+0000.0191786340401442,+0000.0000000000000000,+0000.0000001180342967,+0000.0003942883157557,+0000.0000000000000000,+0000.0000000000000000,+0000.0000000000027165,+0000.0000000354809179,+0000.0197232446325113,+0000.0000000004858712,+0000.0000028046552608
+0000.9580335384094071,+0000.0204451441005662,+0000.0000000000000000,+0000.0000001260212328,+0000.0004502822751920,+0000.0000000000000000,+0000.0000000000000000,+0000.0000000000029049,+0000.0000000406149562,+0000.0210674224408849,+0000.0000000005564486,+0000.0000034455784071
+0000.9552877359667258,+0000.0217440974657339,+0000.0000000000000000,+0000.0000001342396833,+0000.0005118994712142,+0000.0000000000000000,+0000.0000000000000000,+0000.0000000000030990,+0000.0000000462743721,+0000.0224518837686513,+0000.0000000006340948,+0000.0000042021764258
+0000.9524645809317873,+0000.0230745238100977,+0000.0000000000000000,+0000.0000001426859684,+0000.0005794769596489,+0000.0000000000000000,+0000.0000000000000000,+0000.0000000000032986,+0000.0000000524913125,+0000.0238761323799934,+0000.0000000007191948,+0000.0000050900186983
+0000.9495652111594922,+0000.0244354332542042,+0000.0000000000000000,+0000.0000001513563249,+0000.0006533573526244,+0000.0000000000000000,+0000.0000000000000000,+0000.0000000000035036,+0000.0000000592984794,+0000.0253396606995362,+0000.0000000008121323,+0000.0000061260637028
+0000.9465907874109987,+0000.0258258174031145,+0000.0000000000000000,+0000.0000001602469094,+0000.0007338883543994,+0000.0000000000000000,+0000.0000000000000000,+0000.0000000000037140,+0000.0000000667290853,+0000.0268419502245106,+0000.0000000009132889,+0000.0000073287139794
+0000.9435424923051307,+0000.0272446503958455,+0000.0000000000000000,+0000.0000001693538011,+0000.0008214222921216,+0000.0000000000000000,+0000.0000000000000000,+0000.0000000000039296,+0000.0000000748168087,+0000.0283824719408815,+0000.0000000010230427,+0000.0000087178684386
+0000.9404215292642940,+0000.0286908899642727,+0000.0000000000000000,+0000.0000001786730056,+0000.0009163156422221,+0000.0000000000000000,+0000.0000000000000000,+0000.0000000000041504,+0000.0000000835957481,+0000.0299606867428215,+0000.0000000011417670,+0000.0000103149717190
+0000.9372291214566325,+0000.0301634784999514,+0000.0000000000000000,+0000.0000001882004572,+0000.0010189285531468,+0000.0000000000000000,+0000.0000000000000000,+0000.0000000000043763,+0000.0000000931003770,+0000.0315760458549269,+0000.0000000012698295,+0000.0000121430603024
+0000.9339665107361336,+0000.0316613441273319,+0000.0000000000000000,+0000.0000001979320231,+0000.0011296243651217,+0000.0000000000000000,+0000.0000000000000000,+0000.0000000000046071,+0000.0000001033654972,+0000.0332279912565849,+0000.0000000014075910,+0000.0000142268051094
+0000.9306349565823274,+0000.0331834017818644,+0000.0000000000000000,+0000.0000002078635059,+0000.0012487691276434,+0000.0000000000000000,+0000.0000000000000000,+0000.0000000000048428,+0000.0000001144261926,+0000.0349159561079139,+0000.0000000015554043,+0000.0000165925503055
+0000.9272357350412038,+0000.0347285542915166,+0000.0000000000000000,+0000.0000002179906470,+0000.0013767311153780,+0000.0000000000000000,+0000.0000000000000000,+0000.0000000000050833,+0000.0000001263177829,+0000.0366393651767153,+0000.0000000017136128,+0000.0000192683480599
+0000.9237701376689100,+0000.0362956934602549,+0000.0000000000000000,+0000.0000002283091300,+0000.0015138803431453,+0000.0000000000000000,+0000.0000000000000000,+0000.0000000000053284,+0000.0000001390757770,+0000.0383976352658911,+0000.0000000018825503,+0000.0000222839890131
+0000.9202394704797331,+0000.0378837011520664,+0000.0000000000000000,+0000.0000002388145839,+0000.0016605880806523,+0000.0000000000000000,+0000.0000000000000000,+0000.0000000000055781,+0000.0000001527358258,+0000.0401901756408002,+0000.0000000020625387,+0000.0000256710282213
+0000.9166450528998433,+0000.0394914503741376,+0000.0000000000000000,+0000.0000002495025862,+0000.0018172263676337,+0000.0000000000000000,+0000.0000000000000000,+0000.0000000000058323,+0000.0000001673336765,+0000.0420163884560432,+0000.0000000022538882,+0000.0000294628063592
+0000.9129882167281806,+0000.0411178063578332,+0000.0000000000000000,+0000.0000002603686664,+0000.0019841675300417,+0000.0000000000000000,+0000.0000000000000000,+0000.0000000000060907,+0000.0000001829051251,+0000.0438756691811872,+0000.0000000024568955,+0000.0000336944659797
+0000.9092703051058424,+0000.0427616276361611,+0000.0000000000000000,+0000.0000002714083087,+0000.0021617836979195,+0000.0000000000000000,+0000.0000000000000000,+0000.0000000000063535,+0000.0000001994859704,+0000.0457674070249594,+0000.0000000026718429,+0000.0000384029626423
+0000.9054926714952394,+0000.0444217671164427,+0000.0000000000000000,+0000.0000002826169558,+0000.0023504463255753,+0000.0000000000000000,+0000.0000000000000000,+0000.0000000000066203,+0000.0000002171119679,+0000.0476909853574613,+0000.0000000028989977,+0000.0000436270707395
+0000.9016566786702467,+0000.0460970731469495,+0000.0000000000000000,+0000.0000002939900121,+0000.0025505257146639,+0000.0000000000000000,+0000.0000000000000000,+0000.0000000000068912,+0000.0000002358187834,+0000.0496457821299750,+0000.0000000031386112,+0000.0000494073838667
+0000.8977636977184941,+0000.0477863905763078,+0000.0000000000000000,+0000.0000003055228461,+0000.0027623905407660,+0000.0000000000000000,+0000.0000000000000000,+0000.0000000000071660,+0000.0000002556419477,+0000.0516311702919556,+0000.0000000033909176,+0000.0000557863095991
+0000.8938151070568818,+0000.0494885618045139,+0000.0000000000000000,+0000.0000003172107945,+0000.0029864073840414,+0000.0000000000000000,+0000.0000000000000000,+0000.0000000000074445,+0000.0000002766168111,+0000.0536465182048241,+0000.0000000036561334,+0000.0000628080585552
+0000.8898122914613462,+0000.0512024278244441,+0000.0000000000000000,+0000.0000003290491648,+0000.0032229402645167,+0000.0000000000000000,+0000.0000000000000000,+0000.0000000000077268,+0000.0000002987784987,+0000.0556911900521986,+0000.0000000039344565,+0000.0000705186276477
+0000.8857566411118176,+0000.0529268292527903,+0000.0000000000000000,+0000.0000003410332386,+0000.0034723501825514,+0000.0000000000000000,+0000.0000000000000000,+0000.0000000000080126,+0000.0000003221618655,+0000.0577645462462219,+0000.0000000042260655,+0000.0000789657774365
+0000.8816495506532581,+0000.0546606073493905,+0000.0000000000000000,+0000.0000003531582746,+0000.0037349946650122,+0000.0000000000000000,+0000.0000000000000000,+0000.0000000000083019,+0000.0000003468014535,+0000.0598659438296679,+0000.0000000045311189,+0000.0000881990035226
+0000.8774924182735930,+0000.0564026050239725,+0000.0000000000000000,+0000.0000003654195115,+0000.0040112273176638,+0000.0000000000000000,+0000.0000000000000000,+0000.0000000000085945,+0000.0000003727314472,+0000.0619947368735267,+0000.0000000048497547,+0000.0000982695019360
+0000.8732866447992839,+0000.0581516678293707,+0000.0000000000000000,+0000.0000003778121715,+0000.0043013973842737,+0000.0000000000000000,+0000.0000000000000000,+0000.0000000000088904,+0000.0000003999856319,+0000.0641502768697956,+0000.0000000051820895,+0000.0001092301284928
+0000.8690336328092221,+0000.0599066449403187,+0000.0000000000000000,+0000.0000003903314625,+0000.0046058493129054,+0000.0000000000000000,+0000.0000000000000000,+0000.0000000000091893,+0000.0000004285973513,+0000.0663319131192180,+0000.0000000055282181,+0000.0001211353521146
+0000.8647347857675576,+0000.0616663901169686,+0000.0000000000000000,+0000.0000004029725819,+0000.0049249223298607,+0000.0000000000000000,+0000.0000000000000000,+0000.0000000000094913,+0000.0000004585994662,+0000.0685389931137380,+0000.0000000058882128,+0000.0001340412021227
+0000.8603915071760126,+0000.0634297626523268,+0000.0000000000000000,+0000.0000004157307187,+0000.0052589500217124,+0000.0000000000000000,+0000.0000000000000000,+0000.0000000000097961,+0000.0000004900243141,+0000.0707708629134565,+0000.0000000062621234,+0000.0001480052095394
+0000.8560051997461606,+0000.0651956283028428,+0000.0000000000000000,+0000.0000004286010570,+0000.0056082599258512,+0000.0000000000000000,+0000.0000000000000000,+0000.0000000000101038,+0000.0000005229036692,+0000.0730268675178926,+0000.0000000066499762,+0000.0001630863424467
+0000.8515772645920979,+0000.0669628602014287,+0000.0000000000000000,+0000.0000004415787784,+0000.0059731731299521,+0000.0000000000000000,+0000.0000000000000000,+0000.0000000000104140,+0000.0000005572687042,+0000.0753063512313779,+0000.0000000070517740,+0000.0001793449354728
+0000.8471091004438631,+0000.0687303397522293,+0000.0000000000000000,+0000.0000004546590649,+0000.0063540038807499,+0000.0000000000000000,+0000.0000000000000000,+0000.0000000000107268,+0000.0000005931499513,+0000.0776086580224240,+0000.0000000074674957,+0000.0001968426134949
+0000.8426021028819070,+0000.0704969575065050,+0000.0000000000000000,+0000.0000004678371016,+0000.0067510592024911,+0000.0000000000000000,+0000.0000000000000000,+0000.0000000000110420,+0000.0000006305772660,+0000.0799331318769257,+0000.0000000078970961,+0000.0002156422096654
+0000.8380576635928559,+0000.0722616140190292,+0000.0000000000000000,+0000.0000004811080794,+0000.0071646385254171,+0000.0000000000000000,+0000.0000000000000000,+0000.0000000000113595,+0000.0000006695797906,+0000.0822791171450759,+0000.0000000083405055,+0000.0002358076778868
+0000.8334771696467579,+0000.0740232206844421,+0000.0000000000000000,+0000.0000004944671975,+0000.0075950333246095,+0000.0000000000000000,+0000.0000000000000000,+0000.0000000000116792,+0000.0000007101859189,+0000.0846459588818865,+0000.0000000087976300,+0000.0002574039998784
+0000.8288620027959414,+0000.0757807005530427,+0000.0000000000000000,+0000.0000005079096661,+0000.0080425267695163,+0000.0000000000000000,+0000.0000000000000000,+0000.0000000000120010,+0000.0000007524232625,+0000.0870330031812237,+0000.0000000092683509,+0000.0002804970869954
+0000.8242135387955757,+0000.0775329891255358,+0000.0000000000000000,+0000.0000005214307090,+0000.0085073933844551,+0000.0000000000000000,+0000.0000000000000000,+0000.0000000000123247,+0000.0000007963186171,+0000.0894395975032801,+0000.0000000097525249,+0000.0003051536769774
+0000.8195331467459614,+0000.0792790351262917,+0000.0000000000000000,+0000.0000005350255659,+0000.0089898987203741,+0000.0000000000000000,+0000.0000000000000000,+0000.0000000000126503,+0000.0000008418979312,+0000.0918650909954204,+0000.0000000102499841,+0000.0003314412258208
+0000.8148221884565428,+0000.0810178012547084,+0000.0000000000000000,+0000.0000005486894947,+0000.0094902990381340,+0000.0000000000000000,+0000.0000000000000000,+0000.0000000000129776,+0000.0000008891862745,+0000.0943088348063485,+0000.0000000107605361,+0000.0003594277949835
+0000.8100820178315846,+0000.0827482649143020,+0000.0000000000000000,+0000.0000005624177742,+0000.0100088410035553,+0000.0000000000000000,+0000.0000000000000000,+0000.0000000000133065,+0000.0000009382078084,+0000.0967701823935566,+0000.0000000112839641,+0000.0003891819341480
+0000.8053139802774194,+0000.0844694189191867,+0000.0000000000000000,+0000.0000005762057064,+0000.0105457613944576,+0000.0000000000000000,+0000.0000000000000000,+0000.0000000000136369,+0000.0000009889857574,+0000.0992484898240274,+0000.0000000118200270,+0000.0004207725597808
+0000.8005194121311221,+0000.0861802721776350,+0000.0000000000000000,+0000.0000005900486182,+0000.0111012868199034,+0000.0000000000000000,+0000.0000000000000000,+0000.0000000000139687,+0000.0000010415423817,+0000.1017431160681679,+0000.0000000123684599,+0000.0004542688297432
+0000.7956996401104486,+0000.0878798503524426,+0000.0000000000000000,+0000.0000006039418644,+0000.0116756334518353,+0000.0000000000000000,+0000.0000000000000000,+0000.0000000000143018,+0000.0000010958989502,+0000.1042534232869664,+0000.0000000129289738,+0000.0004897400142170
+0000.7908559807848301,+0000.0895671964978509,+0000.0000000000000000,+0000.0000006178808292,+0000.0122690067692861,+0000.0000000000000000,+0000.0000000000000000,+0000.0000000000146360,+0000.0000011520757165,+0000.1067787771123674,+0000.0000000135012565,+0000.0005272553632271
+0000.7859897400671847,+0000.0912413716728127,+0000.0000000000000000,+0000.0000006318609287,+0000.0128816013153179,+0000.0000000000000000,+0000.0000000000000000,+0000.0000000000149713,+0000.0000012100918938,+0000.1093185469208692,+0000.0000000140849729,+0000.0005668839710485
+0000.7811022127262849,+0000.0929014555304109,+0000.0000000000000000,+0000.0000006458776129,+0000.0135136004668316,+0000.0000000000000000,+0000.0000000000000000,+0000.0000000000153076,+0000.0000012699656333,+0000.1118721061003535,+0000.0000000146797651,+0000.0006086946378004
+0000.7761946819193909,+0000.0945465468832689,+0000.0000000000000000,+0000.0000006599263674,+0000.0141651762173738,+0000.0000000000000000,+0000.0000000000000000,+0000.0000000000156447,+0000.0000013317140019,+0000.1144388323101618,+0000.0000000152852532,+0000.0006527557285375
+0000.7712684187448378,+0000.0961757642448211,+0000.0000000000000000,+0000.0000006740027155,+0000.0148364889730469,+0000.0000000000000000,+0000.0000000000000000,+0000.0000000000159825,+0000.0000013953529628,+0000.1170181077344391,+0000.0000000159010357,+0000.0006991350301588
+0000.7663246818142410,+0000.0977882463463300,+0000.0000000000000000,+0000.0000006881022204,+0000.0155276873616146,+0000.0000000000000000,+0000.0000000000000000,+0000.0000000000163209,+0000.0000014608973559,+0000.1196093193287660,+0000.0000000165266898,+0000.0007478996064617
+0000.7613647168439697,+0000.0993831526295687,+0000.0000000000000000,+0000.0000007022204865,+0000.0162389080548783,+0000.0000000000000000,+0000.0000000000000000,+0000.0000000000166598,+0000.0000015283608806,+0000.1222118590601065,+0000.0000000171617726,+0000.0007991156516773
+0000.7563897562655230,+0000.1009596637151057,+0000.0000000000000000,+0000.0000007163531614,+0000.0169702756043833,+0000.0000000000000000,+0000.0000000000000000,+0000.0000000000169992,+0000.0000015977560795,+0000.1248251241400984,+0000.0000000178058214,+0000.0008528483428278
+0000.7514010188544256,+0000.1025169818461551,+0000.0000000000000000,+0000.0000007304959378,+0000.0177219022904960,+0000.0000000000000000,+0000.0000000000000000,+0000.0000000000173389,+0000.0000016690943229,+0000.1274485172517167,+0000.0000000184583542,+0000.0009091616912527
+0000.7463997093772525,+0000.1040543313079740,+0000.0000000000000000,+0000.0000007446445549,+0000.0184938879848797,+0000.0000000000000000,+0000.0000000000000000,+0000.0000000000176787,+0000.0000017423857954,+0000.1300814467693382,+0000.0000000191188708,+0000.0009681183936558
+0000.7413870182563812,+0000.1055709588228157,+0000.0000000000000000,+0000.0000007587948000,+0000.0192863200263794,+0000.0000000000000000,+0000.0000000000000000,+0000.0000000000180187,+0000.0000018176394833,+0000.1327233269722410,+0000.0000000197868534,+0000.0010297796830272
+0000.7363641212520678,+0000.1070661339204612,+0000.0000000000000000,+0000.0000007729425102,+0000.0200992731103091,+0000.0000000000000000,+0000.0000000000000000,+0000.0000000000183586,+0000.0000018948631634,+0000.1353735782515659,+0000.0000000204617672,+0000.0010942051797965
+0000.7313321791614260,+0000.1085391492843770,+0000.0000000000000000,+0000.0000007870835739,+0000.0209328091911218,+0000.0000000000000000,+0000.0000000000000000,+0000.0000000000186985,+0000.0000019740633929,+0000.1380316273107701,+0000.0000000211430619,+0000.0011614527435777
+0000.7262923375339028,+0000.1099893210735644,+0000.0000000000000000,+0000.0000008012139323,+0000.0217869773984237,+0000.0000000000000000,+0000.0000000000000000,+0000.0000000000190382,+0000.0000020552455010,+0000.1406969073596044,+0000.0000000218301716,+0000.0012315783258617
+0000.7212457264028247,+0000.1114159892201848,+0000.0000000000000000,+0000.0000008153295804,+0000.0226618139662822,+0000.0000000000000000,+0000.0000000000000000,+0000.0000000000193775,+0000.0000021384135814,+0000.1433688583016351,+0000.0000000225225165,+0000.0013046358240173
+0000.7161934600326049,+0000.1128185177030644,+0000.0000000000000000,+0000.0000008294265688,+0000.0235573421757580,+0000.0000000000000000,+0000.0000000000000000,+0000.0000000000197165,+0000.0000022235704865,+0000.1460469269153416,+0000.0000000232195036,+0000.0013806769369557
+0000.7111366366811906,+0000.1141962947971988,+0000.0000000000000000,+0000.0000008435010047,+0000.0244735723105800,+0000.0000000000000000,+0000.0000000000000000,+0000.0000000000200550,+0000.0000023107178220,+0000.1487305670288074,+0000.0000000239205273,+0000.0014597510228142
+0000.7060763383773410,+0000.1155487332993974,+0000.0000000000000000,+0000.0000008575490535,+0000.0254105016258636,+0000.0000000000000000,+0000.0000000000000000,+0000.0000000000203930,+0000.0000023998559438,+0000.1514192396880290,+0000.0000000246249709,+0000.0015419049590082
+0000.7010136307123270,+0000.1168752707302233,+0000.0000000000000000,+0000.0000008715669393,+0000.0263681143297610,+0000.0000000000000000,+0000.0000000000000000,+0000.0000000000207302,+0000.0000024909839556,+0000.1541124133188571,+0000.0000000253322072,+0000.0016271830049993
+0000.6959495626456541,+0000.1181753695124020,+0000.0000000000000000,+0000.0000008855509467,+0000.0273463815779143,+0000.0000000000000000,+0000.0000000000000000,+0000.0000000000210667,+0000.0000025840997078,+0000.1568095638825886,+0000.0000000260415998,+0000.0017156266681199
+0000.6908851663244058,+0000.1194485171258890,+0000.0000000000000000,+0000.0000008994974216,+0000.0283452614805705,+0000.0000000000000000,+0000.0000000000000000,+0000.0000000000214024,+0000.0000026791997975,+0000.1595101750252201,+0000.0000000267525039,+0000.0018072745727892
+0000.6858214569158296,+0000.1206942262398034,+0000.0000000000000000,+0000.0000009134027720,+0000.0293646991222005,+0000.0000000000000000,+0000.0000000000000000,+0000.0000000000217371,+0000.0000027762795700,+0000.1622137382203718,+0000.0000000274642674,+0000.0019021623334482
+0000.6807594324527789,+0000.1219120348214484,+0000.0000000000000000,+0000.0000009272634695,+0000.0304046265934536,+0000.0000000000000000,+0000.0000000000000000,+0000.0000000000220708,+0000.0000028753331213,+0000.1649197529058920,+0000.0000000281762322,+0000.0020003224315335
+0000.6757000736916464,+0000.1231015062226603,+0000.0000000000000000,+0000.0000009410760494,+0000.0314649630352603,+0000.0000000000000000,+0000.0000000000000000,+0000.0000000000224034,+0000.0000029763533019,+0000.1676277266141432,+0000.0000000288877347,+0000.0021017840968004
+0000.6706443439824286,+0000.1242622292437372,+0000.0000000000000000,+0000.0000009548371126,+0000.0325456146948878,+0000.0000000000000000,+0000.0000000000000000,+0000.0000000000227348,+0000.0000030793317214,+0000.1703371750959735,+0000.0000000295981077,+0000.0022065731932965
+0000.6655931891505698,+0000.1253938181752204,+0000.0000000000000000,+0000.0000009685433255,+0000.0336464749937346,+0000.0000000000000000,+0000.0000000000000000,+0000.0000000000230649,+0000.0000031842587547,+0000.1730476224383726,+0000.0000000303066806,+0000.0023147121102771
+0000.6605475373902522,+0000.1264959128178116,+0000.0000000000000000,+0000.0000009821914211,+0000.0347674246066420,+0000.0000000000000000,+0000.0000000000000000,+0000.0000000000233937,+0000.0000032911235493,+0000.1757586011758081,+0000.0000000310127812,+0000.0024262196583405
+0000.6555082991688058,+0000.1275681784807293,+0000.0000000000000000,+0000.0000009957781997,+0000.0359083315524831,+0000.0000000000000000,+0000.0000000000000000,+0000.0000000000237211,+0000.0000033999140329,+0000.1784696523952399,+0000.0000000317157364,+0000.0025411109710520
+0000.6504763671419167,+0000.1286103059588166,+0000.0000000000000000,+0000.0000010093005296,+0000.0370690512957810,+0000.0000000000000000,+0000.0000000000000000,+0000.0000000000240470,+0000.0000035106169234,+0000.1811803258348015,+0000.0000000324148733,+0000.0026593974123112
+0000.6454526160793430,+0000.1296220114887345,+0000.0000000000000000,+0000.0000010227553477,+0000.0382494268590950,+0000.0000000000000000,+0000.0000000000000000,+0000.0000000000243713,+0000.0000036232177388,+0000.1838901799761453,+0000.0000000331095206,+0000.0027810864897037
+0000.6404379028008380,+0000.1306030366845846,+0000.0000000000000000,+0000.0000010361396597,+0000.0394492889459010,+0000.0000000000000000,+0000.0000000000000000,+0000.0000000000246939,+0000.0000037377008085,+0000.1865987821304387,+0000.0000000337990092,+0000.0029061817740663
+0000.6354330661220049,+0000.1315531484533194,+0000.0000000000000000,+0000.0000010494505411,+0000.0406684560736821,+0000.0000000000000000,+0000.0000000000000000,+0000.0000000000250148,+0000.0000038540492860,+0000.1893057085180005,+0000.0000000344826738,+0000.0030346828254775
+0000.6304389268098183,+0000.1324721388903168,+0000.0000000000000000,+0000.0000010626851373,+0000.0419067347169351,+0000.0000000000000000,+0000.0000000000000000,+0000.0000000000253340,+0000.0000039722451616,+0000.1920105443415697,+0000.0000000351598535,+0000.0031665851258737
+0000.6254562875475567,+0000.1333598251555055,+0000.0000000000000000,+0000.0000010758406640,+0000.0431639194597870,+0000.0000000000000000,+0000.0000000000000000,+0000.0000000000256513,+0000.0000040922692773,+0000.1947128838531920,+0000.0000000358298930,+0000.0033018800184735
+0000.6204859329088993,+0000.1342160493304415,+0000.0000000000000000,+0000.0000010889144077,+0000.0444397931579075,+0000.0000000000000000,+0000.0000000000000000,+0000.0000000000259666,+0000.0000042141013413,+0000.1974123304147155,+0000.0000000364921439,+0000.0034405546541766
+0000.6155286293409624,+0000.1350406782567544,+0000.0000000000000000,+0000.0000011019037258,+0000.0457341271093930,+0000.0000000000000000,+0000.0000000000000000,+0000.0000000000262800,+0000.0000043377199447,+0000.2001084965518835,+0000.0000000371459655,+0000.0035825919450907
+0000.6105851251560458,+0000.1358336033563871,+0000.0000000000000000,+0000.0000011148060471,+0000.0470466812342904,+0000.0000000000000000,+0000.0000000000000000,+0000.0000000000265914,+0000.0000044631025774,+0000.2028010040020161,+0000.0000000377907256,+0000.0037279705253192
+0000.6056561505318863,+0000.1365947404340733,+0000.0000000000000000,+0000.0000011276188715,+0000.0483772042624190,+0000.0000000000000000,+0000.0000000000000000,+0000.0000000000269006,+0000.0000045902256468,+0000.2054894837552717,+0000.0000000384258020,+0000.0038766647191290
+0000.6007424175202128,+0000.1373240294625052,+0000.0000000000000000,+0000.0000011403397708,+0000.0497254339291435,+0000.0000000000000000,+0000.0000000000000000,+0000.0000000000272077,+0000.0000047190644954,+0000.2081735760894828,+0000.0000000390505831,+0000.0040286445165987
+0000.5958446200634180,+0000.1380214343506560,+0000.0000000000000000,+0000.0000011529663880,+0000.0510910971787430,+0000.0000000000000000,+0000.0000000000000000,+0000.0000000000275125,+0000.0000048495934204,+0000.2108529305985611,+0000.0000000396644689,+0000.0041838755568320
+0000.5909634340191597,+0000.1386869426957343,+0000.0000000000000000,+0000.0000011654964381,+0000.0524739103750152,+0000.0000000000000000,+0000.0000000000000000,+0000.0000000000278150,+0000.0000049817856935,+0000.2135272062144705,+0000.0000000402668721,+0000.0043423191188015
+0000.5860995171927250,+0000.1393205655192588,+0000.0000000000000000,+0000.0000011779277075,+0000.0538735795187497,+0000.0000000000000000,+0000.0000000000000000,+0000.0000000000281153,+0000.0000051156135812,+0000.2161960712227697,+0000.0000000408572187,+0000.0045039321198745
+0000.5812535093769897,+0000.1399223369877514,+0000.0000000000000000,+0000.0000011902580541,+0000.0552898004716982,+0000.0000000000000000,+0000.0000000000000000,+0000.0000000000284131,+0000.0000052510483666,+0000.2188592032717285,+0000.0000000414349493,+0000.0046686671220493
+0000.5764260323998198,+0000.1404923141185576,+0000.0000000000000000,+0000.0000012024854075,+0000.0567222591866686,+0000.0000000000000000,+0000.0000000000000000,+0000.0000000000287085,+0000.0000053880603704,+0000.2215162893750276,+0000.0000000419995194,+0000.0048364723459205
+0000.5716176901787628,+0000.1410305764713111,+0000.0000000000000000,+0000.0000012146077683,+0000.0581706319433620,+0000.0000000000000000,+0000.0000000000000000,+0000.0000000000290014,+0000.0000055266189738,+0000.2241670259080521,+0000.0000000425504010,+0000.0050072916923674
+0000.5668290687828884,+0000.1415372258255702,+0000.0000000000000000,+0000.0000012266232083,+0000.0596345855895730,+0000.0000000000000000,+0000.0000000000000000,+0000.0000000000292918,+0000.0000056666926413,+0000.2268111185977975,+0000.0000000430870824,+0000.0051810647719471
+0000.5620607365016410,+0000.1420123858451605,+0000.0000000000000000,+0000.0000012385298700,+0000.0611137777873703,+0000.0000000000000000,+0000.0000000000000000,+0000.0000000000295795,+0000.0000058082489438,+0000.2294482825064099,+0000.0000000436090698,+0000.0053577269419549
+0000.5573132439205741,+0000.1424562017297666,+0000.0000000000000000,+0000.0000012503259666,+0000.0626078572638726,+0000.0000000000000000,+0000.0000000000000000,+0000.0000000000298647,+0000.0000059512545828,+0000.2320782420083858,+0000.0000000441158875,+0000.0055372093510993
+0000.5525871240038366,+0000.1428688398543211,+0000.0000000000000000,+0000.0000012620097811,+0000.0641164640662359,+0000.0000000000000000,+0000.0000000000000000,+0000.0000000000301472,+0000.0000060956754143,+0000.2347007307614651,+0000.0000000446070792,+0000.0057194389917194
+0000.5478828921832939,+0000.1432504873967466,+0000.0000000000000000,+0000.0000012735796666,+0000.0656392298204689,+0000.0000000000000000,+0000.0000000000000000,+0000.0000000000304270,+0000.0000062414764737,+0000.2373154916712554,+0000.0000000450822076,+0000.0059043387594605
+0000.5432010464541579,+0000.1436013519546108,+0000.0000000000000000,+0000.0000012850340453,+0000.0671757779936918,+0000.0000000000000000,+0000.0000000000000000,+0000.0000000000307040,+0000.0000063886220006,+0000.2399222768496287,+0000.0000000455408563,+0000.0060918275203046
+0000.5385420674770175,+0000.1439216611512596,+0000.0000000000000000,+0000.0000012963714083,+0000.0687257241594597,+0000.0000000000000000,+0000.0000000000000000,+0000.0000000000309783,+0000.0000065370754641,+0000.2425208475669456,+0000.0000000459826294,+0000.0062818201848376
+0000.5339064186861499,+0000.1442116622319959,+0000.0000000000000000,+0000.0000013075903150,+0000.0702886762657704,+0000.0000000000000000,+0000.0000000000000000,+0000.0000000000312498,+0000.0000066867995885,+0000.2451109741981570,+0000.0000000464071525,+0000.0064742277896209
+0000.5292945464040050,+0000.1444716216508760,+0000.0000000000000000,+0000.0000013186893924,+0000.0718642349053839,+0000.0000000000000000,+0000.0000000000000000,+0000.0000000000315183,+0000.0000068377563788,+0000.2476924361628519,+0000.0000000468140731,+0000.0066689575855204
+0000.5247068799617505,+0000.1447018246486957,+0000.0000000000000000,+0000.0000013296673350,+0000.0734519935880812,+0000.0000000000000000,+0000.0000000000000000,+0000.0000000000317841,+0000.0000069899071470,+0000.2502650218593150,+0000.0000000472030611,+0000.0068659131328303
+0000.5201438318257695,+0000.1449025748227407,+0000.0000000000000000,+0000.0000013405229034,+0000.0750515390144982,+0000.0000000000000000,+0000.0000000000000000,+0000.0000000000320469,+0000.0000071432125379,+0000.2528285285926772,+0000.0000000475738091,+0000.0070649944030170
+0000.5156057977300014,+0000.1450741936888748,+0000.0000000000000000,+0000.0000013512549242,+0000.0766624513511746,+0000.0000000000000000,+0000.0000000000000000,+0000.0000000000323067,+0000.0000072976325558,+0000.2553827624972344,+0000.0000000479260332,+0000.0072660978868951
+0000.5110931568140158,+0000.1452170202365394,+0000.0000000000000000,+0000.0000013618622890,+0000.0782843045064633,+0000.0000000000000000,+0000.0000000000000000,+0000.0000000000325636,+0000.0000074531265903,+0000.2579275384530314,+0000.0000000482594727,+0000.0074691167090342
+0000.5066062717667141,+0000.1453314104772362,+0000.0000000000000000,+0000.0000013723439539,+0000.0799166664069555,+0000.0000000000000000,+0000.0000000000000000,+0000.0000000000328175,+0000.0000076096534434,+0000.2604626799968033,+0000.0000000485738911,+0000.0076739407481849
+0000.5021454889755420,+0000.1454177369870595,+0000.0000000000000000,+0000.0000013826989383,+0000.0815590992740817,+0000.0000000000000000,+0000.0000000000000000,+0000.0000000000330683,+0000.0000077671713554,+0000.2629880192273804,+0000.0000000488690758,+0000.0078804567634984
+0000.4977111386811078,+0000.1454763884438479,+0000.0000000000000000,+0000.0000013929263245,+0000.0832111599005585,+0000.0000000000000000,+0000.0000000000000000,+0000.0000000000333162,+0000.0000079256380316,+0000.2655033967056671,+0000.0000000491448387,+0000.0080885485263078
+0000.4933035351370892,+0000.1455077691595113,+0000.0000000000000000,+0000.0000014030252566,+0000.0848723999263605,+0000.0000000000000000,+0000.0000000000000000,+0000.0000000000335609,+0000.0000080850106690,+0000.2680086613493123,+0000.0000000494010163,+0000.0082980969572238
+0000.4889229767753174,+0000.1455122986080919,+0000.0000000000000000,+0000.0000014129949396,+0000.0865423661139053,+0000.0000000000000000,+0000.0000000000000000,+0000.0000000000338026,+0000.0000082452459819,+0000.2705036703221971,+0000.0000000496374699,+0000.0085089802682942
+0000.4845697463759174,+0000.1454904109501071,+0000.0000000000000000,+0000.0000014228346386,+0000.0882206006221501,+0000.0000000000000000,+0000.0000000000000000,+0000.0000000000340411,+0000.0000084063002291,+0000.2729882889188688,+0000.0000000498540854,+0000.0087210741099622
+0000.4802441112423901,+0000.1454425545537158,+0000.0000000000000000,+0000.0000014325436778,+0000.0899066412793092,+0000.0000000000000000,+0000.0000000000000000,+0000.0000000000342766,+0000.0000085681292392,+0000.2754623904440622,+0000.0000000500507739,+0000.0089342517225552
+0000.4759463233815100,+0000.1453691915132437,+0000.0000000000000000,+0000.0000014421214395,+0000.0916000218539129,+0000.0000000000000000,+0000.0000000000000000,+0000.0000000000345089,+0000.0000087306884372,+0000.2779258560874496,+0000.0000000502274714,+0000.0091483840920267
+0000.4716766196879202,+0000.1452707971655906,+0000.0000000000000000,+0000.0000014515673631,+0000.0933002723239402,+0000.0000000000000000,+0000.0000000000000000,+0000.0000000000347380,+0000.0000088939328701,+0000.2803785747937734,+0000.0000000503841386,+0000.0093633401096658
+0000.4674352221332895,+0000.1451478596050368,+0000.0000000000000000,+0000.0000014608809443,+0000.0950069191437687,+0000.0000000000000000,+0000.0000000000000000,+0000.0000000000349640,+0000.0000090578172325,+0000.2828204431285144,+0000.0000000505207615,+0000.0095789867354880
+0000.4632223379599123,+0000.1450008791969523,+0000.0000000000000000,+0000.0000014700617335,+0000.0967194855087003,+0000.0000000000000000,+0000.0000000000000000,+0000.0000000000351868,+0000.0000092222958921,+0000.2852513651392631,+0000.0000000506373508,+0000.0097951891650089
+0000.4590381598786071,+0000.1448303680909037,+0000.0000000000000000,+0000.0000014791093354,+0000.0984374916168290,+0000.0000000000000000,+0000.0000000000000000,+0000.0000000000354065,+0000.0000093873229146,+0000.2876712522129567,+0000.0000000507339418,+0000.0100118109991054
+0000.4548828662707881,+0000.1446368497336392,+0000.0000000000000000,+0000.0000014880234073,+0000.1001604549280382,+0000.0000000000000000,+0000.0000000000000000,+0000.0000000000356229,+0000.0000095528520892,+0000.2900800229291617,+0000.0000000508105945,+0000.0102287144166590
+0000.4507566213945647,+0000.1444208583824221,+0000.0000000000000000,+0000.0000014968036585,+0000.1018878904199187,+0000.0000000000000000,+0000.0000000000000000,+0000.0000000000358361,+0000.0000097188369523,+0000.2924776029095762,+0000.0000000508673933,+0000.0104457603496781
