+0001.0000000000000000,+0000.0000000000000000,+0000.0000000000000000,+0000.0000000000000000,+0000.0000000000000000
+0000.9999012093982258,+0000.0000780686706705,+0000.0000195171676676,+0000.0000009638107490,+0000.0000002409526873
+0000.9996375995956330,+0000.0002818147175193,+0000.0000704536793798,+0000.0000081056059743,+0000.0000020264014936
+0000.9992454793972577,+0000.0005732827837179,+0000.0001433206959295,+0000.0000303336984758,+0000.0000075834246190
+0000.9987474253549125,+0000.0009231328054546,+0000.0002307832013637,+0000.0000789269106156,+0000.0000197317276539
+0000.9981557527797029,+0000.0013088563949212,+0000.0003272140987303,+0000.0001665413813164,+0000.0000416353453291
+0000.9974752322407925,+0000.0017133410817306,+0000.0004283352704326,+0000.0003064731256353,+0000.0000766182814088
+0000.9967052027768956,+0000.0021237207639497,+0000.0005309301909874,+0000.0005121170145338,+0000.0001280292536335
+0000.9958412065829616,+0000.0025304590017022,+0000.0006326147504255,+0000.0007965757319284,+0000.0001991439329821
+0000.9948762463038069,+0000.0029266202330235,+0000.0007316550582559,+0000.0011723827239310,+0000.0002930956809828
+0000.9938017459308134,+0000.0033072918039947,+0000.0008268229509987,+0000.0016513114513545,+0000.0004128278628386
+0000.9926082796379962,+0000.0036691265509513,+0000.0009172816377378,+0000.0022442497386519,+0000.0005610624346630
+0000.9912861193747704,+0000.0040099814751081,+0000.0010024953687770,+0000.0029611230250756,+0000.0007402807562689
+0000.9898256412053994,+0000.0043286328623366,+0000.0010821582155841,+0000.0038108541733438,+0000.0009527135433360
+0000.9882176217901253,+0000.0046245521336705,+0000.0011561380334176,+0000.0048013504342292,+0000.0012003376085573
+0000.9864534496205540,+0000.0048977298937425,+0000.0012244324734356,+0000.0059395104098142,+0000.0014848776024535
+0000.9845252702900980,+0000.0051485382003350,+0000.0012871345500837,+0000.0072312455675868,+0000.0018078113918967
+0000.9824260808983991,+0000.0053776231218396,+0000.0013444057804599,+0000.0086815121594410,+0000.0021703780398603
+0000.9801497854123312,+0000.0055858212782323,+0000.0013964553195581,+0000.0102943503919029,+0000.0025735875979757
+0000.9776912202400243,+0000.0057740953568121,+0000.0014435238392030,+0000.0120729284511686,+0000.0030182321127921
+0000.9750461572638254,+0000.0059434846234430,+0000.0014858711558607,+0000.0140195895654968,+0000.0035048973913742
+0000.9722112900017118,+0000.0060950672676583,+0000.0015237668169146,+0000.0161359007309721,+0000.0040339751827430
+0000.9691842073295245,+0000.0062299320693438,+0000.0015574830173360,+0000.0184227020670365,+0000.0046056755167591
+0000.9659633582244097,+0000.0063491573905926,+0000.0015872893476482,+0000.0208801560298798,+0000.0052200390074699
+0000.9625480102254621,+0000.0064537959063782,+0000.0016134489765945,+0000.0235077959132521,+0000.0058769489783130
+0000.9589382037058587,+0000.0065448638138416,+0000.0016362159534604,+0000.0263045732214715,+0000.0065761433053679
+0000.9551347035768422,+0000.0066233335195842,+0000.0016558333798961,+0000.0292689036189419,+0000.0073172259047355
+0000.9511389496705462,+0000.0066901290111176,+0000.0016725322527794,+0000.0323987112524453,+0000.0080996778131113
+0000.9469530067545028,+0000.0067461232834118,+0000.0016865308208529,+0000.0356914713129860,+0000.0089228678282465
+0000.9425795148991564,+0000.0067921373228755,+0000.0016980343307189,+0000.0391442507577993,+0000.0097860626894498
+0000.9380216407376796,+0000.0068289402559145,+0000.0017072350639786,+0000.0427537471539415,+0000.0106884367884854
+0000.9332830300145843,+0000.0068572503528240,+0000.0017143125882060,+0000.0465163256355087,+0000.0116290814088771
+0000.9283677617078993,+0000.0068777366444722,+0000.0017194341611180,+0000.0504280539892086,+0000.0126070134973021
+0000.9232803039226323,+0000.0068910209624157,+0000.0017227552406039,+0000.0544847358994783,+0000.0136211839748695
+0000.9180254716856930,+0000.0068976802554645,+0000.0017244200638661,+0000.0586819423959812,+0000.0146704855989952
+0000.9126083867204084,+0000.0068982490694499,+0000.0017245622673625,+0000.0630150415542235,+0000.0157537603885558
+0000.9070344392389694,+0000.0068932221037539,+0000.0017233055259385,+0000.0674792265050708,+0000.0168698066262676
+0000.9013092517609620,+0000.0068830567794241,+0000.0017207641948560,+0000.0720695418118063,+0000.0180173854529515
+0000.8954386449435872,+0000.0068681757705129,+0000.0017170439426282,+0000.0767809082746173,+0000.0191952270686543
+0000.8894286053925164,+0000.0068489694635455,+0000.0017122423658864,+0000.0816081462224415,+0000.0204020365556103
+0000.8832852554103225,+0000.0068257983204225,+0000.0017064495801056,+0000.0865459973513197,+0000.0216364993378299
+0000.8770148246309579,+0000.0067989951281952,+0000.0016997487820488,+0000.0915891451670385,+0000.0228972862917596
+0000.8706236234830290,+0000.0067688671254522,+0000.0016922167813631,+0000.0967322340881247,+0000.0241830585220311
+0000.8641180184209509,+0000.0067356979999024,+0000.0016839244999756,+0000.1019698872633369,+0000.0254924718158342
+0000.8575044088609609,+0000.0066997497554260,+0000.0016749374388565,+0000.1072967231558057,+0000.0268241807889513
+0000.8507892057579759,+0000.0066612644496296,+0000.0016653161124074,+0000.1127073709439898,+0000.0281768427359973
+0000.8439788117591400,+0000.0066204658049716,+0000.0016551164512429,+0000.1181964847877165,+0000.0295491211969290
+0000.8370796028703006,+0000.0065775606979822,+0000.0016443901744956,+0000.1237587570057770,+0000.0309396892514442
+0000.8300979115724809,+0000.0065327405321043,+0000.0016331851330261,+0000.1293889302099110,+0000.0323472325524777
+0000.8230400113264517,+0000.0064861825003277,+0000.0016215456250819,+0000.1350818084385111,+0000.0337704521096277
+0000.8159121024047359,+0000.0064380507441668,+0000.0016095126860417,+0000.1408322673320446,+0000.0352080668330111
+0000.8087202989916419,+0000.0063884974156930,+0000.0015971243539232,+0000.1466352633909937,+0000.0366588158477483
+0000.8014706174932551,+0000.0063376636493369,+0000.0015844159123342,+0000.1524858423560589,+0000.0381214605890147
+0000.7941689660006268,+0000.0062856804500636,+0000.0015714201125159,+0000.1583791467494352,+0000.0395947866873587
+0000.7868211348506867,+0000.0062326695043178,+0000.0015581673760794,+0000.1643104226151328,+0000.0410776056537831
+0000.7794327882306881,+0000.0061787439198777,+0000.0015446859799694,+0000.1702750254955719,+0000.0425687563738929
+0000.7720094567732096,+0000.0061240089004482,+0000.0015310022251120,+0000.1762684256809841,+0000.0440671064202459
+0000.7645565310899698,+0000.0060685623604961,+0000.0015171405901240,+0000.1822862127675279,+0000.0455715531918819
+0000.7570792561938816,+0000.0060124954854860,+0000.0015031238713715,+0000.1883240995594090,+0000.0470810248898522
+0000.7495827267599589,+0000.0059558932423271,+0000.0014889733105818,+0000.1943779253497059,+0000.0485944813374264
+0000.7420718831768627,+0000.0058988348444985,+0000.0014747087111246,+0000.2004436586140115,+0000.0501109146535028
+0000.7345515083420363,+0000.0058413941759792,+0000.0014603485439948,+0000.2065173991503919,+0000.0516293497875979
+0000.7270262251545799,+0000.0057836401777890,+0000.0014459100444473,+0000.2125953796985471,+0000.0531488449246366
+0000.7195004946612098,+0000.0057256372006322,+0000.0014314093001580,+0000.2186739670704002,+0000.0546684917675999
+0000.7119786148118750,+0000.0056674453268413,+0000.0014168613317103,+0000.2247496628236587,+0000.0561874157059145
+0000.7044647197828605,+0000.0056091206645445,+0000.0014022801661361,+0000.2308191035091672,+0000.0577047758772917
+0000.6969627798264799,+0000.0055507156167143,+0000.0013876789041786,+0000.2368790605221018,+0000.0592197651305253
+0000.6894766016077801,+0000.0054922791275208,+0000.0013730697818802,+0000.2429264395862554,+0000.0607316098965637
+0000.6820098289900095,+0000.0054338569081813,+0000.0013584642270453,+0000.2489582798998113,+0000.0622395699749527
+0000.6745659442319800,+0000.0053754916442969,+0000.0013438729110742,+0000.2549717529701194,+0000.0637429382425296
+0000.6671482695618355,+0000.0053172231864714,+0000.0013293057966179,+0000.2609641611640603,+0000.0652410402910149
+0000.6597599690931593,+0000.0052590887258371,+0000.0013147721814593,+0000.2669329359996356,+0000.0667332339999087
+0000.6524040510507850,+0000.0052011229559474,+0000.0013002807389868,+0000.2728756362034246,+0000.0682189090508560
+0000.6450833702751193,+0000.0051433582223546,+0000.0012858395555886,+0000.2787899455575501,+0000.0696974863893873
+0000.6378006309752383,+0000.0050858246610559,+0000.0012714561652640,+0000.2846736705587538,+0000.0711684176396882
+0000.6305583897024800,+0000.0050285503268692,+0000.0012571375817173,+0000.2905247379111470,+0000.0726311844777865
+0000.6233590585177060,+0000.0049715613126936,+0000.0012428903281734,+0000.2963411918731417,+0000.0740852979682851
+0000.6162049083268536,+0000.0049148818605086,+0000.0012287204651271,+0000.3021211914780088,+0000.0755302978695019
+0000.6090980723608372,+0000.0048585344648767,+0000.0012146336162192,+0000.3078630076464536,+0000.0769657519116131
+0000.6020405497772746,+0000.0048025399696357,+0000.0012006349924089,+0000.3135650202085449,+0000.0783912550521359
+0000.5950342093629013,+0000.0047469176583911,+0000.0011867294145978,+0000.3192257148512881,+0000.0798064287128217
+0000.5880807933169172,+0000.0046916853393590,+0000.0011729213348397,+0000.3248436800071076,+0000.0812109200017766
+0000.5811819210968342,+0000.0046368594250473,+0000.0011592148562618,+0000.3304176036974857,+0000.0826044009243711
+0000.5743390933097015,+0000.0045824550072127,+0000.0011456137518032,+0000.3359462703450262,+0000.0839865675862562
+0000.5675536956328531,+0000.0045284859274863,+0000.0011321214818716,+0000.3414285575662316,+0000.0853571393915576
+0000.5608270027495337,+0000.0044749648440145,+0000.0011187412110036,+0000.3468634329563590,+0000.0867158582390894
+0000.5541601822859560,+0000.0044219032944314,+0000.0011054758236079,+0000.3522499508768041,+0000.0880624877192007
+0000.5475542987374624,+0000.0043693117554392,+0000.0010923279388598,+0000.3575872492545911,+0000.0893968123136474
+0000.5410103173725612,+0000.0043171996992488,+0000.0010792999248122,+0000.3628745464027026,+0000.0907186366006753
+0000.5345291081046434,+0000.0042655756471058,+0000.0010663939117764,+0000.3681111378691798,+0000.0920277844672946
+0000.5281114493221801,+0000.0042144472201012,+0000.0010536118050253,+0000.3732963933221548,+0000.0933240983305383
+0000.5217580316691403,+0000.0041638211874512,+0000.0010409552968628,+0000.3784297534772368,+0000.0946074383693088
+0000.5154694617682584,+0000.0041137035124063,+0000.0010284258781016,+0000.3835107270729872,+0000.0958776817682464
+0000.5092462658806314,+0000.0040640993959397,+0000.0010160248489849,+0000.3885388878995555,+0000.0971347219748885
+0000.5030888934959096,+0000.0040150133183455,+0000.0010037533295864,+0000.3935138718849271,+0000.0983784679712314
+0000.4969977208480971,+0000.0039664490788708,+0000.0009916122697177,+0000.3984353742426520,+0000.0996088435606626
+0000.4909730543526717,+0000.0039184098334888,+0000.0009796024583722,+0000.4033031466843743,+0000.1008257866710932
+0000.4850151339613890,+0000.0038708981309143,+0000.0009677245327286,+0000.4081169946999751,+0000.1020292486749934
+0000.4791241364317370,+0000.0038239159469531,+0000.0009559789867383,+0000.4128767749076576,+0000.1032191937269140
+0000.4733001785085761,+0000.0037774647172705,+0000.0009443661793176,+0000.4175823924758689,+0000.1043955981189668
+0000.4675433200160133,+0000.0037315453686537,+0000.0009328863421634,+0000.4222337986185361,+0000.1055584496546336
+0000.4618535668580412,+0000.0036861583488433,+0000.0009215395872108,+0000.4268309881647239,+0000.1067077470411806
+0000.4562308739269192,+0000.0036413036549974,+0000.0009103259137494,+0000.4313739972034676,+0000.1078434993008665
+0000.4506751479186631,+0000.0035969808608517,+0000.0008992452152129,+0000.4358629008042184,+0000.1089657252010542
+0000.4451862500553934,+0000.0035531891426330,+0000.0008882972856582,+0000.4402978108130526,+0000.1100744527032628
+0000.4397639987146161,+0000.0035099273037805,+0000.0008774818259451,+0000.4446788737245269,+0000.1111697184311313
+0000.4344081719658135,+0000.0034671937985255,+0000.0008667984496314,+0000.4490062686288243,+0000.1122515671572057
+0000.4291185100149968,+0000.0034249867543771,+0000.0008562466885943,+0000.4532802052336258,+0000.1133200513084060
+0000.4238947175581173,+0000.0033833039935614,+0000.0008458259983904,+0000.4575009219599452,+0000.1143752304899859
+0000.4187364660444401,+0000.0033421430534544,+0000.0008355357633636,+0000.4616686841109936,+0000.1154171710277480
+0000.4136433958511921,+0000.0033015012060521,+0000.0008253753015130,+0000.4657837821129944,+0000.1164459455282482
+0000.4086151183709452,+0000.0032613754765158,+0000.0008153438691290,+0000.4698465298267283,+0000.1174616324566816
+0000.4036512180133615,+0000.0032217626608301,+0000.0008054406652075,+0000.4738572629284812,+0000.1184643157321198
+0000.3987512541230379,+0000.0031826593426095,+0000.0007956648356524,+0000.4778163373589606,+0000.1194540843397396
+0000.3939147628153071,+0000.0031440619090882,+0000.0007860154772720,+0000.4817241278386666,+0000.1204310319596661
+0000.3891412587319314,+0000.0031059665663256,+0000.0007764916415814,+0000.4855810264481296,+0000.1213952566120318
+0000.3844302367187136,+0000.0030683693536594,+0000.0007670923384148,+0000.4893874412713701,+0000.1223468603178419
+0000.3797811734270952,+0000.0030312661574367,+0000.0007578165393592,+0000.4931437951008876,+0000.1232859487752214
+0000.3751935288418687,+0000.0029946527240527,+0000.0007486631810132,+0000.4968505242024527,+0000.1242126310506127
+0000.3706667477371637,+0000.0029585246723257,+0000.0007396311680814,+0000.5005080771379435,+0000.1251270192844854
+0000.3662002610628828,+0000.0029228775052339,+0000.0007307193763085,+0000.5041169136444603,+0000.1260292284111146
+0000.3617934872637857,+0000.0028877066210432,+0000.0007219266552608,+0000.5076775035679286,+0000.1269193758919817
+0000.3574458335334206,+0000.0028530073238490,+0000.0007132518309622,+0000.5111903258494150,+0000.1277975814623532
+0000.3531566970050942,+0000.0028187748335578,+0000.0007046937083894,+0000.5146558675623675,+0000.1286639668905913
+0000.3489254658820663,+0000.0027850042953316,+0000.0006962510738329,+0000.5180746229990157,+0000.1295186557497534
+0000.3447515205091340,+0000.0027516907885194,+0000.0006879226971298,+0000.5214470928041740,+0000.1303617732010430
+0000.3406342343877461,+0000.0027188293350954,+0000.0006797073337738,+0000.5247737831547084,+0000.1311934457886766
+0000.3365729751367635,+0000.0026864149076280,+0000.0006716037269070,+0000.5280552049829618,+0000.1320138012457399
+0000.3325671054009428,+0000.0026544424367985,+0000.0006636106091996,+0000.5312918732424475,+0000.1328229683106114
+0000.3286159837091898,+0000.0026229068184891,+0000.0006557267046223,+0000.5344843062141593,+0000.1336210765535393
+0000.3247189652845826,+0000.0025918029204612,+0000.0006479507301153,+0000.5376330248518733,+0000.1344082562129678
+0000.3208754028081263,+0000.0025611255886402,+0000.0006402813971600,+0000.5407385521648594,+0000.1351846380412144
+0000.3170846471381547,+0000.0025308696530261,+0000.0006327174132565,+0000.5438014126364508,+0000.1359503531591121
+0000.3133460479872449,+0000.0025010299332469,+0000.0006252574833117,+0000.5468221316769575,+0000.1367055329192389
+0000.3096589545584643,+0000.0024716012437706,+0000.0006179003109426,+0000.5498012351094584,+0000.1374503087773641
+0000.3060227161427164,+0000.0024425783987921,+0000.0006106445996980,+0000.5527392486870351,+0000.1381848121717583
+0000.3024366826789077,+0000.0024139562168108,+0000.0006034890542027,+0000.5556366976400635,+0000.1389091744100153
+0000.2989002052785974,+0000.0023857295249126,+0000.0005964323812282,+0000.5584941062522097,+0000.1396235265630519
+0000.2954126367167463,+0000.0023578931627714,+0000.0005894732906928,+0000.5613119974638320,+0000.1403279993659575
+0000.2919733318901259,+0000.0023304419863828,+0000.0005826104965957,+0000.5640908925015171,+0000.1410227231253788
+0000.2885816482448994,+0000.0023033708715444,+0000.0005758427178861,+0000.5668313105325368,+0000.1417078276331336
+0000.2852369461748336,+0000.0022766747170932,+0000.0005691686792733,+0000.5695337683430404,+0000.1423834420857595
+0000.2819385893915466,+0000.0022503484479145,+0000.0005625871119786,+0000.5721987800388487,+0000.1430496950097116
+0000.2786859452681505,+0000.0022243870177318,+0000.0005560967544329,+0000.5748268567677485,+0000.1437067141919365
+0000.2754783851575962,+0000.0021987854116897,+0000.0005496963529224,+0000.5774185064622338,+0000.1443546266155578
+0000.2723152846869761,+0000.0021735386487409,+0000.0005433846621852,+0000.5799742336016788,+0000.1449935584004190
+0000.2691960240289959,+0000.0021486417838464,+0000.0005371604459616,+0000.5824945389929574,+0000.1456236347482386
+0000.2661199881517767,+0000.0021240899099989,+0000.0005310224774997,+0000.5849799195685804,+0000.1462449798921444
+0000.2630865670481040,+0000.0020998781600793,+0000.0005249695400198,+0000.5874308682014384,+0000.1468577170503588
+0000.2600951559451931,+0000.0020760017085548,+0000.0005190004271387,+0000.5898478735352913,+0000.1474619683838220
+0000.2571451554959999,+0000.0020524557730268,+0000.0005131139432567,+0000.5922314198301741,+0000.1480578549575427
+0000.2542359719530572,+0000.0020292356156373,+0000.0005073089039093,+0000.5945819868219175,+0000.1486454967054785
+0000.2513670173257833,+0000.0020063365443410,+0000.0005015841360852,+0000.5969000495950331,+0000.1492250123987574
+0000.2485377095221592,+0000.0019837539140513,+0000.0004959384785128,+0000.5991860784682220,+0000.1497965196170546
+0000.2457474724756425,+0000.0019614831276666,+0000.0004903707819167,+0000.6014405388918201,+0000.1503601347229541
+0000.2429957362581367,+0000.0019395196369835,+0000.0004848799092459,+0000.6036638913565077,+0000.1509159728391260
+0000.2402819371798087,+0000.0019178589435044,+0000.0004794647358761,+0000.6058565913126494,+0000.1514641478281614
+0000.2376055178765017,+0000.0018964965991444,+0000.0004741241497861,+0000.6080190890996550,+0000.1520047722749128
+0000.2349659273854657,+0000.0018754282068442,+0000.0004688570517110,+0000.6101518298847838,+0000.1525379574711950
+0000.2323626212100871,+0000.0018546494210942,+0000.0004636623552735,+0000.6122552536108369,+0000.1530638134027082
+0000.2297950613742707,+0000.0018341559483751,+0000.0004585389870938,+0000.6143297949522091,+0000.1535824487380513
+0000.2272627164670973,+0000.0018139435475206,+0000.0004534858868802,+0000.6163758832788024,+0000.1540939708196997
+0000.2247650616783478,+0000.0017940080300059,+0000.0004485020075015,+0000.6183939426273165,+0000.1545984856568282
+0000.2223015788254588,+0000.0017743452601676,+0000.0004435863150419,+0000.6203843916794660,+0000.1550960979198656
+0000.2198717563724444,+0000.0017549511553590,+0000.0004387377888397,+0000.6223476437466862,+0000.1555869109366706
+0000.2174750894412975,+0000.0017358216860447,+0000.0004339554215112,+0000.6242841067609181,+0000.1560710266902285
+0000.2151110798163525,+0000.0017169528758391,+0000.0004292382189598,+0000.6261941832710796,+0000.1565485458177689
+0000.2127792359420720,+0000.0016983408014912,+0000.0004245852003728,+0000.6280782704448518,+0000.1570195676112120
+0000.2104790729146962,+0000.0016799815928211,+0000.0004199953982053,+0000.6299367600754224,+0000.1574841900188547
+0000.2082101124681671,+0000.0016618714326093,+0000.0004154678581523,+0000.6317700385928577,+0000.1579425096482134
+0000.2059718829547257,+0000.0016440065564450,+0000.0004110016391112,+0000.6335784870797753,+0000.1583946217699429
+0000.2037639193205539,+0000.0016263832525323,+0000.0004065958131331,+0000.6353624812910253,+0000.1588406203227554
+0000.2015857630768154,+0000.0016089978614618,+0000.0004022494653655,+0000.6371223916770865,+0000.1592805979192707
+0000.1994369622664335,+0000.0015918467759464,+0000.0003979616939866,+0000.6388585834109076,+0000.1597146458527260
+0000.1973170714269209,+0000.0015749264405258,+0000.0003937316101314,+0000.6405714164179380,+0000.1601428541044837
+0000.1952256515495660,+0000.0015582333512422,+0000.0003895583378106,+0000.6422612454091057,+0000.1605653113522756
+0000.1931622700352572,+0000.0015417640552889,+0000.0003854410138222,+0000.6439284199165061,+0000.1609821049791257
+0000.1911265006472181,+0000.0015255151506336,+0000.0003813787876584,+0000.6455732843315927,+0000.1613933210828974
+0000.1891179234609057,+0000.0015094832856194,+0000.0003773708214048,+0000.6471961779456568,+0000.1617990444864134
+0000.1871361248113128,+0000.0014936651585452,+0000.0003734162896363,+0000.6487974349924051,+0000.1621993587481004
+0000.1851806972379037,+0000.0014780575172267,+0000.0003695143793067,+0000.6503773846924511,+0000.1625943461731119
+0000.1832512394273942,+0000.0014626571585401,+0000.0003656642896350,+0000.6519363512995451,+0000.1629840878248854
+0000.1813473561545826,+0000.0014474609279507,+0000.0003618652319877,+0000.6534746541483837,+0000.1633686635370951
+0000.1794686582214182,+0000.0014324657190267,+0000.0003581164297567,+0000.6549926077038394,+0000.1637481519259591
+0000.1776147623944901,+0000.0014176684729411,+0000.0003544171182353,+0000.6564905216114673,+0000.1641226304028661
+0000.1757852913411041,+0000.0014030661779614,+0000.0003507665444903,+0000.6579687007491561,+0000.1644921751872883
+0000.1739798735641070,+0000.0013886558689298,+0000.0003471639672324,+0000.6594274452797851,+0000.1648568613199455
+0000.1721981433356097,+0000.0013744346267348,+0000.0003436086566837,+0000.6608670507047780,+0000.1652167626761938
+0000.1704397406297471,+0000.0013603995777746,+0000.0003400998944437,+0000.6622878079184282,+0000.1655719519796063
+0000.1687043110546101,+0000.0013465478934139,+0000.0003366369733535,+0000.6636900032628985,+0000.1659225008157239
+0000.1669915057834717,+0000.0013328767894354,+0000.0003332191973588,+0000.6650739185837878,+0000.1662684796459462
+0000.1653009814854246,+0000.0013193835254861,+0000.0003298458813715,+0000.6664398312861746,+0000.1666099578215430
+0000.1636324002555398,+0000.0013060654045203,+0000.0003265163511301,+0000.6677880143910486,+0000.1669470035977615
+0000.1619854295446470,+0000.0012929197722392,+0000.0003232299430598,+0000.6691187365920437,+0000.1672796841480103
+0000.1603597420888346,+0000.0012799440165282,+0000.0003199860041320,+0000.6704322623124046,+0000.1676080655781005
+0000.1587550158387564,+0000.0012671355668927,+0000.0003167838917232,+0000.6717288517621028,+0000.1679322129405250
+0000.1571709338888299,+0000.0012544918938934,+0000.0003136229734733,+0000.6730087609950434,+0000.1682521902487602
+0000.1556071844064042,+0000.0012420105085809,+0000.0003105026271452,+0000.6742722419662964,+0000.1685680604915734
+0000.1540634605609695,+0000.0012296889619305,+0000.0003074222404826,+0000.6755195425892946,+0000.1688798856473230
+0000.1525394604534754,+0000.0012175248442785,+0000.0003043812110696,+0000.6767509067929418,+0000.1691877266982348
+0000.1510348870458226,+0000.0012055157847593,+0000.0003013789461898,+0000.6779665745785832,+0000.1694916436446451
+0000.1495494480905840,+0000.0011936594507445,+0000.0002984148626861,+0000.6791667820767890,+0000.1697916955191965
+0000.1480828560610113,+0000.0011819535472843,+0000.0002954883868211,+0000.6803517616039072,+0000.1700879404009761
+0000.1466348280813764,+0000.0011703958165516,+0000.0002925989541379,+0000.6815217417183479,+0000.1703804354295863
+0000.1452050858576931,+0000.0011589840372890,+0000.0002897460093223,+0000.6826769472765570,+0000.1706692368191385
+0000.1437933556088637,+0000.0011477160242595,+0000.0002869290060649,+0000.6838175994886500,+0000.1709543998721618
+0000.1423993679982879,+0000.0011365896277003,+0000.0002841474069251,+0000.6849439159736697,+0000.1712359789934168
+0000.1410228580659719,+0000.0011256027327812,+0000.0002814006831953,+0000.6860561108144418,+0000.1715140277036098
+0000.1396635651611687,+0000.0011147532590668,+0000.0002786883147667,+0000.6871543946119988,+0000.1717885986529990
+0000.1383212328755829,+0000.0011040391599837,+0000.0002760097899959,+0000.6882389745395503,+0000.1720597436348869
+0000.1369956089771642,+0000.0010934584222918,+0000.0002733646055730,+0000.6893100543959774,+0000.1723275135989936
+0000.1356864453445175,+0000.0010830090655608,+0000.0002707522663902,+0000.6903678346588258,+0000.1725919586647057
+0000.1343934979019509,+0000.0010726891416519,+0000.0002681722854130,+0000.6914125125367877,+0000.1728531281341963
+0000.1331165265551826,+0000.0010624967342047,+0000.0002656241835512,+0000.6924442820216496,+0000.1731110705054117
+0000.1318552951277247,+0000.0010524299581291,+0000.0002631074895323,+0000.6934633339396916,+0000.1733658334849222
+0000.1306095712979607,+0000.0010424869591037,+0000.0002606217397759,+0000.6944698560025283,+0000.1736174640006313
+0000.1293791265369314,+0000.0010326659130787,+0000.0002581664782697,+0000.6954640328573767,+0000.1738660082143434
+0000.1281637360468416,+0000.0010229650257851,+0000.0002557412564463,+0000.6964460461367421,+0000.1741115115341848
+0000.1269631787002991,+0000.0010133825322503,+0000.0002533456330626,+0000.6974160745075111,+0000.1743540186268770
+0000.1257772369802951,+0000.0010039166963182,+0000.0002509791740796,+0000.6983742937194465,+0000.1745935734298609
+0000.1246056969209354,+0000.0009945658101770,+0000.0002486414525442,+0000.6993208766530754,+0000.1748302191632681
+0000.1234483480489283,+0000.0009853281938914,+0000.0002463320484728,+0000.7002559933669666,+0000.1750639983417409
+0000.1223049833258347,+0000.0009762021949423,+0000.0002440505487356,+0000.7011798111443904,+0000.1752949527860969
+0000.1211753990910859,+0000.0009671861877716,+0000.0002417965469429,+0000.7020924945393603,+0000.1755231236348394
+0000.1200593950057706,+0000.0009582785733338,+0000.0002395696433334,+0000.7029942054220502,+0000.1757485513555119
+0000.1189567739971966,+0000.0009494777786531,+0000.0002373694446633,+0000.7038851030235903,+0000.1759712757558968
+0000.1178673422042239,+0000.0009407822563875,+0000.0002351955640969,+0000.7047653439802339,+0000.1761913359950578
+0000.1167909089233748,+0000.0009321904843984,+0000.0002330476210996,+0000.7056350823769021,+0000.1764087705942248
+0000.1157272865557161,+0000.0009237009653270,+0000.0002309252413317,+0000.7064944697901006,+0000.1766236174475244
+0000.1146762905545156,+0000.0009153122261759,+0000.0002288280565440,+0000.7073436553302120,+0000.1768359138325523
+0000.1136377393736687,+0000.0009070228178980,+0000.0002267557044745,+0000.7081827856831676,+0000.1770456964207912
+0000.1126114544168946,+0000.0008988313149908,+0000.0002247078287477,+0000.7090120051514942,+0000.1772530012878729
+0000.1115972599876967,+0000.0008907363150968,+0000.0002226840787742,+0000.7098314556947459,+0000.1774578639236858
+0000.1105949832400863,+0000.0008827364386108,+0000.0002206841096527,+0000.7106412769693210,+0000.1776603192423296
+0000.1096044541300612,+0000.0008748303282918,+0000.0002187075820729,+0000.7114416063676597,+0000.1778604015919143
+0000.1086255053678402,+0000.0008670166488824,+0000.0002167541622206,+0000.7122325790568458,+0000.1780581447642108
+0000.1076579723708428,+0000.0008592940867332,+0000.0002148235216833,+0000.7130143280165929,+0000.1782535820041476
+0000.1067016932174112,+0000.0008516613494335,+0000.0002129153373584,+0000.7137869840766381,+0000.1784467460191589
+0000.1057565086012693,+0000.0008441171654478,+0000.0002110292913620,+0000.7145506759535371,+0000.1786376689883836
+0000.1048222617867104,+0000.0008366602837582,+0000.0002091650709395,+0000.7153055302868743,+0000.1788263825717178
+0000.1038987985645085,+0000.0008292894735122,+0000.0002073223683780,+0000.7160516716748816,+0000.1790129179187196
+0000.1029859672085455,+0000.0008220035236768,+0000.0002055008809192,+0000.7167892227094872,+0000.1791973056773711
+0000.1020836184331474,+0000.0008148012426982,+0000.0002037003106745,+0000.7175183040107844,+0000.1793795760026954
+0000.1011916053511226,+0000.0008076814581661,+0000.0002019203645415,+0000.7182390342609365,+0000.1795597585652333
+0000.1003097834324934,+0000.0008006430164851,+0000.0002001607541213,+0000.7189515302375208,+0000.1797378825593794
+0000.0994380104639150,+0000.0007936847825503,+0000.0001984211956376,+0000.7196559068463181,+0000.1799139767115787
+0000.0985761465087715,+0000.0007868056394292,+0000.0001967014098573,+0000.7203522771535543,+0000.1800880692883878
+0000.0977240538679432,+0000.0007800044880481,+0000.0001950011220120,+0000.7210407524175981,+0000.1802601881043988
+0000.0968815970412354,+0000.0007732802468845,+0000.0001933200617211,+0000.7217214421201278,+0000.1804303605300312
+0000.0960486426894614,+0000.0007666318516646,+0000.0001916579629161,+0000.7223944539967670,+0000.1805986134991910
+0000.0952250595971704,+0000.0007600582550654,+0000.0001900145637663,+0000.7230598940671987,+0000.1807649735167990
+0000.0944107186360128,+0000.0007535584264226,+0000.0001883896066057,+0000.7237178666647677,+0000.1809294666661913
+0000.0936054927287331,+0000.0007471313514433,+0000.0001867828378608,+0000.7243684744655706,+0000.1810921186163920
+0000.0928092568137839,+0000.0007407760319232,+0000.0001851940079808,+0000.7250118185170502,+0000.1812529546292619
+0000.0920218878105495,+0000.0007344914854691,+0000.0001836228713673,+0000.7256479982660921,+0000.1814119995665223
+0000.0912432645851731,+0000.0007282767452266,+0000.0001820691863066,+0000.7262771115866354,+0000.1815692778966581
+0000.0904732679169777,+0000.0007221308596113,+0000.0001805327149028,+0000.7268992548068073,+0000.1817248137017011
+0000.0897117804654718,+0000.0007160528920464,+0000.0001790132230116,+0000.7275145227355767,+0000.1818786306838935
+0000.0889586867379325,+0000.0007100419207029,+0000.0001775104801757,+0000.7281230086889516,+0000.1820307521722372
+0000.0882138730575552,+0000.0007040970382464,+0000.0001760242595616,+0000.7287248045157100,+0000.1821812011289267
+0000.0874772275321647,+0000.0006982173515865,+0000.0001745543378966,+0000.7293200006226821,+0000.1823300001556698
+0000.0867486400234747,+0000.0006924019816320,+0000.0001731004954080,+0000.7299086859995887,+0000.1824771714998965
+0000.0860280021168913,+0000.0006866500630498,+0000.0001716625157625,+0000.7304909482434377,+0000.1826227370608587
+0000.0853152070918498,+0000.0006809607440278,+0000.0001702401860070,+0000.7310668735824930,+0000.1827667183956226
+0000.0846101498926763,+0000.0006753331860428,+0000.0001688332965107,+0000.7316365468998168,+0000.1829091367249535
+0000.0839127270999666,+0000.0006697665636317,+0000.0001674416409079,+0000.7322000517563956,+0000.1830500129390982
+0000.0832228369024740,+0000.0006642600641672,+0000.0001660650160418,+0000.7327574704138541,+0000.1831893676034629
+0000.0825403790694967,+0000.0006588128876374,+0000.0001647032219094,+0000.7333088838567658,+0000.1833272209641908
+0000.0818652549237578,+0000.0006534242464297,+0000.0001633560616074,+0000.7338543718145645,+0000.1834635929536405
+0000.0811973673147694,+0000.0006480933651175,+0000.0001620233412794,+0000.7343940127830676,+0000.1835985031957662
+0000.0805366205926724,+0000.0006428194802519,+0000.0001607048700630,+0000.7349278840456106,+0000.1837319710114019
+0000.0798829205825445,+0000.0006376018401567,+0000.0001594004600392,+0000.7354560616938082,+0000.1838640154234513
+0000.0792361745591679,+0000.0006324397047264,+0000.0001581099261816,+0000.7359786206479397,+0000.1839946551619842
+0000.0785962912222502,+0000.0006273323452292,+0000.0001568330863073,+0000.7364956346769711,+0000.1841239086692421
+0000.0779631806720893,+0000.0006222790441124,+0000.0001555697610281,+0000.7370071764182170,+0000.1842517941045535
+0000.0773367543856748,+0000.0006172790948113,+0000.0001543197737028,+0000.7375133173966493,+0000.1843783293491616
+0000.0767169251932205,+0000.0006123318015625,+0000.0001530829503906,+0000.7380141280438617,+0000.1845035320109647
+0000.0761036072551173,+0000.0006074364792198,+0000.0001518591198049,+0000.7385096777166869,+0000.1846274194291709
+0000.0754967160393015,+0000.0006025924530731,+0000.0001506481132683,+0000.7390000347154864,+0000.1847500086788708
+0000.0748961682990306,+0000.0005977990586716,+0000.0001494497646679,+0000.7394852663021044,+0000.1848713165755253
+0000.0743018820510597,+0000.0005930556416493,+0000.0001482639104123,+0000.7399654387175035,+0000.1849913596793751
+0000.0737137765542099,+0000.0005883615575540,+0000.0001470903893885,+0000.7404406171990787,+0000.1851101542997689
+0000.0731317722883248,+0000.0005837161716792,+0000.0001459290429198,+0000.7409108659976614,+0000.1852277164994146
+0000.0725557909336049,+0000.0005791188588997,+0000.0001447797147249,+0000.7413762483942169,+0000.1853440620985534
+0000.0719857553503157,+0000.0005745690035087,+0000.0001436422508772,+0000.7418368267162395,+0000.1854592066790591
+0000.0714215895588609,+0000.0005700659990597,+0000.0001425164997649,+0000.7422926623538522,+0000.1855731655884622
+0000.0708632187202163,+0000.0005656092482097,+0000.0001414023120524,+0000.7427438157756178,+0000.1856859539439037
+0000.0703105691167152,+0000.0005611981625660,+0000.0001402995406415,+0000.7431903465440624,+0000.1857975866360149
+0000.0697635681331816,+0000.0005568321625359,+0000.0001392080406340,+0000.7436323133309194,+0000.1859080783327292
+0000.0692221442384031,+0000.0005525106771784,+0000.0001381276692946,+0000.7440697739320996,+0000.1860174434830242
+0000.0686862269669386,+0000.0005482331440591,+0000.0001370582860148,+0000.7445027852823907,+0000.1861256963205969
+0000.0681557469012529,+0000.0005439990091079,+0000.0001359997522770,+0000.7449314034698906,+0000.1862328508674718
+0000.0676306356541752,+0000.0005398077264785,+0000.0001349519316196,+0000.7453556837501820,+0000.1863389209375448
+0000.0671108258516720,+0000.0005356587584113,+0000.0001339146896028,+0000.7457756805602518,+0000.1864439201400622
+0000.0665962511159319,+0000.0005315515750984,+0000.0001328878937746,+0000.7461914475321567,+0000.1865478618830384
+0000.0660868460487542,+0000.0005274856545505,+0000.0001318714136376,+0000.7466030375064467,+0000.1866507593766110
+0000.0655825462152373,+0000.0005234604824675,+0000.0001308651206169,+0000.7470105025453434,+0000.1867526256363352
+0000.0650832881277604,+0000.0005194755521098,+0000.0001298688880275,+0000.7474138939456825,+0000.1868534734864200
+0000.0645890092302535,+0000.0005155303641735,+0000.0001288825910434,+0000.7478132622516244,+0000.1869533155629054
+0000.0640996478827504,+0000.0005116244266665,+0000.0001279061066666,+0000.7482086572671337,+0000.1870521643167828
+0000.0636151433462196,+0000.0005077572547879,+0000.0001269393136970,+0000.7486001280682367,+0000.1871500320170586
+0000.0631354357676673,+0000.0005039283708088,+0000.0001259820927022,+0000.7489877230150577,+0000.1872469307537639
+0000.0626604661655084,+0000.0005001373039557,+0000.0001250343259889,+0000.7493714897636380,+0000.1873428724409090
+0000.0621901764151994,+0000.0004963835902955,+0000.0001240958975739,+0000.7497514752775454,+0000.1874378688193858
+0000.0617245092351299,+0000.0004926667726235,+0000.0001231666931559,+0000.7501277258392728,+0000.1875319314598177
+0000.0612634081727662,+0000.0004889864003522,+0000.0001222466000881,+0000.7505002870614349,+0000.1876250717653583
+0000.0608068175910434,+0000.0004853420294030,+0000.0001213355073508,+0000.7508692038977626,+0000.1877173009744402
+0000.0603546826550009,+0000.0004817332220996,+0000.0001204333055249,+0000.7512345206539002,+0000.1878086301634745
+0000.0599069493186573,+0000.0004781595470628,+0000.0001195398867657,+0000.7515962809980117,+0000.1878990702495024
+0000.0594635643121193,+0000.0004746205791081,+0000.0001186551447770,+0000.7519545279711967,+0000.1879886319927987
+0000.0590244751289213,+0000.0004711158991445,+0000.0001177789747861,+0000.7523093039977186,+0000.1880773259994292
+0000.0585896300135906,+0000.0004676450940751,+0000.0001169112735188,+0000.7526606508950526,+0000.1881651627237627
+0000.0581589779494341,+0000.0004642077566997,+0000.0001160519391749,+0000.7530086098837534,+0000.1882521524709380
+0000.0577324686465429,+0000.0004608034856192,+0000.0001152008714048,+0000.7533532215971468,+0000.1883383053992863
+0000.0573100525300105,+0000.0004574318851413,+0000.0001143579712853,+0000.7536945260908504,+0000.1884236315227123
+0000.0568916807283597,+0000.0004540925651883,+0000.0001135231412971,+0000.7540325628521241,+0000.1885081407130307
+0000.0564773050621758,+0000.0004507851412064,+0000.0001126962853016,+0000.7543673708090534,+0000.1885918427022630
+0000.0560668780329410,+0000.0004475092340766,+0000.0001118773085191,+0000.7546989883395709,+0000.1886747470848925
+0000.0556603528120670,+0000.0004442644700268,+0000.0001110661175067,+0000.7550274532803201,+0000.1887568633200796
+0000.0552576832301218,+0000.0004410504805463,+0000.0001102626201366,+0000.7553528029353567,+0000.1888382007338388
+0000.0548588237662471,+0000.0004378669023011,+0000.0001094667255753,+0000.7556750740847016,+0000.1889187685211750
+0000.0544637295377624,+0000.0004347133770508,+0000.0001086783442627,+0000.7559943029927396,+0000.1889985757481845
+0000.0540723562899531,+0000.0004315895515676,+0000.0001078973878919,+0000.7563105254164705,+0000.1890776313541172
+0000.0536846603860381,+0000.0004284950775554,+0000.0001071237693889,+0000.7566237766136142,+0000.1891559441534031
+0000.0533005987973148,+0000.0004254296115720,+0000.0001063574028930,+0000.7569340913505764,+0000.1892335228376437
+0000.0529201290934768,+0000.0004223928149511,+0000.0001055982037378,+0000.7572415039102677,+0000.1893103759775665
+0000.0525432094331025,+0000.0004193843537270,+0000.0001048460884317,+0000.7575460480997916,+0000.1893865120249474
+0000.0521697985543097,+0000.0004164038985594,+0000.0001041009746398,+0000.7578477572579934,+0000.1894619393144979
+0000.0517998557655749,+0000.0004134511246606,+0000.0001033627811652,+0000.7581466642628797,+0000.1895366660657195
+0000.0514333409367133,+0000.0004105257117235,+0000.0001026314279309,+0000.7584428015389061,+0000.1896107003847261
+0000.0510702144900159,+0000.0004076273438504,+0000.0001019068359626,+0000.7587362010641372,+0000.1896840502660339
+0000.0507104373915422,+0000.0004047557094840,+0000.0001011889273710,+0000.7590268943772827,+0000.1897567235943202
+0000.0503539711425643,+0000.0004019105013388,+0000.0001004776253347,+0000.7593149125846101,+0000.1898287281461521
+0000.0500007777711606,+0000.0003990914163342,+0000.0000997728540836,+0000.7596002863667374,+0000.1899000715916839
+0000.0496508198239553,+0000.0003962981555284,+0000.0000990745388821,+0000.7598830459853075,+0000.1899707614963265
+0000.0493040603580018,+0000.0003935304240538,+0000.0000983826060134,+0000.7601632212895454,+0000.1900408053223859
+0000.0489604629328070,+0000.0003907879310530,+0000.0000976969827633,+0000.7604408417227019,+0000.1901102104306751
+0000.0486199916024936,+0000.0003880703896168,+0000.0000970175974042,+0000.7607159363283886,+0000.1901789840820967
+0000.0482826109080988,+0000.0003853775167222,+0000.0000963443791805,+0000.7609885337567990,+0000.1902471334391994
+0000.0479482858700052,+0000.0003827090331722,+0000.0000956772582931,+0000.7612586622708241,+0000.1903146655677055
+0000.0476169819805032,+0000.0003800646635365,+0000.0000950161658841,+0000.7615263497520613,+0000.1903815874380149
+0000.0472886651964812,+0000.0003774441360931,+0000.0000943610340233,+0000.7617916237067224,+0000.1904479059266801
+0000.0469633019322423,+0000.0003748471827708,+0000.0000937117956927,+0000.7620545112714359,+0000.1905136278178585
+0000.0466408590524437,+0000.0003722735390932,+0000.0000930683847733,+0000.7623150392189521,+0000.1905787598047376
+0000.0463213038651580,+0000.0003697229441230,+0000.0000924307360308,+0000.7625732339637510,+0000.1906433084909374
+0000.0460046041150533,+0000.0003671951404076,+0000.0000917987851019,+0000.7628291215675501,+0000.1907072803918871
+0000.0456907279766902,+0000.0003646898739259,+0000.0000911724684815,+0000.7630827277447223,+0000.1907706819361801
