+0001.0000000000000000,+0000.0000000000000000,+0000.0000000000000000,+0000.0000000000000000,+0000.0000000000000000,+0000.0000000000000000,+0000.0000000000000000,+0000.0000000000000000,+0000.0000000000000000,+0000.0000000000000000,+0000.0000000000000000,+0000.0000000000000000
+0000.9999518095883029,+0000.0000240945526884,+0000.0000144570799638,+0000.0000000001451485,+0000.0000000005805801,+0000.0000000000000002,+0000.0000000000000037,+0000.0000000000000001,+0000.0000000000000015,+0000.0000096380533092,+0000.0000000000000001,+0000.0000000000000010
+0000.9998181117743036,+0000.0000963645394874,+0000.0000455247095898,+0000.0000000018283131,+0000.0000000092882047,+0000.0000000000000117,+0000.0000000000002255,+0000.0000000000000048,+0000.0000000000000911,+0000.0000399878597024,+0000.0000000000000032,+0000.0000000000000617
+0000.9996073500597660,+0000.0002167696518282,+0000.0000815026086717,+0000.0000000077305469,+0000.0000000470128067,+0000.0000000000001055,+0000.0000000000023353,+0000.0000000000000450,+0000.0000000000009888,+0000.0000943229321502,+0000.0000000000000333,+0000.0000000000007209
+0000.9993260859856328,+0000.0003852439202139,+0000.0001165066659980,+0000.0000000208166856,+0000.0000001485463226,+0000.0000000000004698,+0000.0000000000118551,+0000.0000000000002149,+0000.0000000000053353,+0000.0001719940428155,+0000.0000000000001765,+0000.0000000000042778
+0000.9989794241970199,+0000.0006016964500156,+0000.0001478873251074,+0000.0000000438064007,+0000.0000003625480960,+0000.0000000000014292,+0000.0000000000408508,+0000.0000000000007006,+0000.0000000000195415,+0000.0002705855928871,+0000.0000000000006436,+0000.0000000000173054
+0000.9985713420962508,+0000.0008660119821962,+0000.0001747377763752,+0000.0000000789744484,+0000.0000007514990648,+0000.0000000000034246,+0000.0000000001103757,+0000.0000000000017902,+0000.0000000000558752,+0000.0003870774438039,+0000.0000000000018371,+0000.0000000000545556
+0000.9981049454500491,+0000.0011780513277382,+0000.0001970432818420,+0000.0000001281165336,+0000.0000013916456805,+0000.0000000000069726,+0000.0000000002524657,+0000.0000000000038632,+0000.0000000001345114,+0000.0005184396316986,+0000.0000000000044125,+0000.0000000001442298
+0000.9975826665505797,+0000.0015376517120250,+0000.0002152052517604,+0000.0000001925910274,+0000.0000023729342381,+0000.0000000000126207,+0000.0000000005116655,+0000.0000000000073662,+0000.0000000002853730,+0000.0006619097995388,+0000.0000000000093233,+0000.0000000003344785
+0000.9970064178198212,+0000.0019446270560559,+0000.0002297824507695,+0000.0000002733889193,+0000.0000037989361015,+0000.0000000000209082,+0000.0000000009461334,+0000.0000000000127830,+0000.0000000005496772,+0000.0008150981000519,+0000.0000000000178453,+0000.0000000007009300
+0000.9963777108614637,+0000.0023987682143793,+0000.0002413564816415,+0000.0000003712080519,+0000.0000057867641750,+0000.0000000000323377,+0000.0000000016284039,+0000.0000000000206049,+0000.0000000009811679,+0000.0009760024211462,+0000.0000000000315819,+0000.0000000013550419
+0000.9956977487224853,+0000.0028998431844144,+0000.0002504671759514,+0000.0000004865206897,+0000.0000084669808800,+0000.0000000000473565,+0000.0000000026458822,+0000.0000000000313055,+0000.0000000016470536,+0000.0011429805384471,+0000.0000000000524522,+0000.0000000024530776
+0000.9949674973853606,+0000.0034475972979470,+0000.0002575863122026,+0000.0000006196303724,+0000.0000119834978281,+0000.0000000000663484,+0000.0000000041011395,+0000.0000000000453227,+0000.0000000026286880,+0000.0013147047465822,+0000.0000000000826674,+0000.0000000042055362
+0000.9941877411602669,+0000.0040417534027072,+0000.0002631115243463,+0000.0000007707174803,+0000.0000164934673445,+0000.0000000000896313,+0000.0000000061120618,+0000.0000000000630461,+0000.0000000040220375,+0000.0014901124294797,+0000.0000000001246981,+0000.0000000068868946
+0000.9933591255978351,+0000.0046820120397918,+0000.0002673701480764,+0000.0000009398745279,+0000.0000221671659623,+0000.0000000001174609,+0000.0000000088118953,+0000.0000000000848120,+0000.0000000059379806,+0000.0016683591948640,+0000.0000000001812394,+0000.0000000108455483
+0000.9924821907293957,+0000.0053680516211184,+0000.0002706273420961,+0000.0000011271327911,+0000.0000291878699921,+0000.0000000001500362,+0000.0000000123492188,+0000.0000000001109017,+0000.0000000085024759,+0000.0018487774229281,+0000.0000000002551739,+0000.0000000165138656
+0000.9915573968106510,+0000.0060995286099251,+0000.0002730954659405,+0000.0000013324819549,+0000.0000377517232623,+0000.0000000001875071,+0000.0000000168878654,+0000.0000000001415439,+0000.0000000118566317,+0000.0020308410668885,+0000.0000000003495365,+0000.0000000244182867
+0000.9905851442553810,+0000.0068760777064709,+0000.0002749431974987,+0000.0000015558843189,+0000.0000480675971169,+0000.0000000002299824,+0000.0000000226068098,+0000.0000000001769193,+0000.0000000161567029,+0000.0022141365318876,+0000.0000000004674827,+0000.0000000351894219
+0000.9895657890664318,+0000.0076973120404616,+0000.0002763037082710,+0000.0000017972848626,+0000.0000603569427565,+0000.0000000002775370,+0000.0000000297000316,+0000.0000000002171663,+0000.0000000215740344,+0000.0023983390040682,+0000.0000000006122602,+0000.0000000495721115
+0000.9884996547771104,+0000.0085628233712561,+0000.0002772816640731,+0000.0000020566182218,+0000.0000748536360076,+0000.0000000003302188,+0000.0000000383763615,+0000.0000000002623873,+0000.0000000282949652,+0000.0025831934467836,+0000.0000000007871851,+0000.0000000684354217
+0000.9873870416881432,+0000.0094721822965775,+0000.0002779590489397,+0000.0000023338134033,+0000.0000918038146080,+0000.0000000003880550,+0000.0000000488593154,+0000.0000000003126544,+0000.0000000365207053,+0000.0027684994794101,+0000.0000000009956214,+0000.0000000927825586
+0000.9862282340086425,+0000.0104249384701983,+0000.0002783999171652,+0000.0000026287968699,+0000.0001114657080961,+0000.0000000004510564,+0000.0000000613869196,+0000.0000000003680152,+0000.0000000464671910,+0000.0029540994241869,+0000.0000000012409648,+0000.0000001237606859
+0000.9850235053725707,+0000.0114206208288948,+0000.0002786542188197,+0000.0000029414944700,+0000.0001341094603967,+0000.0000000005192223,+0000.0000000762115271,+0000.0000000004284980,+0000.0000000583649255,+0000.0031398689034000,+0000.0000000015266302,+0000.0000001626706362
+0000.9837731230960576,+0000.0124587378288338,+0000.0002787608497750,+0000.0000032718325662,+0000.0001600169451988,+0000.0000000005925431,+0000.0000000935996288,+0000.0000000004941160,+0000.0000000724588068,+0000.0033257094699167,+0000.0000000018560409,+0000.0000002109765074
+0000.9824773514586570,+0000.0135387776914592,+0000.0002787500663277,+0000.0000036197386181,+0000.0001894815742233,+0000.0000000006710033,+0000.0000001138316561,+0000.0000000005648709,+0000.0000000890079465,+0000.0035115428474685,+0000.0000000022326215,+0000.0000002703151384
+0000.9811364542279060,+0000.0146602086588812,+0000.0002786453867983,+0000.0000039851414044,+0000.0002228080984848,+0000.0000000007545832,+0000.0000001372017794,+0000.0000000006407559,+0000.0000001082854797,+0000.0036973064386674,+0000.0000000026597921,+0000.0000003425054582
+0000.9797506965971373,+0000.0158224792587191,+0000.0002784650832290,+0000.0000043679710154,+0000.0002603124026516,+0000.0000000008432608,+0000.0000001640176982,+0000.0000000007217578,+0000.0000001305783671,+0000.0038829498274867,+0000.0000000031409639,+0000.0000004295577029
+0000.9783203466682434,+0000.0170250185783142,+0000.0002782233480604,+0000.0000047681587074,+0000.0003023212926152,+0000.0000000009370123,+0000.0000001946004259,+0000.0000000008078596,+0000.0000001561871906,+0000.0040684320595269,+0000.0000000036795370,+0000.0000005336824967
+0000.9768456765814120,+0000.0182672365482055,+0000.0002779312045379,+0000.0000051856366812,+0000.0003491722763815,+0000.0000000010358132,+0000.0000002292840679,+0000.0000000008990410,+0000.0000001854259415,+0000.0042537195292188,+0000.0000000042788977,+0000.0000006572997910
+0000.9753269633708989,+0000.0195485242347397,+0000.0002775972159092,+0000.0000056203378256,+0000.0004012133384017,+0000.0000000011396387,+0000.0000002684155918,+0000.0000000009952801,+0000.0000002186218016,+0000.0044387843398250,+0000.0000000049424178,+0000.0000008030476587
+0000.9737644896080816,+0000.0208682541416754,+0000.0002772280371424,+0000.0000060721954551,+0000.0004588027074614,+0000.0000000012484644,+0000.0000003123545922,+0000.0000000010965538,+0000.0000002561149179,+0000.0046236030312532,+0000.0000000056734537,+0000.0000009737909373
+0000.9721585438792573,+0000.0222257805206303,+0000.0002768288436920,+0000.0000065411430565,+0000.0005223086182533,+0000.0000000013622659,+0000.0000003614730472,+0000.0000000012028386,+0000.0000002982581696,+0000.0048081555937146,+0000.0000000064753461,+0000.0000011726297170
+0000.9705094211349555,+0000.0236204396902140,+0000.0002764036644437,+0000.0000070271140540,+0000.0005921090667590,+0000.0000000014810194,+0000.0000004161550687,+0000.0000000013141109,+0000.0000003454169292,+0000.0049924247033437,+0000.0000000073514201,+0000.0000014029076699
+0000.9688174229392641,+0000.0250515503636805,+0000.0002759556400932,+0000.0000075300416002,+0000.0006685915595699,+0000.0000000016047015,+0000.0000004767966448,+0000.0000000014303471,+0000.0000003979688155,+0000.0051763951300725,+0000.0000000083049848,+0000.0000016682202135
+0000.9670828576412438,+0000.0265184139849317,+0000.0002754872235578,+0000.0000080498583912,+0000.0007521528572815,+0000.0000000017332892,+0000.0000005438053763,+0000.0000000015515240,+0000.0000004563034398,+0000.0053600532791110,+0000.0000000093393341,+0000.0000019724225067
+0000.9653060404855489,+0000.0280203150726990,+0000.0002750003353666,+0000.0000085864965084,+0000.0008431987120954,+0000.0000000018667602,+0000.0000006176002051,+0000.0000000016776185,+0000.0000005208221459,+0000.0055433868360221,+0000.0000000104577465,+0000.0000023196372707
+0000.9634872936755161,+0000.0295565215727246,+0000.0002744964841047,+0000.0000091398872841,+0000.0009421435997694,+0000.0000000020050922,+0000.0000006986111365,+0000.0000000018086080,+0000.0000005919377421,+0000.0057263844920919,+0000.0000000116634851,+0000.0000027142624321
+0000.9616269463990087,+0000.0311262852177629,+0000.0002739768597483,+0000.0000097099611896,+0000.0010494104460564,+0000.0000000021482634,+0000.0000007872789540,+0000.0000000019444701,+0000.0000006700742269,+0000.0059090357319241,+0000.0000000129597985,+0000.0000031609785833
+0000.9597253348249839,+0000.0327288418952191,+0000.0002734424059751,+0000.0000102966477430,+0000.0011654303477779,+0000.0000000022962521,+0000.0000008840549282,+0000.0000000020851829,+0000.0000007556665074,+0000.0060913306692408,+0000.0000000143499204,+0000.0000036647562550
+0000.9577828020769752,+0000.0343634120222365,+0000.0002728938761780,+0000.0000108998754339,+0000.0012906422886779,+0000.0000000024490368,+0000.0000009894005185,+0000.0000000022307245,+0000.0000008491601119,+0000.0062732599200262,+0000.0000000158370701,+0000.0000042308629962
+0000.9557996981882864,+0000.0360292009280452,+0000.0002723318768465,+0000.0000115195716643,+0000.0014254928502087,+0000.0000000026065963,+0000.0000011037870684,+0000.0000000023810732,+0000.0000009510108945,+0000.0064548145045905,+0000.0000000174244522,+0000.0000048648702592
+0000.9537763800426273,+0000.0377253992433792,+0000.0002717569011605,+0000.0000121556627016,+0000.0015704359173990,+0000.0000000027689090,+0000.0000012276954953,+0000.0000000025362075,+0000.0000010616847348,+0000.0066359857720309,+0000.0000000191152572,+0000.0000055726600824
+0000.9517132113030891,+0000.0394511832967668,+0000.0002711693550005,+0000.0000128080736431,+0000.0017259323799616,+0000.0000000029359535,+0000.0000013616159727,+0000.0000000026961059,+0000.0000011816572300,+0000.0068167653420312,+0000.0000000209126612,+0000.0000063604315690
+0000.9496105623317044,+0000.0412057155174965,+0000.0002705695770833,+0000.0000134767283899,+0000.0018924498287955,+0000.0000000031077084,+0000.0000015060476085,+0000.0000000028607469,+0000.0000013114133814,+0000.0069971450600868,+0000.0000000228198258,+0000.0000072347071566
+0000.9474688101013642,+0000.0429881448450589,+0000.0002699578545476,+0000.0000141615496282,+0000.0020704622480434,+0000.0000000032841520,+0000.0000016614981151,+0000.0000000030301089,+0000.0000014514472749,+0000.0071771169631185,+0000.0000000248398984,+0000.0000082023386732
+0000.9452883381014423,+0000.0447976071448606,+0000.0002693344350145,+0000.0000148624588180,+0000.0022604497028658,+0000.0000000034652625,+0000.0000018284834765,+0000.0000000032041704,+0000.0000016022617555,+0000.0073566732531282,+0000.0000000269760120,+0000.0000092705131769
+0000.9430695362382122,+0000.0466332256300052,+0000.0002686995359189,+0000.0000155793761866,+0000.0024628980230955,+0000.0000000036510179,+0000.0000020075276073,+0000.0000000033829094,+0000.0000017643680962,+0000.0075358062770742,+0000.0000000292312849,+0000.0000104467585744
+0000.9408128007308912,+0000.0484941112889331,+0000.0002680533517272,+0000.0000163122207269,+0000.0026782984829386,+0000.0000000038413960,+0000.0000021991620088,+0000.0000000035663040,+0000.0000019382856613,+0000.0077145085115590,+0000.0000000316088209,+0000.0000117389490152
+0000.9385185340039730,+0000.0503793633187084,+0000.0002673960595174,+0000.0000170609102000,+0000.0029071474768896,+0000.0000000040363742,+0000.0000024039254187,+0000.0000000037543321,+0000.0000021245415642,+0000.0078927725512372,+0000.0000000341117090,+0000.0000131553100580
+0000.9361871445763725,+0000.0522880695637425,+0000.0002667278232918,+0000.0000178253611403,+0000.0031499461920300,+0000.0000000042359300,+0000.0000026223634558,+0000.0000000039469712,+0000.0000023236703209,+0000.0080705911000984,+0000.0000000367430232,+0000.0000147044236052
+0000.9338190469477976,+0000.0542193069597356,+0000.0002660487973085,+0000.0000186054888635,+0000.0034072002768827,+0000.0000000044400401,+0000.0000028550282613,+0000.0000000041441988,+0000.0000025362134970,+0000.0082479569649707,+0000.0000000395058224,+0000.0000163952326032
+0000.9314146614826829,+0000.0561721419826216,+0000.0002653591286521,+0000.0000194012074771,+0000.0036794195069949,+0000.0000000046486813,+0000.0000031024781339,+0000.0000000043459918,+0000.0000027627193518,+0000.0084248630507388,+0000.0000000424031502,+0000.0000182370455044
+0000.9289744142919532,+0000.0581456311022941,+0000.0002646589592162,+0000.0000202124298922,+0000.0039671174474236,+0000.0000000048618300,+0000.0000033652771621,+0000.0000000045523271,+0000.0000030037424759,+0000.0086013023568830,+0000.0000000454380349,+0000.0000202395404883
+0000.9264987371128326,+0000.0601388212408937,+0000.0002639484272298,+0000.0000210390678373,+0000.0042708111123020,+0000.0000000050794622,+0000.0000036439948513,+0000.0000000047631811,+0000.0000032598434260,+0000.0087772679750362,+0000.0000000486134890,+0000.0000224127694390
+0000.9239880671868881,+0000.0621507502354310,+0000.0002632276684311,+0000.0000218810318732,+0000.0045910206216621,+0000.0000000053015538,+0000.0000039392057476,+0000.0000000049785302,+0000.0000035315883547,+0000.0089527530873236,+0000.0000000519325091,+0000.0000247671616755
+0000.9214428471364526,+0000.0641804473045205,+0000.0002624968169679,+0000.0000227382314089,+0000.0049282688556951,+0000.0000000055280800,+0000.0000042514890579,+0000.0000000051983501,+0000.0000038195486360,+0000.0091277509653021,+0000.0000000553980759,+0000.0000273135274328
+0000.9188635248395594,+0000.0662269335189976,+0000.0002617560060859,+0000.0000236105747185,+0000.0052830811066273,+0000.0000000057590162,+0000.0000045814282658,+0000.0000000054226165,+0000.0000041243004879,+0000.0093022549693594,+0000.0000000590131536,+0000.0000300630610914
+0000.9162505533034981,+0000.0682892222761897,+0000.0002610053686540,+0000.0000244979689591,+0000.0056559847283964,+0000.0000000059943370,+0000.0000049296107452,+0000.0000000056513047,+0000.0000044464245908,+0000.0094762585484621,+0000.0000000627806900,+0000.0000330273441519
+0000.9136043905370927,+0000.0703663197776095,+0000.0002602450375616,+0000.0000254003201889,+0000.0060475087843075,+0000.0000000062340169,+0000.0000052966273700,+0000.0000000058843896,+0000.0000047865057025,+0000.0096497552401698,+0000.0000000667036164,+0000.0000362183479536
+0000.9109254994217832,+0000.0724572255098398,+0000.0002594751460180,+0000.0000263175333862,+0000.0064581836928550,+0000.0000000064780302,+0000.0000056830721212,+0000.0000000061218458,+0000.0000051451322700,+0000.0098227386708485,+0000.0000000707848470,+0000.0000396484361336
+0000.9082143475815995,+0000.0745609327283745,+0000.0002586958277760,+0000.0000272495124692,+0000.0068885408718938,+0000.0000000067263507,+0000.0000060895416912,+0000.0000000063636478,+0000.0000055228960384,+0000.0099952025560325,+0000.0000000750272788,+0000.0000433303668259
+0000.9054714072520891,+0000.0766764289441822,+0000.0002579072172959,+0000.0000281961603153,+0000.0073391123813450,+0000.0000000069789520,+0000.0000065166350859,+0000.0000000066097695,+0000.0000059203916574,+0000.0101671407008964,+0000.0000000794337918,+0000.0000472772945975
+0000.9026971551482792,+0000.0788026964127549,+0000.0002571094498637,+0000.0000291573787819,+0000.0078104305646234,+0000.0000000072358072,+0000.0000069649532243,+0000.0000000068601846,+0000.0000063382162842,+0000.0103385470008055,+0000.0000000840072482,+0000.0000515027721203
+0000.8998920723317299,+0000.0809387126254060,+0000.0002563026616747,+0000.0000301330687269,+0000.0083030276889724,+0000.0000000074968894,+0000.0000074350985356,+0000.0000000071148665,+0000.0000067769691848,+0000.0105094154419220,+0000.0000000887504925,+0000.0000560207515768
+0000.8970566440767413,+0000.0830834508025785,+0000.0002554869898881,+0000.0000311231300296,+0000.0088174355848939,+0000.0000000077621712,+0000.0000079276745554,+0000.0000000073737884,+0000.0000072372513330,+0000.0106797401018474,+0000.0000000936663514,+0000.0000608455857988
+0000.8941913597357813,+0000.0852358803889249,+0000.0002546625726622,+0000.0000321274616121,+0000.0093541852848613,+0000.0000000080316250,+0000.0000084432855193,+0000.0000000076369230,+0000.0000077196650075,+0000.0108495151502889,+0000.0000000987576335,+0000.0000659920291372
+0000.8912967126041855,+0000.0873949675499196,+0000.0002538295491711,+0000.0000331459614607,+0000.0099138066615036,+0000.0000000083052228,+0000.0000089825359558,+0000.0000000079042429,+0000.0000082248133868,+0000.0110187348497362,+0000.0000001040271288,+0000.0000714752380617
+0000.8883731997841878,+0000.0895596756697621,+0000.0002529880596098,+0000.0000341785266476,+0000.0104968280654484,+0000.0000000085829365,+0000.0000095460302774,+0000.0000000081757203,+0000.0000087533001430,+0000.0111873935561428,+0000.0000001094776090,+0000.0000773107714904
+0000.8854213220483403,+0000.0917289658503327,+0000.0002521382451894,+0000.0000352250533535,+0000.0111037759630132,+0000.0000000088647375,+0000.0000101343723708,+0000.0000000084513272,+0000.0000093057290342,+0000.0113554857196024,+0000.0000001151118271,+0000.0000835145908465
+0000.8824415837023789,+0000.0939017974109575,+0000.0002512802481232,+0000.0000362854368888,+0000.0117351745739330,+0000.0000000091505971,+0000.0000107481651871,+0000.0000000087310351,+0000.0000098827034953,+0000.0115230058850179,+0000.0000001209325172,+0000.0000901030598434
+0000.8794344924475845,+0000.0960771283887429,+0000.0002504142116086,+0000.0000373595717170,+0000.0123915455093132,+0000.0000000094404862,+0000.0000113880103298,+0000.0000000090148156,+0000.0000104848262291,+0000.0116899486927569,+0000.0000001269423943,+0000.0000970929439962
+0000.8764005592427014,+0000.0982539160392371,+0000.0002495402798028,+0000.0000384473514767,+0000.0130734074099956,+0000.0000000097343757,+0000.0000120545076440,+0000.0000000093026396,+0000.0000111126987950,+0000.0118563088792921,+0000.0000001331441540,+0000.0001045014098595
+0000.8733402981654625,+0000.1004311173371784,+0000.0002486585977957,+0000.0000395486690048,+0000.0137812755855269,+0000.0000000100322360,+0000.0000127482548046,+0000.0000000095944782,+0000.0000117669211989,+0000.0120220812778226,+0000.0000001395404728,+0000.0001123460239921
+0000.8702542262737749,+0000.1026076894770882,+0000.0002477693115797,+0000.0000406634163591,+0000.0145156616539171,+0000.0000000103340373,+0000.0000134698469048,+0000.0000000098903018,+0000.0000124480914812,+0000.0121872608188757,+0000.0000001461340074,+0000.0001206447516462
+0000.8671428634666245,+0000.1047825903734677,+0000.0002468725680171,+0000.0000417914848414,+0000.0152770731823746,+0000.0000000106397495,+0000.0000142198760449,+0000.0000000101900809,+0000.0000131568053067,+0000.0123518425308871,+0000.0000001529273946,+0000.0001294159551841
+0000.8640067323447497,+0000.1069547791603584,+0000.0002459685148063,+0000.0000429327650212,+0000.0160660133292070,+0000.0000000109493425,+0000.0000149989309212,+0000.0000000104937855,+0000.0000138936555525,+0000.0125158215407580,+0000.0000001599232516,+0000.0001386783922190
+0000.8608463580711374,+0000.1091232166900248,+0000.0002450573004458,+0000.0000440871467585,+0000.0168829804870725,+0000.0000000112627857,+0000.0000158075964162,+0000.0000000108013856,+0000.0000146592318980,+0000.0126791930743885,+0000.0000001671241754,+0000.0001484512134844
+0000.8576622682313959,+0000.1112868660305211,+0000.0002441390741980,+0000.0000452545192280,+0000.0177284679277688,+0000.0000000115800486,+0000.0000166464531895,+0000.0000000111128508,+0000.0000154541204146,+0000.0128419524571872,+0000.0000001745327426,+0000.0001587539604274
+0000.8544549926940594,+0000.1134446929619022,+0000.0002432139860520,+0000.0000464347709420,+0000.0186029634487438,+0000.0000000119011000,+0000.0000175160772693,+0000.0000000114281505,+0000.0000162789031565,+0000.0130040951145552,+0000.0000001821515096,+0000.0001696065625317
+0000.8512250634708725,+0000.1155956664708402,+0000.0002422821866849,+0000.0000476277897748,+0000.0195069490215138,+0000.0000000122259090,+0000.0000184170396463,+0000.0000000117472539,+0000.0000171341577524,+0000.0131656165723451,+0000.0000001899830122,+0000.0001810293343667
+0000.8479730145771122,+0000.1177387592434108,+0000.0002413438274244,+0000.0000488334629862,+0000.0204409004421710,+0000.0000000125544443,+0000.0000193499058678,+0000.0000000120701301,+0000.0000180204569986,+0000.0133265124572947,+0000.0000001980297655,+0000.0001930429723657
+0000.8446993818919979,+0000.1198729481558119,+0000.0002403990602089,+0000.0000500516772459,+0000.0214052869841635,+0000.0000000128866742,+0000.0000203152356351,+0000.0000000123967477,+0000.0000189383684532,+0000.0134867784974340,+0000.0000002062942640,+0000.0002056685513345
+0000.8414047030192418,+0000.1219972147627797,+0000.0002394480375492,+0000.0000512823186568,+0000.0224005710535294,+0000.0000000132225671,+0000.0000213135824014,+0000.0000000127270755,+0000.0000198884540325,+0000.0136464105224668,+0000.0000002147789810,+0000.0002189275206895
+0000.8380895171477903,+0000.1241105457834690,+0000.0002384909124887,+0000.0000525252727803,+0000.0234272078467643,+0000.0000000135620912,+0000.0000223454929727,+0000.0000000130610817,+0000.0000208712696086,+0000.0138054044641259,+0000.0000002234863688,+0000.0002328417004285
+0000.8347543649128142,+0000.1262119335845649,+0000.0002375278385644,+0000.0000537804246594,+0000.0244856450115009,+0000.0000000139052143,+0000.0000234115071113,+0000.0000000133987348,+0000.0000218873646097,+0000.0139637563565022,+0000.0000002324188587,+0000.0002474332768350
+0000.8313997882569909,+0000.1283003766603946,+0000.0002365589697669,+0000.0000550476588440,+0000.0255763223101795,+0000.0000000142519042,+0000.0000245121571410,+0000.0000000137400025,+0000.0000229372816222,+0000.0141214623363468,+0000.0000002415788603,+0000.0002627247979164
+0000.8280263302921358,+0000.1303748801098107,+0000.0002355844605014,+0000.0000563268594145,+0000.0266996712868834,+0000.0000000146021286,+0000.0000256479675558,+0000.0000000140848530,+0000.0000240215559956,+0000.0142785186433478,+0000.0000002509687623,+0000.0002787391685802
+0000.8246345351612328,+0000.1324344561096175,+0000.0002346044655479,+0000.0000576179100069,+0000.0278561149375149,+0000.0000000149558549,+0000.0000268194546318,+0000.0000000144332537,+0000.0000251407154501,+0000.0144349216203797,+0000.0000002605909315,+0000.0002954996455470
+0000.8212249479009146,+0000.1344781243843147,+0000.0002336191400214,+0000.0000589206938370,+0000.0290460673834845,+0000.0000000153130504,+0000.0000280271260413,+0000.0000000147851724,+0000.0000262952796866,+0000.0145906677137273,+0000.0000002704477130,+0000.0003130298320047
+0000.8177981143044412,+0000.1365049126719357,+0000.0002326286393331,+0000.0000602350937251,+0000.0302699335490835,+0000.0000000156736823,+0000.0000292714804715,+0000.0000000151405763,+0000.0000274857600006,+0000.0147457534732827,+0000.0000002805414306,+0000.0003313536720051
+0000.8143545807852288,+0000.1385138571857562,+0000.0002316331191505,+0000.0000615609921204,+0000.0315281088427102,+0000.0000000160377176,+0000.0000305530072458,+0000.0000000154994329,+0000.0000287126588987,+0000.0149001755527163,+0000.0000002908743859,+0000.0003504954446042
+0000.8108948942409782,+0000.1405040030716556,+0000.0002306327353584,+0000.0000628982711259,+0000.0328209788421171,+0000.0000000164051233,+0000.0000318721859498,+0000.0000000158617090,+0000.0000299764697191,+0000.0150539307096219,+0000.0000003014488586,+0000.0003704797577502
+0000.8074196019184517,+0000.1424744048609121,+0000.0002296276440197,+0000.0000642468125231,+0000.0341489189838433,+0000.0000000167758662,+0000.0000332294860605,+0000.0000000162273719,+0000.0000312776762557,+0000.0152070158056350,+0000.0000003122671065,+0000.0003913315419207
+0000.8039292512789488,+0000.1444241269182178,+0000.0002286180013365,+0000.0000656064977965,+0000.0355122942569973,+0000.0000000171499128,+0000.0000346253665804,+0000.0000000165963883,+0000.0000326167523856,+0000.0153594278065261,+0000.0000003233313653,+0000.0004130760435111
+0000.8004243898645229,+0000.1463522438846988,+0000.0002276039636111,+0000.0000669772081586,+0000.0369114589015488,+0000.0000000175272299,+0000.0000360602756753,+0000.0000000169687249,+0000.0000339941617015,+0000.0155111637822668,+0000.0000003346438486,+0000.0004357388179787
+0000.7969055651649981,+0000.1482578411157327,+0000.0002265856872075,+0000.0000683588245743,+0000.0383467561112922,+0000.0000000179077839,+0000.0000375346503173,+0000.0000000173443485,+0000.0000354103571478,+0000.0156622209070718,+0000.0000003462067476,+0000.0004593457227439
+0000.7933733244858211,+0000.1501400151133538,+0000.0002255633285130,+0000.0000697512277860,+0000.0398185177416345,+0000.0000000182915411,+0000.0000390489159323,+0000.0000000177232255,+0000.0000368657806616,+0000.0158125964594139,+0000.0000003580222313,+0000.0004839229098517
+0000.7898282148168029,+0000.1519978739530416,+0000.0002245370438998,+0000.0000711542983381,+0000.0413270640223653,+0000.0000000186784679,+0000.0000406034860523,+0000.0000000181053225,+0000.0000383608628179,+0000.0159622878220137,+0000.0000003700924463,+0000.0005094968183969
+0000.7862707827017967,+0000.1538305377046923,+0000.0002235069896870,+0000.0000725679166021,+0000.0428727032755589,+0000.0000000190685305,+0000.0000421987619730,+0000.0000000184906057,+0000.0000398960224799,+0000.0161112924818051,+0000.0000003824195167,+0000.0005360941667169
+0000.7827015741093510,+0000.1556371388475712,+0000.0002224733221033,+0000.0000739919628006,+0000.0444557316387584,+0000.0000000194616951,+0000.0000438351324170,+0000.0000000188790414,+0000.0000414716664548,+0000.0162596080298739,+0000.0000003950055443,+0000.0005637419443534
+0000.7791211343043911,+0000.1574168226790523,+0000.0002214361972488,+0000.0000754263170331,+0000.0460764327935896,+0000.0000000198579277,+0000.0000455129732019,+0000.0000000192705959,+0000.0000430881891536,+0000.0164072321613731,+0000.0000004078526083,+0000.0005924674037891
+0000.7755300077209675,+0000.1591687477169516,+0000.0002203957710581,+0000.0000768708592996,+0000.0477350776999474,+0000.0000000202571944,+0000.0000472326469143,+0000.0000000196652353,+0000.0000447459722579,+0000.0165541626754118,+0000.0000004209627652,+0000.0006222980519611
+0000.7719287378361207,+0000.1608920860952637,+0000.0002193521992635,+0000.0000783254695259,+0000.0494319243358975,+0000.0000000206594612,+0000.0000489945025903,+0000.0000000200629257,+0000.0000464453843909,+0000.0167003974749208,+0000.0000004343380489,+0000.0006532616415550
+0000.7683178670448998,+0000.1625860239531158,+0000.0002183056373581,+0000.0000797900275881,+0000.0511672174434309,+0000.0000000210646940,+0000.0000507988754006,+0000.0000000204636330,+0000.0000481867807947,+0000.0168459345664929,+0000.0000004479804710,+0000.0006853861620848
+0000.7646979365365822,+0000.1642497618167560,+0000.0002172562405594,+0000.0000812644133373,+0000.0529411882802090,+0000.0000000214728588,+0000.0000526460863433,+0000.0000000208673233,+0000.0000499705030141,+0000.0169907720601991,+0000.0000004618920198,+0000.0007186998307609
+0000.7610694861721339,+0000.1658825149743968,+0000.0002162041637738,+0000.0000827485066236,+0000.0547540543774297,+0000.0000000218839214,+0000.0000545364419419,+0000.0000000212739626,+0000.0000517968785853,+0000.0171349081693817,+0000.0000004760746615,+0000.0007532310831511
+0000.7574330543629526,+0000.1674835138437359,+0000.0002151495615600,+0000.0000842421873212,+0000.0566060193039471,+0000.0000000222978477,+0000.0000564702339508,+0000.0000000216835166,+0000.0000536662207315,+0000.0172783412104216,+0000.0000004905303393,+0000.0007890085636388
+0000.7537891779509349,+0000.1690520043319851,+0000.0002140925880945,+0000.0000857453353526,+0000.0584972724367689,+0000.0000000227146035,+0000.0000584477390662,+0000.0000000220959514,+0000.0000555788280654,+0000.0174210696024846,+0000.0000005052609735,+0000.0008260611156823
+0000.7501383920899062,+0000.1705872481882349,+0000.0002130333971361,+0000.0000872578307128,+0000.0604279887380586,+0000.0000000231341547,+0000.0000604692186450,+0000.0000000225112327,+0000.0000575349842972,+0000.0175630918672421,+0000.0000005202684620,+0000.0008644177718805
+0000.7464812301284525,+0000.1720885233479937,+0000.0002119721419917,+0000.0000887795534937,+0000.0623983285387597,+0000.0000000235564671,+0000.0000625349184302,+0000.0000000229293265,+0000.0000595349579504,+0000.0177044066285699,+0000.0000005355546796,+0000.0009041077438474
+0000.7428182234941948,+0000.1735551242697370,+0000.0002109089754816,+0000.0000903103839083,+0000.0644084373289627,+0000.0000000239815066,+0000.0000646450682831,+0000.0000000233501985,+0000.0000615790020835,+0000.0178450126122243,+0000.0000005511214787,+0000.0009451604119031
+0000.7391499015795393,+0000.1749863622633130,+0000.0002098440499059,+0000.0000918502023149,+0000.0664584455551256,+0000.0000000244092391,+0000.0000667998819235,+0000.0000000237738148,+0000.0000636673540195,+0000.0179849086454949,+0000.0000005669706885,+0000.0009876053145827
+0000.7354767916289463,+0000.1763815658100484,+0000.0002087775170113,+0000.0000933988892409,+0000.0685484684242617,+0000.0000000248396304,+0000.0000689995566766,+0000.0000000242001410,+0000.0000658002350823,+0000.0181240936568357,+0000.0000005831041158,+0000.0010314721379709
+0000.7317994186277474,+0000.1777400808744080,+0000.0002077095279574,+0000.0000949563254068,+0000.0706786057152005,+0000.0000000252726464,+0000.0000712442732275,+0000.0000000246291431,+0000.0000679778503404,+0000.0182625666754740,+0000.0000005995235446,+0000.0010767907048646
+0000.7281183051925519,+0000.1790612712070619,+0000.0002066402332851,+0000.0000965223917504,+0000.0728489415970262,+0000.0000000257082530,+0000.0000735341953841,+0000.0000000250607871,+0000.0000702003883579,+0000.0184003268309974,+0000.0000006162307360,+0000.0011235909637698
+0000.7244339714632715,+0000.1803445186392205,+0000.0002055697828833,+0000.0000980969694497,+0000.0750595444547930,+0000.0000000261464164,+0000.0000758694698467,+0000.0000000254950388,+0000.0000724680209534,+0000.0185373733529196,+0000.0000006332274285,+0000.0011719029777388
+0000.7207469349968032,+0000.1815892233681003,+0000.0002044983259583,+0000.0000996799399475,+0000.0773104667226173,+0000.0000000265871024,+0000.0000782502259866,+0000.0000000259318643,+0000.0000747809029667,+0000.0186737055702252,+0000.0000006505153380,+0000.0012217569130499
+0000.7170577106623972,+0000.1827948042333901,+0000.0002034260110016,+0000.0001012711849742,+0000.0796017447242359,+0000.0000000270302773,+0000.0000806765756318,+0000.0000000263712295,+0000.0000771391720327,+0000.0188093229108929,+0000.0000006680961577,+0000.0012731830277384
+0000.7133668105387442,+0000.1839606989845880,+0000.0002023529857600,+0000.0001028705865712,+0000.0819333985211236,+0000.0000000274759071,+0000.0000831486128614,+0000.0000000268131005,+0000.0000795429483642,+0000.0189442249013996,+0000.0000006859715580,+0000.0013262116599812
+0000.7096747438128133,+0000.1850863645390882,+0000.0002012793972044,+0000.0001044780271148,+0000.0843054317682539,+0000.0000000279239581,+0000.0000856664138086,+0000.0000000272574436,+0000.0000819923345420,+0000.0190784111662025,+0000.0000007041431871,+0000.0013808732163425
+0000.7059820166804713,+0000.1861712772308984,+0000.0002002053915007,+0000.0001060933893383,+0000.0867178315775862,+0000.0000000283743965,+0000.0000882300364708,+0000.0000000277042248,+0000.0000844874153135,+0000.0192118814272030,+0000.0000007226126703,+0000.0014371981598848
+0000.7022891322489095,+0000.1872149330498735,+0000.0001991311139802,+0000.0001077165563560,+0000.0891705683893580,+0000.0000000288271889,+0000.0000908395205298,+0000.0000000281534104,+0000.0000870282574000,+0000.0193446355031897,+0000.0000007413816105,+0000.0014952169981515
+0000.6985965904409106,+0000.1882168478713577,+0000.0001980567091106,+0000.0001093474116851,+0000.0916635958512561,+0000.0000000292823015,+0000.0000934948871797,+0000.0000000286049668,+0000.0000896149093119,+0000.0194766733092635,+0000.0000007604515884,+0000.0015549602710261
+0000.6949048879009773,+0000.1891765576761290,+0000.0001969823204681,+0000.0001109858392692,+0000.0941968507055386,+0000.0000000297397010,+0000.0000961961389632,+0000.0000000290588605,+0000.0000922474011724,+0000.0196079948562422,+0000.0000007798241621,+0000.0016164585384743
+0000.6912145179033566,+0000.1900936187605465,+0000.0001959080907092,+0000.0001126317235002,+0000.0967702526841746,+0000.0000000301993541,+0000.0000989432596175,+0000.0000000295150579,+0000.0000949257445505,+0000.0197386002500483,+0000.0000007995008674,+0000.0016797423681747
+0000.6875259702619777,+0000.1909676079368082,+0000.0001948341615439,+0000.0001142849492410,+0000.0993837044120647,+0000.0000000306612275,+0000.0001017362139288,+0000.0000000299735257,+0000.0000976499323018,+0000.0198684896910776,+0000.0000008194832179,+0000.0017448423230425
+0000.6838397312423322,+0000.1917981227232245,+0000.0001937606737085,+0000.0001159454018477,+0000.1020370913184009,+0000.0000000311252881,+0000.0001045749475952,+0000.0000000304342307,+0000.0001004199384192,+0000.0199976634735499,+0000.0000008397727050,+0000.0018117889486553
+0000.6801562834753208,+0000.1925847815244259,+0000.0001926877669396,+0000.0001176129671916,+0000.1047302815562221,+0000.0000000315915029,+0000.0001074593870994,+0000.0000000308971396,+0000.0001032357178912,+0000.0201261219848430,+0000.0000008603707980,+0000.0018806127605828
+0000.6764761058730846,+0000.1933272238014231,+0000.0001916155799489,+0000.0001192875316809,+0000.1074631259302166,+0000.0000000320598391,+0000.0001103894395901,+0000.0000000313622194,+0000.0001060972065708,+0000.0202538657048089,+0000.0000008812789443,+0000.0019513442316300
+0000.6727996735468483,+0000.1940251102314442,+0000.0001905442503974,+0000.0001209689822826,+0000.1102354578328179,+0000.0000000325302639,+0000.0001133649927727,+0000.0000000318294372,+0000.0001090043210515,+0000.0203808952050739,+0000.0000009024985691,+0000.0020240137789977
+0000.6691274577267906,+0000.1946781228574781,+0000.0001894739148714,+0000.0001226572065442,+0000.1130470931886380,+0000.0000000330027448,+0000.0001163859148093,+0000.0000000322987603,+0000.0001119569585547,+0000.0205072111483215,+0000.0000009240310759,+0000.0020986517513675
+0000.6654599256839658,+0000.1952859652274598,+0000.0001884047088585,+0000.0001243520926145,+0000.1158978304072770,+0000.0000000334772493,+0000.0001194520542278,+0000.0000000327701559,+0000.0001149549968239,+0000.0206328142875605,+0000.0000009458778465,+0000.0021752884159167
+0000.6617975406542909,+0000.1958483625230356,+0000.0001873367667242,+0000.0001260535292651,+0000.1187874503445444,+0000.0000000339537451,+0000.0001225632398406,+0000.0000000332435916,+0000.0001179982940306,+0000.0207577054653766,+0000.0000009680402409,+0000.0022539539452705
+0000.6581407617646207,+0000.1963650616778545,+0000.0001862702216890,+0000.0001277614059114,+0000.1217157162721229,+0000.0000000344322001,+0000.0001257192806727,+0000.0000000337190350,+0000.0001210866886874,+0000.0208818856131692,+0000.0000009905195975,+0000.0023346784043954
+0000.6544900439609221,+0000.1968358314853340,+0000.0001852052058065,+0000.0001294756126331,+0000.1246823738557020,+0000.0000000349125823,+0000.0001289199658991,+0000.0000000341964539,+0000.0001242199995721,+0000.0210053557503736,+0000.0000010133172335,+0000.0024174917374435
+0000.6508458379385675,+0000.1972604626958563,+0000.0001841418499418,+0000.0001311960401948,+0000.1276871511416041,+0000.0000000353948600,+0000.0001321650647919,+0000.0000000346758163,+0000.0001273980256600,+0000.0211281169836681,+0000.0000010364344444,+0000.0025024237545502
+0000.6472085900747588,+0000.1976387681033543,+0000.0001830802837502,+0000.0001329225800667,+0000.1307297585519221,+0000.0000000358790014,+0000.0001354543266769,+0000.0000000351570904,+0000.0001306205460668,+0000.0212501705061683,+0000.0000010598725046,+0000.0025895041185947
+0000.6435787423630978,+0000.1979705826212517,+0000.0001820206356573,+0000.0001346551244443,+0000.1338098888881823,+0000.0000000363649753,+0000.0001387874809000,+0000.0000000356402443,+0000.0001338873200001,+0000.0213715175966065,+0000.0000010836326675,+0000.0026787623319281
+0000.6399567323503134,+0000.1982557633477297,+0000.0001809630328387,+0000.0001363935662683,+0000.1369272173435445,+0000.0000000368527503,+0000.0001421642368025,+0000.0000000361252467,+0000.0001371980867210,+0000.0214921596184989,+0000.0000011077161653,+0000.0027702277230754
+0000.6363429930751585,+0000.1984941896202934,+0000.0001799076012013,+0000.0001381377992446,+0000.1400814015235445,+0000.0000000373422954,+0000.0001455842837071,+0000.0000000366120662,+0000.0001405525655155,+0000.0216120980192998,+0000.0000011321242094,+0000.0028639294334191
+0000.6327379530094854,+0000.1986857630596184,+0000.0001788544653646,+0000.0001398877178638,+0000.1432720814753816,+0000.0000000378335797,+0000.0001490472909128,+0000.0000000371006716,+0000.0001439504556744,+0000.0217313343295428,+0000.0000011568579905,+0000.0029598964038687
+0000.6291420360015114,+0000.1988304076026668,+0000.0001778037486429,+0000.0001416432174200,+0000.1464988797257493,+0000.0000000383265726,+0000.0001525529076998,+0000.0000000375910320,+0000.0001473914364846,+0000.0218498701619714,+0000.0000011819186785,+0000.0030581573615251
+0000.6255556612212800,+0000.1989280695250578,+0000.0001767555730276,+0000.0001434041940303,+0000.1497614013272024,+0000.0000000388212438,+0000.0001561007633438,+0000.0000000380831167,+0000.0001508751672283,+0000.0219677072106565,+0000.0000012073074230,+0000.0031587408063439
+0000.6219792431083266,+0000.1989787174526952,+0000.0001757100591713,+0000.0001451705446534,+0000.1530592339130523,+0000.0000000393175628,+0000.0001596904671407,+0000.0000000385768952,+0000.0001544012871932,+0000.0220848472501040,+0000.0000012330253531,+0000.0032616749978061
