+0001.0000000000000000,+0000.0000000000000000,+0000.0000000000000000,+0000.0000000000000000,+0000.0000000000000000
+0000.9999989758939557,+0000.0000009638282257,+0000.0000000602392641,+0000.0000000000362863,+0000.0000000000022679
+0000.9999959033872490,+0000.0000038553089537,+0000.0000002409568096,+0000.0000000003265768,+0000.0000000000204110
+0000.9999907820298227,+0000.0000086744303314,+0000.0000005421518957,+0000.0000000013063059,+0000.0000000000816441
+0000.9999836111487107,+0000.0000154211725912,+0000.0000009638232870,+0000.0000000036286224,+0000.0000000002267889
+0000.9999743898480561,+0000.0000240955080311,+0000.0000015059692519,+0000.0000000081643864,+0000.0000000005102742
+0000.9999631170091487,+0000.0000346974009896,+0000.0000021685875618,+0000.0000000160021645,+0000.0000000010001353
+0000.9999497912904608,+0000.0000472268078130,+0000.0000029516754883,+0000.0000000284482241,+0000.0000000017780140
+0000.9999344111276967,+0000.0000616836768173,+0000.0000038552298011,+0000.0000000470265268,+0000.0000000029391579
+0000.9999169747338525,+0000.0000780679482418,+0000.0000048792467651,+0000.0000000734787203,+0000.0000000045924200
+0000.9998974800992774,+0000.0000963795541980,+0000.0000060237221374,+0000.0000001097641292,+0000.0000000068602581
+0000.9998759249917486,+0000.0001166184186099,+0000.0000072886511631,+0000.0000001580597444,+0000.0000000098787340
+0000.9998523069565546,+0000.0001387844571490,+0000.0000086740285718,+0000.0000002207602116,+0000.0000000137975132
+0000.9998266233165836,+0000.0001628775771622,+0000.0000101798485726,+0000.0000003004778180,+0000.0000000187798636
+0000.9997988711724246,+0000.0001888976775931,+0000.0000118061048496,+0000.0000004000424781,+0000.0000000250026549
+0000.9997690474024723,+0000.0002168446488964,+0000.0000135527905560,+0000.0000005225017178,+0000.0000000326563574
+0000.9997371486630465,+0000.0002467183729462,+0000.0000154198983091,+0000.0000006711206572,+0000.0000000419450411
+0000.9997031713885129,+0000.0002785187229372,+0000.0000174074201836,+0000.0000008493819918,+0000.0000000530863745
+0000.9996671117914199,+0000.0003122455632794,+0000.0000195153477050,+0000.0000010609859725,+0000.0000000663116233
+0000.9996289658626384,+0000.0003478987494862,+0000.0000217436718429,+0000.0000013098503835,+0000.0000000818656490
+0000.9995887293715141,+0000.0003854781280560,+0000.0000240923830035,+0000.0000016001105189,+0000.0000001000069074
+0000.9995463978660266,+0000.0004249835363470,+0000.0000265614710217,+0000.0000019361191575,+0000.0000001210074473
+0000.9995019666729579,+0000.0004664148024451,+0000.0000291509251528,+0000.0000023224465357,+0000.0000001451529085
+0000.9994554308980709,+0000.0005097717450262,+0000.0000318607340641,+0000.0000027638803188,+0000.0000001727425199
+0000.9994067854262954,+0000.0005550541732106,+0000.0000346908858257,+0000.0000032654255703,+0000.0000002040890981
+0000.9993560249219244,+0000.0006022618864114,+0000.0000376413679007,+0000.0000038323047185,+0000.0000002395190449
+0000.9993031438288196,+0000.0006513946741768,+0000.0000407121671361,+0000.0000044699575226,+0000.0000002793723452
+0000.9992481363706243,+0000.0007024523160249,+0000.0000439032697516,+0000.0000051840410347,+0000.0000003240025647
+0000.9991909965509894,+0000.0007554345812723,+0000.0000472146613295,+0000.0000059804295612,+0000.0000003737768476
+0000.9991317181538051,+0000.0008103412288565,+0000.0000506463268035,+0000.0000068652146208,+0000.0000004290759138
+0000.9990702947434453,+0000.0008671720071507,+0000.0000541982504469,+0000.0000078447049005,+0000.0000004902940563
+0000.9990067196650189,+0000.0009259266537734,+0000.0000578704158608,+0000.0000089254262088,+0000.0000005578391381
+0000.9989409860446321,+0000.0009866048953902,+0000.0000616628059619,+0000.0000101141214268,+0000.0000006321325892
+0000.9988730867896619,+0000.0010492064475098,+0000.0000655754029694,+0000.0000114177504556,+0000.0000007136094035
+0000.9988030145890373,+0000.0011137310142733,+0000.0000696081883921,+0000.0000128434901620,+0000.0000008027181351
+0000.9987307619135334,+0000.0011801782882364,+0000.0000737611430148,+0000.0000143987343204,+0000.0000008999208950
+0000.9986563210160715,+0000.0012485479501462,+0000.0000780342468841,+0000.0000160910935515,+0000.0000010056933470
+0000.9985796839320328,+0000.0013188396687103,+0000.0000824274792944,+0000.0000179283952589,+0000.0000011205247037
+0000.9985008424795841,+0000.0013910531003599,+0000.0000869408187725,+0000.0000199186835609,+0000.0000012449177226
+0000.9984197882600089,+0000.0014651878890069,+0000.0000915742430629,+0000.0000220702192200,+0000.0000013793887012
+0000.9983365126580530,+0000.0015412436657935,+0000.0000963277291121,+0000.0000243914795684,+0000.0000015244674730
+0000.9982510068422804,+0000.0016192200488357,+0000.0001012012530522,+0000.0000268911584295,+0000.0000016806974018
+0000.9981632617654408,+0000.0016991166429610,+0000.0001061947901851,+0000.0000295781660360,+0000.0000018486353773
+0000.9980732681648432,+0000.0017809330394386,+0000.0001113083149649,+0000.0000324616289440,+0000.0000020288518090
+0000.9979810165627507,+0000.0018646688157037,+0000.0001165418009815,+0000.0000355508899426,+0000.0000022219306214
+0000.9978864972667756,+0000.0019503235350754,+0000.0001218952209422,+0000.0000388555079594,+0000.0000024284692475
+0000.9977897003702936,+0000.0020378967464679,+0000.0001273685466542,+0000.0000423852579617,+0000.0000026490786226
+0000.9976906157528671,+0000.0021273879840954,+0000.0001329617490060,+0000.0000461501308533,+0000.0000028843831783
+0000.9975892330806801,+0000.0022187967671708,+0000.0001386747979482,+0000.0000501603333656,+0000.0000031350208354
+0000.9974855418069859,+0000.0023121225995975,+0000.0001445076624748,+0000.0000544262879454,+0000.0000034016429966
+0000.9973795311725651,+0000.0024073649696556,+0000.0001504603106035,+0000.0000589586326360,+0000.0000036849145397
+0000.9972711902062004,+0000.0025045233496810,+0000.0001565327093551,+0000.0000637682209541,+0000.0000039855138096
+0000.9971605077251573,+0000.0026035971957382,+0000.0001627248247336,+0000.0000688661217610,+0000.0000043041326101
+0000.9970474723356825,+0000.0027045859472878,+0000.0001690366217055,+0000.0000742636191285,+0000.0000046414761955
+0000.9969320724335151,+0000.0028074890268461,+0000.0001754680641779,+0000.0000799722121983,+0000.0000049982632624
+0000.9968142962044070,+0000.0029123058396396,+0000.0001820191149775,+0000.0000860036150364,+0000.0000053752259398
+0000.9966941316246576,+0000.0030190357732528,+0000.0001886897358283,+0000.0000923697564811,+0000.0000057731097801
+0000.9965715664616681,+0000.0031276781972697,+0000.0001954798873294,+0000.0000990827799839,+0000.0000061926737490
+0000.9964465882744979,+0000.0032382324629094,+0000.0002023895289318,+0000.0001061550434455,+0000.0000066346902153
+0000.9963191844144454,+0000.0033506979026547,+0000.0002094186189159,+0000.0001135991190438,+0000.0000070999449402
+0000.9961893420256361,+0000.0034650738298756,+0000.0002165671143672,+0000.0001214277930552,+0000.0000075892370660
+0000.9960570480456270,+0000.0035813595384458,+0000.0002238349711529,+0000.0001296540656700,+0000.0000081033791044
+0000.9959222892060267,+0000.0036995543023529,+0000.0002312221438971,+0000.0001382911507985,+0000.0000086431969249
+0000.9957850520331260,+0000.0038196573753037,+0000.0002387285859565,+0000.0001473524758719,+0000.0000092095297420
+0000.9956453228485469,+0000.0039416679903219,+0000.0002463542493951,+0000.0001568516816336,+0000.0000098032301021
+0000.9955030877699066,+0000.0040655853593406,+0000.0002540990849588,+0000.0001668026219238,+0000.0000104251638702
+0000.9953583327114910,+0000.0041914086727884,+0000.0002619630420493,+0000.0001772193634555,+0000.0000110762102160
+0000.9952110433849513,+0000.0043191370991697,+0000.0002699460686981,+0000.0001881161855822,+0000.0000117572615989
+0000.9950612053000103,+0000.0044487697846388,+0000.0002780481115399,+0000.0001995075800574,+0000.0000124692237536
+0000.9949088037651874,+0000.0045803058525680,+0000.0002862691157855,+0000.0002114082507849,+0000.0000132130156741
+0000.9947538238885377,+0000.0047137444031102,+0000.0002946090251944,+0000.0002238331135603,+0000.0000139895695975
+0000.9945962505784073,+0000.0048490845127546,+0000.0003030677820472,+0000.0002367972958032,+0000.0000147998309877
+0000.9944360685442073,+0000.0049863252338777,+0000.0003116453271174,+0000.0002503161362802,+0000.0000156447585175
+0000.9942732622972001,+0000.0051254655942877,+0000.0003203415996430,+0000.0002644051848180,+0000.0000165253240511
+0000.9941078161513077,+0000.0052665045967629,+0000.0003291565372977,+0000.0002790802020065,+0000.0000174425126254
+0000.9939397142239306,+0000.0054094412185852,+0000.0003380900761616,+0000.0002943571588919,+0000.0000183973224307
+0000.9937689404367908,+0000.0055542744110668,+0000.0003471421506917,+0000.0003102522366595,+0000.0000193907647912
+0000.9935954785167868,+0000.0057010030990719,+0000.0003563126936920,+0000.0003267818263054,+0000.0000204238641441
+0000.9934193119968679,+0000.0058496261805326,+0000.0003656016362833,+0000.0003439625282977,+0000.0000214976580186
+0000.9932404242169279,+0000.0060001425259585,+0000.0003750089078724,+0000.0003618111522268,+0000.0000226131970142
+0000.9930587983247161,+0000.0061525509779418,+0000.0003845344361214,+0000.0003803447164432,+0000.0000237715447777
+0000.9928744172767630,+0000.0063068503506557,+0000.0003941781469160,+0000.0003995804476851,+0000.0000249737779803
+0000.9926872638393310,+0000.0064630394293483,+0000.0004039399643343,+0000.0004195357806929,+0000.0000262209862933
+0000.9924973205893803,+0000.0066211169698300,+0000.0004138198106144,+0000.0004402283578120,+0000.0000275142723632
+0000.9923045699155515,+0000.0067810816979564,+0000.0004238176061223,+0000.0004616760285834,+0000.0000288547517865
+0000.9921089940191727,+0000.0069429323091047,+0000.0004339332693190,+0000.0004838968493211,+0000.0000302435530826
+0000.9919105749152823,+0000.0071066674676462,+0000.0004441667167279,+0000.0005069090826765,+0000.0000316818176673
+0000.9917092944336727,+0000.0072722858064119,+0000.0004545178629007,+0000.0005307311971902,+0000.0000331706998244
+0000.9915051342199550,+0000.0074397859261542,+0000.0004649866203846,+0000.0005553818668295,+0000.0000347113666768
+0000.9912980757366402,+0000.0076091663950023,+0000.0004755728996876,+0000.0005808799705126,+0000.0000363049981570
+0000.9910881002642478,+0000.0077804257479131,+0000.0004862766092446,+0000.0006072445916186,+0000.0000379527869762
+0000.9908751889024253,+0000.0079535624861168,+0000.0004970976553823,+0000.0006344950174828,+0000.0000396559385927
+0000.9906593225711000,+0000.0081285750765573,+0000.0005080359422848,+0000.0006626507388778,+0000.0000414156711799
+0000.9904404820116419,+0000.0083054619513280,+0000.0005190913719580,+0000.0006917314494797,+0000.0000432332155925
+0000.9902186477880535,+0000.0084842215071018,+0000.0005302638441939,+0000.0007217570453187,+0000.0000451098153324
+0000.9899938002881801,+0000.0086648521045574,+0000.0005415532565348,+0000.0007527476242142,+0000.0000470467265134
+0000.9897659197249435,+0000.0088473520677995,+0000.0005529595042375,+0000.0007847234851947,+0000.0000490452178247
+0000.9895349861375939,+0000.0090317196837753,+0000.0005644824802360,+0000.0008177051279009,+0000.0000511065704938
+0000.9893009793929878,+0000.0092179532016856,+0000.0005761220751053,+0000.0008517132519730,+0000.0000532320782483
+0000.9890638791868872,+0000.0094060508323912,+0000.0005878781770245,+0000.0008867687564206,+0000.0000554230472763
+0000.9888236650452831,+0000.0095960107478156,+0000.0005997506717385,+0000.0009228927389765,+0000.0000576807961860
+0000.9885803163257397,+0000.0097878310803418,+0000.0006117394425214,+0000.0009601064954327,+0000.0000600066559645
+0000.9883338122187625,+0000.0099815099222058,+0000.0006238443701379,+0000.0009984315189589,+0000.0000624019699349
+0000.9880841317491935,+0000.0101770453248852,+0000.0006360653328053,+0000.0010378894994030,+0000.0000648680937127
+0000.9878312537776267,+0000.0103744352984834,+0000.0006484022061552,+0000.0010785023225738,+0000.0000674063951609
+0000.9875751570018469,+0000.0105736778111099,+0000.0006608548631944,+0000.0011202920695048,+0000.0000700182543441
+0000.9873158199582972,+0000.0107747707882559,+0000.0006734231742660,+0000.0011632810156997,+0000.0000727050634812
+0000.9870532210235673,+0000.0109777121121666,+0000.0006861070070104,+0000.0012074916303583,+0000.0000754682268974
+0000.9867873384159092,+0000.0111824996212084,+0000.0006989062263255,+0000.0012529465755830,+0000.0000783091609739
+0000.9865181501967757,+0000.0113891311092333,+0000.0007118206943271,+0000.0012996687055662,+0000.0000812292940979
+0000.9862456342723857,+0000.0115976043249385,+0000.0007248502703087,+0000.0013476810657573,+0000.0000842300666098
+0000.9859697683953166,+0000.0118079169712227,+0000.0007379948107014,+0000.0013970068920088,+0000.0000873129307505
+0000.9856905301661181,+0000.0120200667045386,+0000.0007512541690337,+0000.0014476696097029,+0000.0000904793506064
+0000.9854078970349583,+0000.0122340511342419,+0000.0007646281958901,+0000.0014996928328561,+0000.0000937308020535
+0000.9851218463032893,+0000.0124498678219361,+0000.0007781167388710,+0000.0015531003632036,+0000.0000970687727002
+0000.9848323551255443,+0000.0126675142808154,+0000.0007917196425510,+0000.0016079161892605,+0000.0001004947618288
+0000.9845394005108616,+0000.0128869879750022,+0000.0008054367484376,+0000.0016641644853633,+0000.0001040102803352
+0000.9842429593248316,+0000.0131082863188831,+0000.0008192678949302,+0000.0017218696106870,+0000.0001076168506679
+0000.9839430082912751,+0000.0133314066764408,+0000.0008332129172776,+0000.0017810561082413,+0000.0001113160067651
+0000.9836395239940472,+0000.0135563463605830,+0000.0008472716475364,+0000.0018417487038429,+0000.0001151092939902
+0000.9833324828788695,+0000.0137831026324688,+0000.0008614439145293,+0000.0019039723050658,+0000.0001189982690666
+0000.9830218612551893,+0000.0140116727008319,+0000.0008757295438020,+0000.0019677520001664,+0000.0001229845000104
+0000.9827076352980688,+0000.0142420537213010,+0000.0008901283575813,+0000.0020331130569869,+0000.0001270695660617
+0000.9823897810501026,+0000.0144742427957174,+0000.0009046401747323,+0000.0021000809218330,+0000.0001312550576146
+0000.9820682744233602,+0000.0147082369714508,+0000.0009192648107157,+0000.0021686812183278,+0000.0001355425761455
+0000.9817430912013627,+0000.0149440332407116,+0000.0009340020775445,+0000.0022389397462411,+0000.0001399337341401
+0000.9814142070410850,+0000.0151816285398616,+0000.0009488517837414,+0000.0023108824802937,+0000.0001444301550184
+0000.9810815974749882,+0000.0154210197487224,+0000.0009638137342952,+0000.0023845355689358,+0000.0001490334730585
+0000.9807452379130822,+0000.0156622036898812,+0000.0009788877306176,+0000.0024599253331005,+0000.0001537453333188
+0000.9804051036450162,+0000.0159051771279954,+0000.0009940735704997,+0000.0025370782649308,+0000.0001585673915582
+0000.9800611698422012,+0000.0161499367690946,+0000.0010093710480684,+0000.0026160210264808,+0000.0001635013141551
+0000.9797134115599619,+0000.0163964792598810,+0000.0010247799537426,+0000.0026967804483900,+0000.0001685487780244
+0000.9793618037397183,+0000.0166448011870288,+0000.0010403000741893,+0000.0027793835285305,+0000.0001737114705332
+0000.9790063212111970,+0000.0168948990764811,+0000.0010559311922801,+0000.0028638574306278,+0000.0001789910894142
+0000.9786469386946752,+0000.0171467693927462,+0000.0010716730870466,+0000.0029502294828534,+0000.0001843893426783
+0000.9782836308032559,+0000.0174004085381924,+0000.0010875255336370,+0000.0030385271763902,+0000.0001899079485244
+0000.9779163720451701,+0000.0176558128523413,+0000.0011034883032713,+0000.0031287781639691,+0000.0001955486352481
+0000.9775451368261149,+0000.0179129786111610,+0000.0011195611631976,+0000.0032210102583778,+0000.0002013131411486
+0000.9771698994516205,+0000.0181719020263574,+0000.0011357438766473,+0000.0033152514309411,+0000.0002072032144338
+0000.9767906341294478,+0000.0184325792446657,+0000.0011520362027916,+0000.0034115298099714,+0000.0002132206131232
+0000.9764073149720223,+0000.0186950063471407,+0000.0011684378966963,+0000.0035098736791912,+0000.0002193671049495
+0000.9760199159988929,+0000.0189591793484470,+0000.0011849487092779,+0000.0036103114761247,+0000.0002256444672578
+0000.9756284111392275,+0000.0192250941961487,+0000.0012015683872593,+0000.0037128717904606,+0000.0002320544869038
+0000.9752327742343425,+0000.0194927467699992,+0000.0012182966731250,+0000.0038175833623844,+0000.0002385989601490
+0000.9748329790402563,+0000.0197621328812309,+0000.0012351333050769,+0000.0039244750808806,+0000.0002452796925550
+0000.9744289992302858,+0000.0200332482718449,+0000.0012520780169903,+0000.0040335759820036,+0000.0002520984988752
+0000.9740208083976662,+0000.0203060886139012,+0000.0012691305383688,+0000.0041449152471189,+0000.0002590572029449
+0000.9736083800582092,+0000.0205806495088093,+0000.0012862905943006,+0000.0042585222011114,+0000.0002661576375695
+0000.9731916876529925,+0000.0208569264866196,+0000.0013035579054137,+0000.0043744263105642,+0000.0002734016444103
+0000.9727707045510795,+0000.0211349150053151,+0000.0013209321878322,+0000.0044926571819041,+0000.0002807910738690
+0000.9723454040522779,+0000.0214146104501048,+0000.0013384131531316,+0000.0046132445595159,+0000.0002883277849697
+0000.9719157593899244,+0000.0216960081327172,+0000.0013560005082948,+0000.0047362183238247,+0000.0002960136452390
+0000.9714817437337065,+0000.0219791032906962,+0000.0013736939556685,+0000.0048616084893448,+0000.0003038505305841
+0000.9710433301925182,+0000.0222638910866975,+0000.0013914931929186,+0000.0049894452026971,+0000.0003118403251686
+0000.9706004918173460,+0000.0225503666077875,+0000.0014093979129867,+0000.0051197587405927,+0000.0003199849212870
+0000.9701532016041907,+0000.0228385248647427,+0000.0014274078040464,+0000.0052525795077835,+0000.0003282862192365
+0000.9697014324970217,+0000.0231283607913526,+0000.0014455225494596,+0000.0053879380349799,+0000.0003367461271862
+0000.9692451573907641,+0000.0234198692437236,+0000.0014637418277327,+0000.0055258649767340,+0000.0003453665610459
+0000.9687843491343195,+0000.0237130449995857,+0000.0014820653124741,+0000.0056663911092898,+0000.0003541494443306
+0000.9683189805336241,+0000.0240078827576015,+0000.0015004926723501,+0000.0058095473283991,+0000.0003630967080249
+0000.9678490243547330,+0000.0243043771366782,+0000.0015190235710424,+0000.0059553646471026,+0000.0003722102904439
+0000.9673744533269428,+0000.0246025226752822,+0000.0015376576672052,+0000.0061038741934774,+0000.0003814921370923
+0000.9668952401459502,+0000.0249023138307566,+0000.0015563946144223,+0000.0062551072083494,+0000.0003909442005218
+0000.9664113574770362,+0000.0252037449786422,+0000.0015752340611652,+0000.0064090950429709,+0000.0004005684401857
+0000.9659227779582931,+0000.0255068104120021,+0000.0015941756507501,+0000.0065658691566629,+0000.0004103668222914
+0000.9654294742038787,+0000.0258115043407497,+0000.0016132190212969,+0000.0067254611144233,+0000.0004203413196515
+0000.9649314188073044,+0000.0261178208909801,+0000.0016323638056863,+0000.0068879025844979,+0000.0004304939115311
+0000.9644285843447614,+0000.0264257541043067,+0000.0016516096315192,+0000.0070532253359180,+0000.0004408265834949
+0000.9639209433784737,+0000.0267352979372006,+0000.0016709561210751,+0000.0072214612360003,+0000.0004513413272500
+0000.9634084684600921,+0000.0270464462603355,+0000.0016904028912710,+0000.0073926422478129,+0000.0004620401404883
+0000.9628911321341137,+0000.0273591928579366,+0000.0017099495536211,+0000.0075668004276036,+0000.0004729250267252
+0000.9623689069413386,+0000.0276735314271351,+0000.0017295957141960,+0000.0077439679221934,+0000.0004839979951371
+0000.9618417654223617,+0000.0279894555773264,+0000.0017493409735829,+0000.0079241769663330,+0000.0004952610603958
+0000.9613096801210933,+0000.0283069588295353,+0000.0017691849268460,+0000.0081074598800236,+0000.0005067162425015
+0000.9607726235883154,+0000.0286260346157850,+0000.0017891271634866,+0000.0082938490658005,+0000.0005183655666125
+0000.9602305683852678,+0000.0289466762784728,+0000.0018091672674046,+0000.0084833770059812,+0000.0005302110628738
+0000.9596834870872706,+0000.0292688770697516,+0000.0018293048168595,+0000.0086760762598757,+0000.0005422547662422
+0000.9591313522873792,+0000.0295926301509170,+0000.0018495393844323,+0000.0088719794609612,+0000.0005544987163101
+0000.9585741366000657,+0000.0299179285918014,+0000.0018698705369876,+0000.0090711193140191,+0000.0005669449571262
+0000.9580118126649395,+0000.0302447653701738,+0000.0018902978356359,+0000.0092735285922361,+0000.0005795955370148
+0000.9574443531504964,+0000.0305731333711476,+0000.0019108208356968,+0000.0094792401342674,+0000.0005924525083917
+0000.9568717307579009,+0000.0309030253865941,+0000.0019314390866622,+0000.0096882868412639,+0000.0006055179275790
+0000.9562939182247976,+0000.0312344341145637,+0000.0019521521321603,+0000.0099007016738619,+0000.0006187938546164
+0000.9557108883291578,+0000.0315673521587153,+0000.0019729595099197,+0000.0101165176491360,+0000.0006322823530710
+0000.9551226138931540,+0000.0319017720277519,+0000.0019938607517345,+0000.0103357678375148,+0000.0006459854898447
+0000.9545290677870663,+0000.0322376861348657,+0000.0020148553834291,+0000.0105584853596601,+0000.0006599053349788
+0000.9539302229332203,+0000.0325750867971898,+0000.0020359429248244,+0000.0107847033833086,+0000.0006740439614568
+0000.9533260523099549,+0000.0329139662352596,+0000.0020571228897038,+0000.0110144551200767,+0000.0006884034450048
+0000.9527165289556201,+0000.0332543165724818,+0000.0020783947857801,+0000.0112477738222289,+0000.0007029858638893
+0000.9521016259726023,+0000.0335961298346129,+0000.0020997581146633,+0000.0114846927794084,+0000.0007177932987130
+0000.9514813165313856,+0000.0339393979492464,+0000.0021212123718279,+0000.0117252453153321,+0000.0007328278322083
+0000.9508555738746336,+0000.0342841127453094,+0000.0021427570465819,+0000.0119694647844471,+0000.0007480915490279
+0000.9502243713213084,+0000.0346302659525689,+0000.0021643916220356,+0000.0122173845685524,+0000.0007635865355345
+0000.9495876822708117,+0000.0349778492011476,+0000.0021861155750718,+0000.0124690380733827,+0000.0007793148795864
+0000.9489454802071560,+0000.0353268540210499,+0000.0022079283763156,+0000.0127244587251561,+0000.0007952786703223
+0000.9482977387031675,+0000.0356772718416981,+0000.0022298294901062,+0000.0129836799670854,+0000.0008114799979428
+0000.9476444314247094,+0000.0360290939914792,+0000.0022518183744675,+0000.0132467352558533,+0000.0008279209534908
+0000.9469855321349371,+0000.0363823116973023,+0000.0022738944810814,+0000.0135136580580509,+0000.0008446036286282
+0000.9463210146985794,+0000.0367369160841673,+0000.0022960572552605,+0000.0137844818465812,+0000.0008615301154113
+0000.9456508530862442,+0000.0370928981747444,+0000.0023183061359216,+0000.0140592400970258,+0000.0008787025060641
+0000.9449750213787501,+0000.0374502488889650,+0000.0023406405555603,+0000.0143379662839762,+0000.0008961228927485
+0000.9442934937714844,+0000.0378089590436252,+0000.0023630599402266,+0000.0146206938773305,+0000.0009137933673332
+0000.9436062445787866,+0000.0381690193520003,+0000.0023855637095001,+0000.0149074563385535,+0000.0009317160211596
+0000.9429132482383520,+0000.0385304204234719,+0000.0024081512764670,+0000.0151982871169027,+0000.0009498929448064
+0000.9422144793156637,+0000.0388931527631675,+0000.0024308220476980,+0000.0154932196456196,+0000.0009683262278512
+0000.9415099125084456,+0000.0392572067716128,+0000.0024535754232258,+0000.0157922873380854,+0000.0009870179586303
+0000.9407995226511381,+0000.0396225727443965,+0000.0024764107965248,+0000.0160955235839439,+0000.0010059702239965
+0000.9400832847193969,+0000.0399892408718491,+0000.0024993275544906,+0000.0164029617451891,+0000.0010251851090743
+0000.9393611738346108,+0000.0403572012387347,+0000.0025223250774210,+0000.0167146351522198,+0000.0010446646970137
+0000.9386331652684450,+0000.0407264438239561,+0000.0025454027389973,+0000.0170305770998605,+0000.0010644110687413
+0000.9378992344473998,+0000.0410969585002746,+0000.0025685599062672,+0000.0173508208433493,+0000.0010844263027093
+0000.9371593569573926,+0000.0414687350340431,+0000.0025917959396277,+0000.0176753995942931,+0000.0011047124746433
+0000.9364135085483583,+0000.0418417630849550,+0000.0026151101928097,+0000.0180043465165901,+0000.0011252716572869
+0000.9356616651388658,+0000.0422160322058056,+0000.0026385020128629,+0000.0183376947223205,+0000.0011461059201450
+0000.9349038028207564,+0000.0425915318422709,+0000.0026619707401420,+0000.0186754772676054,+0000.0011672173292254
+0000.9341398978637949,+0000.0429682513326994,+0000.0026855157082938,+0000.0190177271484346,+0000.0011886079467772
+0000.9333699267203421,+0000.0433461799079203,+0000.0027091362442451,+0000.0193644772964631,+0000.0012102798310290
+0000.9325938660300391,+0000.0437253066910679,+0000.0027328316681918,+0000.0197157605747774,+0000.0012322350359236
+0000.9318116926245070,+0000.0441056206974202,+0000.0027566012935888,+0000.0200716097736322,+0000.0012544756108520
+0000.9310233835320626,+0000.0444871108342552,+0000.0027804444271410,+0000.0204320576061564,+0000.0012770036003848
+0000.9302289159824486,+0000.0448697659007226,+0000.0028043603687952,+0000.0207971367040316,+0000.0012998210440020
+0000.9294282674115726,+0000.0452535745877325,+0000.0028283484117333,+0000.0211668796131404,+0000.0013229299758213
+0000.9286214154662616,+0000.0456385254778606,+0000.0028524078423663,+0000.0215413187891874,+0000.0013463324243242
+0000.9278083380090257,+0000.0460246070452709,+0000.0028765379403295,+0000.0219204865932931,+0000.0013700304120808
+0000.9269890131228348,+0000.0464118076556550,+0000.0029007379784785,+0000.0223044152875594,+0000.0013940259554725
+0000.9261634191159005,+0000.0468001155661894,+0000.0029250072228869,+0000.0226931370306100,+0000.0014183210644131
+0000.9253315345264720,+0000.0471895189255107,+0000.0029493449328445,+0000.0230866838731039,+0000.0014429177420690
+0000.9244933381276348,+0000.0475800057737079,+0000.0029737503608568,+0000.0234850877532241,+0000.0014678179845765
+0000.9236488089321203,+0000.0479715640423336,+0000.0029982227526459,+0000.0238883804921412,+0000.0014930237807588
+0000.9227979261971200,+0000.0483641815544337,+0000.0030227613471522,+0000.0242965937894531,+0000.0015185371118408
+0000.9219406694291041,+0000.0487578460245948,+0000.0030473653765372,+0000.0247097592186012,+0000.0015443599511626
+0000.9210770183886449,+0000.0491525450590116,+0000.0030720340661883,+0000.0251279082222637,+0000.0015704942638915
+0000.9202069530952453,+0000.0495482661555723,+0000.0030967666347233,+0000.0255510721077263,+0000.0015969420067329
+0000.9193304538321669,+0000.0499449967039637,+0000.0031215622939978,+0000.0259792820422323,+0000.0016237051276395
+0000.9184475011512607,+0000.0503427239857960,+0000.0031464202491123,+0000.0264125690483112,+0000.0016507855655195
+0000.9175580758778007,+0000.0507414351747473,+0000.0031713396984218,+0000.0268509639990873,+0000.0016781852499430
+0000.9166621591153109,+0000.0511411173367265,+0000.0031963198335455,+0000.0272944976135691,+0000.0017059061008481
+0000.9157597322503979,+0000.0515417574300585,+0000.0032213598393787,+0000.0277432004519199,+0000.0017339500282450
+0000.9148507769575759,+0000.0519433423056882,+0000.0032464588941056,+0000.0281971029107111,+0000.0017623189319195
+0000.9139352752040896,+0000.0523458587074052,+0000.0032716161692129,+0000.0286562352181573,+0000.0017910147011348
+0000.9130132092547353,+0000.0527492932720891,+0000.0032968308295056,+0000.0291206274293363,+0000.0018200392143335
+0000.9120845616766698,+0000.0531536325299761,+0000.0033221020331236,+0000.0295903094213932,+0000.0018493943388371
+0000.9111493153442197,+0000.0535588629049460,+0000.0033474289315592,+0000.0300653108887294,+0000.0018790819305456
+0000.9102074534436779,+0000.0539649707148304,+0000.0033728106696770,+0000.0305456613381786,+0000.0019091038336362
+0000.9092589594780935,+0000.0543719421717427,+0000.0033982463857340,+0000.0310313900841693,+0000.0019394618802606
+0000.9083038172720515,+0000.0547797633824292,+0000.0034237352114019,+0000.0315225262438753,+0000.0019701578902422
+0000.9073420109764399,+0000.0551884203486420,+0000.0034492762717902,+0000.0320190987323556,+0000.0020011936707722
+0000.9063735250732070,+0000.0555978989675338,+0000.0034748686854709,+0000.0325211362576830,+0000.0020325710161052
+0000.9053983443801022,+0000.0560081850320744,+0000.0035005115645047,+0000.0330286673160644,+0000.0020642917072541
+0000.9044164540554058,+0000.0564192642314897,+0000.0035262040144682,+0000.0335417201869520,+0000.0020963575116845
+0000.9034278396026381,+0000.0568311221517227,+0000.0035519451344827,+0000.0340603229281472,+0000.0021287701830092
+0000.9024324868752585,+0000.0572437442759172,+0000.0035777340172449,+0000.0345845033708985,+0000.0021615314606812
+0000.9014303820813386,+0000.0576571159849237,+0000.0036035697490578,+0000.0351142891149929,+0000.0021946430696871
+0000.9004215117882231,+0000.0580712225578284,+0000.0036294514098643,+0000.0356497075238439,+0000.0022281067202403
+0000.8994058629271655,+0000.0584860491725043,+0000.0036553780732816,+0000.0361907857195752,+0000.0022619241074735
+0000.8983834227979438,+0000.0589015809061861,+0000.0036813488066367,+0000.0367375505781022,+0000.0022960969111314
+0000.8973541790734528,+0000.0593178027360676,+0000.0037073626710043,+0000.0372900287242120,+0000.0023306267952633
+0000.8963181198042734,+0000.0597346995399226,+0000.0037334187212452,+0000.0378482465266434,+0000.0023655154079152
+0000.8952752334232150,+0000.0601522560967483,+0000.0037595160060468,+0000.0384122300931669,+0000.0024007643808230
+0000.8942255087498311,+0000.0605704570874329,+0000.0037856535679646,+0000.0389820052656669,+0000.0024363753291042
+0000.8931689349949092,+0000.0609892870954466,+0000.0038118304434655,+0000.0395575976152269,+0000.0024723498509517
+0000.8921055017649282,+0000.0614087306075551,+0000.0038380456629723,+0000.0401390324372182,+0000.0025086895273262
+0000.8910351990664888,+0000.0618287720145580,+0000.0038642982509100,+0000.0407263347463937,+0000.0025453959216496
+0000.8899580173107087,+0000.0622493956120502,+0000.0038905872257532,+0000.0413195292719886,+0000.0025824705794993
+0000.8888739473175881,+0000.0626705856012067,+0000.0039169116000755,+0000.0419186404528279,+0000.0026199150283018
+0000.8877829803203390,+0000.0630923260895922,+0000.0039432703805996,+0000.0425236924324418,+0000.0026577307770276
+0000.8866851079696774,+0000.0635146010919936,+0000.0039696625682497,+0000.0431347090541923,+0000.0026959193158871
+0000.8855803223380834,+0000.0639373945312767,+0000.0039960871582049,+0000.0437517138564094,+0000.0027344821160256
+0000.8844686159240179,+0000.0643606902392671,+0000.0040225431399543,+0000.0443747300675395,+0000.0027734206292213
+0000.8833499816561026,+0000.0647844719576545,+0000.0040490294973535,+0000.0450037806013075,+0000.0028127362875818
+0000.8822244128972592,+0000.0652087233389217,+0000.0040755452086827,+0000.0456388880518932,+0000.0028524305032434
+0000.8810919034488039,+0000.0656334279472967,+0000.0041020892467061,+0000.0462800746891227,+0000.0028925046680702
+0000.8799524475545040,+0000.0660585692597298,+0000.0041286605787332,+0000.0469273624536780,+0000.0029329601533549
+0000.8788060399045818,+0000.0664841306668939,+0000.0041552581666810,+0000.0475807729523231,+0000.0029737983095202
+0000.8776526756396800,+0000.0669100954742091,+0000.0041818809671382,+0000.0482403274531508,+0000.0030150204658220
+0000.8764923503547754,+0000.0673364469028914,+0000.0042085279314308,+0000.0489060468808495,+0000.0030566279300531
+0000.8753250601030441,+0000.0677631680910252,+0000.0042351980056892,+0000.0495779518119920,+0000.0030986219882495
+0000.8741508013996799,+0000.0681902420946600,+0000.0042618901309164,+0000.0502560624703471,+0000.0031410039043967
+0000.8729695712256562,+0000.0686176518889304,+0000.0042886032430583,+0000.0509403987222165,+0000.0031837749201386
+0000.8717813670314403,+0000.0690453803692007,+0000.0043153362730752,+0000.0516309800717965,+0000.0032269362544873
+0000.8705861867406499,+0000.0694734103522330,+0000.0043420881470147,+0000.0523278256565668,+0000.0032704891035355
+0000.8693840287536574,+0000.0699017245773789,+0000.0043688577860863,+0000.0530309542427083,+0000.0033144346401693
+0000.8681748919511341,+0000.0703303057077946,+0000.0043956441067373,+0000.0537403842205495,+0000.0033587740137844
+0000.8669587756975414,+0000.0707591363316808,+0000.0044224460207302,+0000.0544561336000446,+0000.0034035083500028
+0000.8657356798445577,+0000.0711881989635449,+0000.0044492624352217,+0000.0551782200062833,+0000.0034486387503928
+0000.8645056047344465,+0000.0716174760454865,+0000.0044760922528430,+0000.0559066606750342,+0000.0034941662921897
+0000.8632685512033671,+0000.0720469499485079,+0000.0045029343717819,+0000.0566414724483231,+0000.0035400920280202
+0000.8620245205846138,+0000.0724766029738457,+0000.0045297876858655,+0000.0573826717700471,+0000.0035864169856280
+0000.8607735147117990,+0000.0729064173543269,+0000.0045566510846455,+0000.0581302746816271,+0000.0036331421676018
+0000.8595155359219646,+0000.0733363752557473,+0000.0045835234534843,+0000.0588842968176977,+0000.0036802685511062
+0000.8582505870586317,+0000.0737664587782732,+0000.0046104036736422,+0000.0596447534018379,+0000.0037277970876149
+0000.8569786714747772,+0000.0741966499578653,+0000.0046372906223667,+0000.0604116592423439,+0000.0037757287026466
+0000.8556997930357455,+0000.0746269307677256,+0000.0046641831729830,+0000.0611850287280430,+0000.0038240642955028
+0000.8544139561220856,+0000.0750572831197662,+0000.0046910801949855,+0000.0619648758241532,+0000.0038728047390096
+0000.8531211656323199,+0000.0754876888661004,+0000.0047179805541314,+0000.0627512140681869,+0000.0039219508792617
+0000.8518214269856371,+0000.0759181298005566,+0000.0047448831125349,+0000.0635440565659022,+0000.0039715035353690
+0000.8505147461245153,+0000.0763485876602129,+0000.0047717867287634,+0000.0643434159873020,+0000.0040214634992064
+0000.8492011295172619,+0000.0767790441269537,+0000.0047986902579347,+0000.0651493045626817,+0000.0040718315351677
+0000.8478805841604867,+0000.0772094808290483,+0000.0048255925518156,+0000.0659617340787289,+0000.0041226083799206
+0000.8465531175814870,+0000.0776398793427499,+0000.0048524924589220,+0000.0667807158746736,+0000.0041737947421672
+0000.8452187378405650,+0000.0780702211939162,+0000.0048793888246199,+0000.0676062608384930,+0000.0042253913024059
+0000.8438774535332534,+0000.0785004878596505,+0000.0049062804912283,+0000.0684383794031694,+0000.0042773987126982
+0000.8425292737924702,+0000.0789306607699632,+0000.0049331662981228,+0000.0692770815430058,+0000.0043298175964379
+0000.8411742082905839,+0000.0793607213094539,+0000.0049600450818410,+0000.0701223767699964,+0000.0043826485481249
+0000.8398122672413992,+0000.0797906508190132,+0000.0049869156761885,+0000.0709742741302578,+0000.0044358921331412
+0000.8384434614020582,+0000.0802204305975447,+0000.0050137769123467,+0000.0718327822005180,+0000.0044895488875325
+0000.8370678020748532,+0000.0806500419037057,+0000.0050406276189818,+0000.0726979090846673,+0000.0045436193177918
+0000.8356853011089578,+0000.0810794659576680,+0000.0050674666223544,+0000.0735696624103717,+0000.0045981039006483
+0000.8342959709020640,+0000.0815086839428968,+0000.0050942927464312,+0000.0744480493257487,+0000.0046530030828594
+0000.8328998244019388,+0000.0819376770079488,+0000.0051211048129969,+0000.0753330764961086,+0000.0047083172810069
+0000.8314968751078844,+0000.0823664262682882,+0000.0051479016417682,+0000.0762247501007615,+0000.0047640468812977
+0000.8300871370721113,+0000.0827949128081209,+0000.0051746820505077,+0000.0771230758298917,+0000.0048201922393683
+0000.8286706249010196,+0000.0832231176822462,+0000.0052014448551405,+0000.0780280588814997,+0000.0048767536800938
+0000.8272473537563880,+0000.0836510219179259,+0000.0052281888698705,+0000.0789397039584144,+0000.0049337314974010
+0000.8258173393564689,+0000.0840786065167702,+0000.0052549129072983,+0000.0798580152653762,+0000.0049911259540861
+0000.8243805979769915,+0000.0845058524566403,+0000.0052816157785402,+0000.0807829965061909,+0000.0050489372816370
+0000.8229371464520664,+0000.0849327406935675,+0000.0053082962933481,+0000.0817146508809579,+0000.0051071656800600
+0000.8214870021749989,+0000.0853592521636880,+0000.0053349532602307,+0000.0826529810833716,+0000.0051658113177108
+0000.8200301830990024,+0000.0857853677851926,+0000.0053615854865747,+0000.0835979892980988,+0000.0052248743311313
+0000.8185667077378166,+0000.0862110684602932,+0000.0053881917787685,+0000.0845496771982319,+0000.0052843548248896
+0000.8170965951662270,+0000.0866363350772016,+0000.0054147709423253,+0000.0855080459428200,+0000.0053442528714263
+0000.8156198650204838,+0000.0870611485121249,+0000.0054413217820080,+0000.0864730961744782,+0000.0054045685109050
+0000.8141365374986270,+0000.0874854896312739,+0000.0054678431019548,+0000.0874448280170770,+0000.0054653017510674
+0000.8126466333607039,+0000.0879093392928844,+0000.0054943337058054,+0000.0884232410735118,+0000.0055264525670946
+0000.8111501739288920,+0000.0883326783492528,+0000.0055207923968285,+0000.0894083344235544,+0000.0055880209014723
+0000.8096471810875182,+0000.0887554876487836,+0000.0055472179780491,+0000.0904001066217872,+0000.0056500066638618
+0000.8081376772829754,+0000.0891777480380491,+0000.0055736092523782,+0000.0913985556956206,+0000.0057124097309764
+0000.8066216855235391,+0000.0895994403638615,+0000.0055999650227415,+0000.0924036791433955,+0000.0057752299464623
+0000.8050992293790780,+0000.0900205454753555,+0000.0056262840922099,+0000.0934154739325712,+0000.0058384671207858
+0000.8035703329806627,+0000.0904410442260824,+0000.0056525652641303,+0000.0944339364979994,+0000.0059021210311251
+0000.8020350210200740,+0000.0908609174761149,+0000.0056788073422574,+0000.0954590627402862,+0000.0059661914212680
+0000.8004933187491978,+0000.0912801460941603,+0000.0057050091308852,+0000.0964908480242413,+0000.0060306780015152
+0000.7989452519793276,+0000.0916987109596854,+0000.0057311694349805,+0000.0975292871774179,+0000.0060955804485887
+0000.7973908470803494,+0000.0921165929650486,+0000.0057572870603157,+0000.0985743744887400,+0000.0061608984055464
+0000.7958301309798312,+0000.0925337730176411,+0000.0057833608136027,+0000.0996261037072232,+0000.0062266314817016
+0000.7942631311620021,+0000.0929502320420368,+0000.0058093895026275,+0000.1006844680407846,+0000.0062927792525492
+0000.7926898756666243,+0000.0933659509821482,+0000.0058353719363844,+0000.1017494601551464,+0000.0063593412596968
+0000.7911103930877631,+0000.0937809108033909,+0000.0058613069252121,+0000.1028210721728316,+0000.0064263170108021
+0000.7895247125724487,+0000.0941950924948535,+0000.0058871932809285,+0000.1038992956722535,+0000.0064937059795160
+0000.7879328638192276,+0000.0946084770714742,+0000.0059130298169673,+0000.1049841216868996,+0000.0065615076054313
+0000.7863348770766151,+0000.0950210455762222,+0000.0059388153485141,+0000.1060755407046106,+0000.0066297212940383
+0000.7847307831414336,+0000.0954327790822843,+0000.0059645486926430,+0000.1071735426669541,+0000.0066983464166848
+0000.7831206133570503,+0000.0958436586952565,+0000.0059902286684537,+0000.1082781169686959,+0000.0067673823105436
+0000.7815043996115012,+0000.0962536655553386,+0000.0060158540972089,+0000.1093892524573659,+0000.0068368282785855
+0000.7798821743355153,+0000.0966627808395324,+0000.0060414238024710,+0000.1105069374329234,+0000.0069066835895578
+0000.7782539705004281,+0000.0970709857638431,+0000.0060669366102404,+0000.1116311596475183,+0000.0069769474779700
+0000.7766198216159882,+0000.0974782615854826,+0000.0060923913490929,+0000.1127619063053516,+0000.0070476191440846
