+0001.0000000000000000,+0000.0000000000000000,+0000.0000000000000000,+0000.0000000000000000,+0000.0000000000000000,+0000.0000000000000000,+0000.0000000000000000,+0000.0000000000000000,+0000.0000000000000000,+0000.0000000000000000,+0000.0000000000000000,+0000.0000000000000000
+0000.9999518095883029,+0000.0000240945526884,+0000.0000000000002410,+0000.0000000001451485,+0000.0000000005805801,+0000.0000000000000000,+0000.0000000000000000,+0000.0000000000000000,+0000.0000000000000000,+0000.0000240951330320,+0000.0000000000000004,+0000.0000000000000062
+0000.9998554319290189,+0000.0000963654386736,+0000.0000000000002410,+0000.0000000005806776,+0000.0000000092883492,+0000.0000000000000000,+0000.0000000000000000,+0000.0000000000000000,+0000.0000000000000000,+0000.0000481927627211,+0000.0000000000000066,+0000.0000000000003109
+0000.9997108886755609,+0000.0002167760903172,+0000.0000000000002409,+0000.0000000013065172,+0000.0000000470156583,+0000.0000000000000000,+0000.0000000000000000,+0000.0000000000000000,+0000.0000000000000000,+0000.0000722869091232,+0000.0000000000000257,+0000.0000000000025552
+0000.9995182059445800,+0000.0003852667442286,+0000.0000000000002409,+0000.0000000023225695,+0000.0000001485658454,+0000.0000000000000000,+0000.0000000000000000,+0000.0000000000000000,+0000.0000000000000000,+0000.0000963764114039,+0000.0000000000000645,+0000.0000000000110651
+0000.9992774191257853,+0000.0006017544714617,+0000.0000000000002408,+0000.0000000036287085,+0000.0000003626294722,+0000.0000000000000000,+0000.0000000000000000,+0000.0000000000000000,+0000.0000000000000000,+0000.0001204601100075,+0000.0000000000001302,+0000.0000000000341913
+0000.9989885728716335,+0000.0008661332188712,+0000.0000000000002408,+0000.0000000052247805,+0000.0000007517521959,+0000.0000000000000000,+0000.0000000000000000,+0000.0000000000000000,+0000.0000000000000000,+0000.0001445368463991,+0000.0000000000002297,+0000.0000000000856464
+0000.9986517210837562,+0000.0011782738616098,+0000.0000000000002407,+0000.0000000071106037,+0000.0000013922942906,+0000.0000000000000000,+0000.0000000000000000,+0000.0000000000000000,+0000.0000000000000000,+0000.0001686054632867,+0000.0000000000003700,+0000.0000000001858389
+0000.9982669268966012,+0000.0015380242667393,+0000.0000000000002406,+0000.0000000092859686,+0000.0000023743818407,+0000.0000000000000000,+0000.0000000000000000,+0000.0000000000000000,+0000.0000000000000000,+0000.0001926648048448,+0000.0000000000005581,+0000.0000000003632027
+0000.9978342626583037,+0000.0019452093679233,+0000.0000000000002405,+0000.0000000117506378,+0000.0000038018496323,+0000.0000000000000000,+0000.0000000000000000,+0000.0000000000000000,+0000.0000000000000000,+0000.0002167137169360,+0000.0000000000008009,+0000.0000000006555214
+0000.9973538099087862,+0000.0023996312511658,+0000.0000000000002404,+0000.0000000145043463,+0000.0000057921757717,+0000.0000000000000000,+0000.0000000000000000,+0000.0000000000000000,+0000.0000000000000000,+0000.0002407510473328,+0000.0000000000011054,+0000.0000000011112468
+0000.9968256593551055,+0000.0029010692515540,+0000.0000000000002402,+0000.0000000175468013,+0000.0000084764080658,+0000.0000000000000000,+0000.0000000000000000,+0000.0000000000000000,+0000.0000000000000000,+0000.0002647756459387,+0000.0000000000014786,+0000.0000000017908109
+0000.9962499108440486,+0000.0034492800609555,+0000.0000000000002401,+0000.0000000208776823,+0000.0000119990822017,+0000.0000000000000000,+0000.0000000000000000,+0000.0000000000000000,+0000.0000000000000000,+0000.0002887863650090,+0000.0000000000019275,+0000.0000000027679299
+0000.9956266733319943,+0000.0040439978466198,+0000.0000000000002400,+0000.0000000244966415,+0000.0000165181317690,+0000.0000000000000000,+0000.0000000000000000,+0000.0000000000000000,+0000.0000000000000000,+0000.0003127820593699,+0000.0000000000024590,+0000.0000000041309006
+0000.9949560648520508,+0000.0046849343806246,+0000.0000000000002398,+0000.0000000284033033,+0000.0000222047901699,+0000.0000000000000000,+0000.0000000000000000,+0000.0000000000000000,+0000.0000000000000000,+0000.0003367615866384,+0000.0000000000030800,+0000.0000000059838871
+0000.9942382124784814,+0000.0053717791801040,+0000.0000000000002396,+0000.0000000325972651,+0000.0000292434844687,+0000.0000000000000000,+0000.0000000000000000,+0000.0000000000000000,+0000.0000000000000000,+0000.0003607238074395,+0000.0000000000037974,+0000.0000000084481979
+0000.9934732522884361,+0000.0061041996581905,+0000.0000000000002394,+0000.0000000370780967,+0000.0000378317212355,+0000.0000000000000000,+0000.0000000000000000,+0000.0000000000000000,+0000.0000000000000000,+0000.0003846675856243,+0000.0000000000046182,+0000.0000000116635524
+0000.9926613293210027,+0000.0068818412855970,+0000.0000000000002392,+0000.0000000418453408,+0000.0000481799644416,+0000.0000000000000000,+0000.0000000000000000,+0000.0000000000000000,+0000.0000000000000000,+0000.0004085917884857,+0000.0000000000055494,+0000.0000000157893364
+0000.9918025975335933,+0000.0077043277627598,+0000.0000000000002390,+0000.0000000468985132,+0000.0000605115054709,+0000.0000000000000000,+0000.0000000000000001,+0000.0000000000000000,+0000.0000000000000001,+0000.0004324952869739,+0000.0000000000065977,+0000.0000000210058444
+0000.9908972197556877,+0000.0085712612024597,+0000.0000000000002388,+0000.0000000522371024,+0000.0000750623253124,+0000.0000000000000000,+0000.0000000000000001,+0000.0000000000000000,+0000.0000000000000001,+0000.0004563769559107,+0000.0000000000077701,+0000.0000000275155102
+0000.9899453676399460,+0000.0094822223228318,+0000.0000000000002386,+0000.0000000578605704,+0000.0000920809490061,+0000.0000000000000000,+0000.0000000000000001,+0000.0000000000000000,+0000.0000000000000001,+0000.0004802356742020,+0000.0000000000090734,+0000.0000000355441230
+0000.9889472216107205,+0000.0104367706506697,+0000.0000000000002383,+0000.0000000637683522,+0000.0001118282924158,+0000.0000000000000000,+0000.0000000000000001,+0000.0000000000000000,+0000.0000000000000001,+0000.0005040703250503,+0000.0000000000105146,+0000.0000000453420295
+0000.9879029708099758,+0000.0114344447349270,+0000.0000000000002381,+0000.0000000699598564,+0000.0001345775014075,+0000.0000000000000000,+0000.0000000000000001,+0000.0000000000000000,+0000.0000000000000001,+0000.0005278797961646,+0000.0000000000121004,+0000.0000000571853206
+0000.9868128130406502,+0000.0124747623703104,+0000.0000000000002378,+0000.0000000764344651,+0000.0001606137835164,+0000.0000000000000000,+0000.0000000000000001,+0000.0000000000000000,+0000.0000000000000001,+0000.0005516629799698,+0000.0000000000138377,+0000.0000000713770027
+0000.9856769547074736,+0000.0135572208308574,+0000.0000000000002376,+0000.0000000831915339,+0000.0001902342321876,+0000.0000000000000000,+0000.0000000000000002,+0000.0000000000000000,+0000.0000000000000002,+0000.0005754187738144,+0000.0000000000157333,+0000.0000000882481517
+0000.9844956107552717,+0000.0146812971133844,+0000.0000000000002373,+0000.0000000902303926,+0000.0002237476436817,+0000.0000000000000000,+0000.0000000000000002,+0000.0000000000000000,+0000.0000000000000002,+0000.0005991460801768,+0000.0000000000177940,+0000.0000001081590503
+0000.9832690046047770,+0000.0158464481906883,+0000.0000000000002370,+0000.0000000975503447,+0000.0002614743267372,+0000.0000000000000000,+0000.0000000000000002,+0000.0000000000000000,+0000.0000000000000002,+0000.0006228438068701,+0000.0000000000200267,+0000.0000001315003072
+0000.9819973680859764,+0000.0170521112743769,+0000.0000000000002367,+0000.0000001051506680,+0000.0003037459050896,+0000.0000000000000000,+0000.0000000000000003,+0000.0000000000000000,+0000.0000000000000003,+0000.0006465108672449,+0000.0000000000224380,+0000.0000001586939574
+0000.9806809413690197,+0000.0182977040872025,+0000.0000000000002364,+0000.0000001130306146,+0000.0003509051129448,+0000.0000000000000000,+0000.0000000000000003,+0000.0000000000000000,+0000.0000000000000003,+0000.0006701461803913,+0000.0000000000250347,+0000.0000001901945429
+0000.9793199728927215,+0000.0195826251447663,+0000.0000000000002360,+0000.0000001211894112,+0000.0004033055835152,+0000.0000000000000000,+0000.0000000000000004,+0000.0000000000000000,+0000.0000000000000004,+0000.0006937486713385,+0000.0000000000278236,+0000.0000002264901744
+0000.9779147192906779,+0000.0209062540464566,+0000.0000000000002357,+0000.0000001296262591,+0000.0004613116307225,+0000.0000000000000000,+0000.0000000000000004,+0000.0000000000000000,+0000.0000000000000004,+0000.0007173172712526,+0000.0000000000308113,+0000.0000002681035707
+0000.9764654453150370,+0000.0222679517754798,+0000.0000000000002353,+0000.0000001383403344,+0000.0005252980241828,+0000.0000000000000000,+0000.0000000000000005,+0000.0000000000000000,+0000.0000000000000005,+0000.0007408509176332,+0000.0000000000340046,+0000.0000003155930784
+0000.9749724237579499,+0000.0236670610078407,+0000.0000000000002350,+0000.0000001473307884,+0000.0005956497575853,+0000.0000000000000000,+0000.0000000000000005,+0000.0000000000000000,+0000.0000000000000005,+0000.0007643485545074,+0000.0000000000374101,+0000.0000003695536681
+0000.9734359353707305,+0000.0251029064301199,+0000.0000000000002346,+0000.0000001565967477,+0000.0006727618105854,+0000.0000000000000000,+0000.0000000000000006,+0000.0000000000000000,+0000.0000000000000006,+0000.0007878091326226,+0000.0000000000410345,+0000.0000004306179090
+0000.9718562687807655,+0000.0265747950658962,+0000.0000000000002342,+0000.0000001661373143,+0000.0007570389043330,+0000.0000000000000000,+0000.0000000000000007,+0000.0000000000000000,+0000.0000000000000007,+0000.0008112316096363,+0000.0000000000448845,+0000.0000004994569198
+0000.9702337204061990,+0000.0280820166106562,+0000.0000000000002338,+0000.0000001759515659,+0000.0008488952507609,+0000.0000000000000000,+0000.0000000000000008,+0000.0000000000000000,+0000.0000000000000008,+0000.0008346149503052,+0000.0000000000489666,+0000.0000005767812957
+0000.9685685943684352,+0000.0296238437750281,+0000.0000000000002334,+0000.0000001860385560,+0000.0009487542957607,+0000.0000000000000000,+0000.0000000000000009,+0000.0000000000000000,+0000.0000000000000009,+0000.0008579581266710,+0000.0000000000532874,+0000.0000006633420113
+0000.9668612024024864,+0000.0311995326361737,+0000.0000000000002330,+0000.0000001963973145,+0000.0010570484563789,+0000.0000000000000000,+0000.0000000000000010,+0000.0000000000000000,+0000.0000000000000010,+0000.0008812601182445,+0000.0000000000578535,+0000.0000007599312976
+0000.9651118637652110,+0000.0328083229971701,+0000.0000000000002326,+0000.0000002070268474,+0000.0011742188521661,+0000.0000000000000000,+0000.0000000000000011,+0000.0000000000000000,+0000.0000000000000011,+0000.0009045199121879,+0000.0000000000626714,+0000.0000008673834949
+0000.9633209051414686,+0000.0344494387542054,+0000.0000000000002322,+0000.0000002179261375,+0000.0013007150308174,+0000.0000000000000000,+0000.0000000000000012,+0000.0000000000000000,+0000.0000000000000012,+0000.0009277365034944,+0000.0000000000677476,+0000.0000009865758775
+0000.9614886605482414,+0000.0361220882714124,+0000.0000000000002317,+0000.0000002290941441,+0000.0014369946882429,+0000.0000000000000000,+0000.0000000000000013,+0000.0000000000000000,+0000.0000000000000013,+0000.0009509088951651,+0000.0000000000730887,+0000.0000011184294536
+0000.9596154712367501,+0000.0378254647631577,+0000.0000000000002313,+0000.0000002405298039,+0000.0015835233832132,+0000.0000000000000000,+0000.0000000000000015,+0000.0000000000000000,+0000.0000000000000015,+0000.0009740360983848,+0000.0000000000787011,+0000.0000012639097368
+0000.9577016855926135,+0000.0395587466836032,+0000.0000000000002308,+0000.0000002522320308,+0000.0017407742467242,+0000.0000000000000000,+0000.0000000000000016,+0000.0000000000000000,+0000.0000000000000016,+0000.0009971171326941,+0000.0000000000845913,+0000.0000014240274902
+0000.9557476590340832,+0000.0413210981233501,+0000.0000000000002303,+0000.0000002641997163,+0000.0019092276862297,+0000.0000000000000000,+0000.0000000000000018,+0000.0000000000000000,+0000.0000000000000018,+0000.0010201510261599,+0000.0000000000907656,+0000.0000015998394421
+0000.9537537539084013,+0000.0431116692129743,+0000.0000000000002299,+0000.0000002764317296,+0000.0020893710848950,+0000.0000000000000000,+0000.0000000000000019,+0000.0000000000000000,+0000.0000000000000019,+0000.0010431368155428,+0000.0000000000972305,+0000.0000017924489732
+0000.9517203393863187,+0000.0449295965332588,+0000.0000000000002294,+0000.0000002889269183,+0000.0022816984960214,+0000.0000000000000000,+0000.0000000000000021,+0000.0000000000000000,+0000.0000000000000021,+0000.0010660735464629,+0000.0000000001039922,+0000.0000020030067742
+0000.9496477913548191,+0000.0467740035319240,+0000.0000000000002289,+0000.0000003016841079,+0000.0024867103328022,+0000.0000000000000000,+0000.0000000000000023,+0000.0000000000000000,+0000.0000000000000023,+0000.0010889602735617,+0000.0000000001110573,+0000.0000022327114741
+0000.9475364923080897,+0000.0486440009466552,+0000.0000000000002284,+0000.0000003147021030,+0000.0027049130535654,+0000.0000000000000000,+0000.0000000000000025,+0000.0000000000000000,+0000.0000000000000025,+0000.0011117960606627,+0000.0000000001184318,+0000.0000024828102383
+0000.9453868312367839,+0000.0505386872342228,+0000.0000000000002278,+0000.0000003279796869,+0000.0029368188426660,+0000.0000000000000000,+0000.0000000000000027,+0000.0000000000000000,+0000.0000000000000027,+0000.0011345799809284,+0000.0000000001261223,+0000.0000027545993355
+0000.9431992035156203,+0000.0524571490054884,+0000.0000000000002273,+0000.0000003415156222,+0000.0031829452871901,+0000.0000000000000000,+0000.0000000000000029,+0000.0000000000000000,+0000.0000000000000029,+0000.0011573111170151,+0000.0000000001341347,+0000.0000030494246748
+0000.9409740107893612,+0000.0543984614660852,+0000.0000000000002268,+0000.0000003553086509,+0000.0034438150496370,+0000.0000000000000000,+0000.0000000000000032,+0000.0000000000000000,+0000.0000000000000032,+0000.0011799885612248,+0000.0000000001424755,+0000.0000033686823107
+0000.9387116608572209,+0000.0563616888625628,+0000.0000000000002262,+0000.0000003693574948,+0000.0037199555367461,+0000.0000000000000000,+0000.0000000000000035,+0000.0000000000000000,+0000.0000000000000035,+0000.0012026114156541,+0000.0000000001511508,+0000.0000037138189159
+0000.9364125675557423,+0000.0583458849337773,+0000.0000000000002257,+0000.0000003836608558,+0000.0040118985646387,+0000.0000000000000000,+0000.0000000000000037,+0000.0000000000000000,+0000.0000000000000037,+0000.0012251787923411,+0000.0000000001601666,+0000.0000040863322232
+0000.9340771506401983,+0000.0603500933673128,+0000.0000000000002251,+0000.0000003982174163,+0000.0043201800204456,+0000.0000000000000000,+0000.0000000000000040,+0000.0000000000000000,+0000.0000000000000040,+0000.0012476898134081,+0000.0000000001695293,+0000.0000044877714343
+0000.9317058356645570,+0000.0623733482607106,+0000.0000000000002245,+0000.0000004130258393,+0000.0046453395205943,+0000.0000000000000000,+0000.0000000000000043,+0000.0000000000000000,+0000.0000000000000043,+0000.0012701436112030,+0000.0000000001792448,+0000.0000049197375953
+0000.9292990538600634,+0000.0644146745872851,+0000.0000000000002240,+0000.0000004280847688,+0000.0049879200659310,+0000.0000000000000000,+0000.0000000000000046,+0000.0000000000000000,+0000.0000000000000046,+0000.0012925393284362,+0000.0000000001893191,+0000.0000053838839401
+0000.9268572420124841,+0000.0664730886663021,+0000.0000000000002234,+0000.0000004433928301,+0000.0053484676938527,+0000.0000000000000000,+0000.0000000000000050,+0000.0000000000000000,+0000.0000000000000050,+0000.0013148761183160,+0000.0000000001997585,+0000.0000058819161997
+0000.9243808423380638,+0000.0685475986372912,+0000.0000000000002228,+0000.0000004589486303,+0000.0057275311276304,+0000.0000000000000000,+0000.0000000000000053,+0000.0000000000000000,+0000.0000000000000053,+0000.0013371531446799,+0000.0000000002105687,+0000.0000064155928782
+0000.9218703023582452,+0000.0706372049382646,+0000.0000000000002222,+0000.0000004747507582,+0000.0061256614231002,+0000.0000000000000000,+0000.0000000000000057,+0000.0000000000000000,+0000.0000000000000057,+0000.0013593695821233,+0000.0000000002217558,+0000.0000069867254947
+0000.9193260747731971,+0000.0727409007876106,+0000.0000000000002216,+0000.0000004907977852,+0000.0065434116129061,+0000.0000000000000000,+0000.0000000000000061,+0000.0000000000000000,+0000.0000000000000061,+0000.0013815246161257,+0000.0000000002333258,+0000.0000075971787910
+0000.9167486173342075,+0000.0748576726694309,+0000.0000000000002209,+0000.0000005070882650,+0000.0069813363484756,+0000.0000000000000000,+0000.0000000000000065,+0000.0000000000000000,+0000.0000000000000065,+0000.0014036174431725,+0000.0000000002452844,+0000.0000082488709049
+0000.9141383927149859,+0000.0769865008220854,+0000.0000000000002203,+0000.0000005236207346,+0000.0074399915399124,+0000.0000000000000000,+0000.0000000000000069,+0000.0000000000000000,+0000.0000000000000069,+0000.0014256472708754,+0000.0000000002576376,+0000.0000089437735091
+0000.9114958683819296,+0000.0791263597297111,+0000.0000000000002197,+0000.0000005403937141,+0000.0079199339939909,+0000.0000000000000000,+0000.0000000000000074,+0000.0000000000000000,+0000.0000000000000074,+0000.0014476133180880,+0000.0000000002703912,+0000.0000096839119149
+0000.9088215164634046,+0000.0812762186164760,+0000.0000000000002190,+0000.0000005574057072,+0000.0084217210504396,+0000.0000000000000000,+0000.0000000000000079,+0000.0000000000000000,+0000.0000000000000079,+0000.0014695148150197,+0000.0000000002835509,+0000.0000104713651413
+0000.9061158136180902,+0000.0834350419433317,+0000.0000000000002184,+0000.0000005746552016,+0000.0089459102166984,+0000.0000000000000000,+0000.0000000000000084,+0000.0000000000000000,+0000.0000000000000084,+0000.0014913510033454,+0000.0000000002971225,+0000.0000113082659487
+0000.9033792409024440,+0000.0856017899070231,+0000.0000000000002177,+0000.0000005921406696,+0000.0094930588013397,+0000.0000000000000000,+0000.0000000000000089,+0000.0000000000000000,+0000.0000000000000089,+0000.0015131211363124,+0000.0000000003111118,+0000.0000121968008374
+0000.9006122836373329,+0000.0877754189411164,+0000.0000000000002170,+0000.0000006098605679,+0000.0100637235463406,+0000.0000000000000000,+0000.0000000000000094,+0000.0000000000000000,+0000.0000000000000094,+0000.0015348244788443,+0000.0000000003255243,+0000.0000131392100108
+0000.8978154312738886,+0000.0899548822188026,+0000.0000000000002164,+0000.0000006278133383,+0000.0106584602583967,+0000.0000000000000000,+0000.0000000000000100,+0000.0000000000000000,+0000.0000000000000100,+0000.0015564603076412,+0000.0000000003403658,+0000.0000141377873029
+0000.8949891772586369,+0000.0921391301572350,+0000.0000000000002157,+0000.0000006459974080,+0000.0112778234394658,+0000.0000000000000000,+0000.0000000000000106,+0000.0000000000000000,+0000.0000000000000106,+0000.0015780279112772,+0000.0000000003556418,+0000.0000151948800707
+0000.8921340188979531,+0000.0943271109231565,+0000.0000000000002150,+0000.0000006644111900,+0000.0119223659167334,+0000.0000000000000000,+0000.0000000000000112,+0000.0000000000000000,+0000.0000000000000112,+0000.0015995265902940,+0000.0000000003713579,+0000.0000163128890498
+0000.8892504572218978,+0000.0965177709395741,+0000.0000000000002143,+0000.0000006830530834,+0000.0125926384721912,+0000.0000000000000000,+0000.0000000000000118,+0000.0000000000000000,+0000.0000000000000118,+0000.0016209556572918,+0000.0000000003875196,+0000.0000174942681762
+0000.8863389968474864,+0000.0987100553932361,+0000.0000000000002136,+0000.0000007019214739,+0000.0132891894720172,+0000.0000000000000000,+0000.0000000000000125,+0000.0000000000000000,+0000.0000000000000125,+0000.0016423144370165,+0000.0000000004041325,+0000.0000187415243701
+0000.8834001458414465,+0000.1009029087426668,+0000.0000000000002129,+0000.0000007210147340,+0000.0140125644959524,+0000.0000000000000000,+0000.0000000000000132,+0000.0000000000000000,+0000.0000000000000132,+0000.0016636022664440,+0000.0000000004212018,+0000.0000200572172862
+0000.8804344155825101,+0000.1030952752265148,+0000.0000000000002122,+0000.0000007403312233,+0000.0147633059668621,+0000.0000000000000000,+0000.0000000000000139,+0000.0000000000000000,+0000.0000000000000139,+0000.0016848184948605,+0000.0000000004387332,+0000.0000214439590265
+0000.8774423206233034,+0000.1052860993719692,+0000.0000000000002114,+0000.0000007598692891,+0000.0155419527806770,+0000.0000000000000000,+0000.0000000000000146,+0000.0000000000000000,+0000.0000000000000146,+0000.0017059624839406,+0000.0000000004567318,+0000.0000229044138184
+0000.8744243785518802,+0000.1074743265029991,+0000.0000000000002107,+0000.0000007796272669,+0000.0163490399369016,+0000.0000000000000000,+0000.0000000000000154,+0000.0000000000000000,+0000.0000000000000154,+0000.0017270336078205,+0000.0000000004752031,+0000.0000244412976569
+0000.8713811098529568,+0000.1096589032481717,+0000.0000000000002100,+0000.0000007996034802,+0000.0171850981698849,+0000.0000000000000000,+0000.0000000000000162,+0000.0000000000000000,+0000.0000000000000162,+0000.0017480312531696,+0000.0000000004941523,+0000.0000260573779112
+0000.8683130377688997,+0000.1118387780478043,+0000.0000000000002092,+0000.0000008197962415,+0000.0180506535810424,+0000.0000000000000000,+0000.0000000000000170,+0000.0000000000000000,+0000.0000000000000170,+0000.0017689548192572,+0000.0000000005135847,+0000.0000277554728957
+0000.8652206881605187,+0000.1140129016602050,+0000.0000000000002085,+0000.0000008402038524,+0000.0189462272722203,+0000.0000000000000000,+0000.0000000000000178,+0000.0000000000000000,+0000.0000000000000178,+0000.0017898037180167,+0000.0000000005335055,+0000.0000295384514055
+0000.8621045893677213,+0000.1161802276667601,+0000.0000000000002077,+0000.0000008608246039,+0000.0198723349803935,+0000.0000000000000000,+0000.0000000000000187,+0000.0000000000000000,+0000.0000000000000187,+0000.0018105773741067,+0000.0000000005539199,+0000.0000314092322175
+0000.8589652720700798,+0000.1183397129756230,+0000.0000000000002070,+0000.0000008816567771,+0000.0208294867138861,+0000.0000000000000000,+0000.0000000000000196,+0000.0000000000000000,+0000.0000000000000196,+0000.0018312752249677,+0000.0000000005748329,+0000.0000333707835548
+0000.8558032691473667,+0000.1204903183237636,+0000.0000000000002062,+0000.0000009026986432,+0000.0218181863903033,+0000.0000000000000000,+0000.0000000000000206,+0000.0000000000000000,+0000.0000000000000206,+0000.0018518967208761,+0000.0000000005962497,+0000.0000354261225175
+0000.8526191155401062,+0000.1226310087771354,+0000.0000000000002054,+0000.0000009239484643,+0000.0228389314763644,+0000.0000000000000000,+0000.0000000000000215,+0000.0000000000000000,+0000.0000000000000215,+0000.0018724413249951,+0000.0000000006181752,+0000.0000375783144781
+0000.8494133481102017,+0000.1247607542287195,+0000.0000000000002047,+0000.0000009454044932,+0000.0238922126298241,+0000.0000000000000000,+0000.0000000000000225,+0000.0000000000000000,+0000.0000000000000225,+0000.0018929085134218,+0000.0000000006406146,+0000.0000398304724420
+0000.8461865055016873,+0000.1268785298942073,+0000.0000000000002039,+0000.0000009670649747,+0000.0249785133436683,+0000.0000000000000000,+0000.0000000000000236,+0000.0000000000000000,+0000.0000000000000236,+0000.0019132977752309,+0000.0000000006635727,+0000.0000421857563745
+0000.8429391280016558,+0000.1289833168050806,+0000.0000000000002031,+0000.0000009889281451,+0000.0260983095927705,+0000.0000000000000000,+0000.0000000000000246,+0000.0000000000000000,+0000.0000000000000246,+0000.0019336086125150,+0000.0000000006870544,+0000.0000446473724924
+0000.8396717574014210,+0000.1310741022988537,+0000.0000000000002023,+0000.0000010109922330,+0000.0272520694831945,+0000.0000000000000000,+0000.0000000000000257,+0000.0000000000000000,+0000.0000000000000257,+0000.0019538405404224,+0000.0000000007110647,+0000.0000472185725228
+0000.8363849368579580,+0000.1331498805062415,+0000.0000000000002015,+0000.0000010332554599,+0000.0284402529043250,+0000.0000000000000000,+0000.0000000000000268,+0000.0000000000000000,+0000.0000000000000268,+0000.0019739930871901,+0000.0000000007356084,+0000.0000499026529275
+0000.8330792107556806,+0000.1352096528350178,+0000.0000000000002007,+0000.0000010557160400,+0000.0296633111840106,+0000.0000000000000000,+0000.0000000000000280,+0000.0000000000000000,+0000.0000000000000280,+0000.0019940657941749,+0000.0000000007606902,+0000.0000527029540943
+0000.8297551245686046,+0000.1372524284503328,+0000.0000000000001999,+0000.0000010783721813,+0000.0309216867468981,+0000.0000000000000000,+0000.0000000000000292,+0000.0000000000000000,+0000.0000000000000292,+0000.0020140582158799,+0000.0000000007863148,+0000.0000556228594950
+0000.8264132247229466,+0000.1392772247512561,+0000.0000000000001991,+0000.0000011012220854,+0000.0322158127761393,+0000.0000000000000000,+0000.0000000000000304,+0000.0000000000000000,+0000.0000000000000304,+0000.0020339699199790,+0000.0000000008124871,+0000.0000586657948109
+0000.8230540584602140,+0000.1412830678433193,+0000.0000000000001983,+0000.0000011242639484,+0000.0335461128786470,+0000.0000000000000000,+0000.0000000000000317,+0000.0000000000000000,+0000.0000000000000317,+0000.0020538004873368,+0000.0000000008392116,+0000.0000618352270257
+0000.8196781737008296,+0000.1432689930068273,+0000.0000000000001975,+0000.0000011474959609,+0000.0349130007540772,+0000.0000000000000000,+0000.0000000000000330,+0000.0000000000000000,+0000.0000000000000330,+0000.0020735495120262,+0000.0000000008664930,+0000.0000651346634863
+0000.8162861189083516,+0000.1452340451607162,+0000.0000000000001967,+0000.0000011709163087,+0000.0363168798677123,+0000.0000000000000000,+0000.0000000000000343,+0000.0000000000000000,+0000.0000000000000343,+0000.0020932166013419,+0000.0000000008943357,+0000.0000685676509319
+0000.8128784429543257,+0000.1471772793217320,+0000.0000000000001958,+0000.0000011945231728,+0000.0377581431274175,+0000.0000000000000000,+0000.0000000000000357,+0000.0000000000000000,+0000.0000000000000357,+0000.0021128013758114,+0000.0000000009227444,+0000.0000721377744919
+0000.8094556949838305,+0000.1490977610587111,+0000.0000000000001950,+0000.0000012183147305,+0000.0392371725648426,+0000.0000000000000000,+0000.0000000000000371,+0000.0000000000000000,+0000.0000000000000371,+0000.0021323034692026,+0000.0000000009517236,+0000.0000758486566523
+0000.8060184242817594,+0000.1509945669417433,+0000.0000000000001942,+0000.0000012422891551,+0000.0407543390210359,+0000.0000000000000000,+0000.0000000000000386,+0000.0000000000000000,+0000.0000000000000386,+0000.0021517225285273,+0000.0000000009812776,+0000.0000797039561925
+0000.8025671801398857,+0000.1528667849860012,+0000.0000000000001934,+0000.0000012664446165,+0000.0423100018366406,+0000.0000000000000000,+0000.0000000000000400,+0000.0000000000000000,+0000.0000000000000400,+0000.0021710582140427,+0000.0000000010114109,+0000.0000837073670914
+0000.7991025117247649,+0000.1547135150900234,+0000.0000000000001925,+0000.0000012907792821,+0000.0439045085468359,+0000.0000000000000000,+0000.0000000000000416,+0000.0000000000000000,+0000.0000000000000416,+0000.0021903101992489,+0000.0000000010421277,+0000.0000878626174034
+0000.7956249679465186,+0000.1565338694682399,+0000.0000000000001917,+0000.0000013152913162,+0000.0455381945811856,+0000.0000000000000000,+0000.0000000000000431,+0000.0000000000000000,+0000.0000000000000431,+0000.0022094781708839,+0000.0000000010734325,+0000.0000921734681068
+0000.7921350973285450,+0000.1583269730775317,+0000.0000000000001908,+0000.0000013399788816,+0000.0472113829685572,+0000.0000000000000000,+0000.0000000000000447,+0000.0000000000000000,+0000.0000000000000447,+0000.0022285618289143,+0000.0000000011053294,+0000.0000966437119217
+0000.7886334478782050,+0000.1600919640376212,+0000.0000000000001900,+0000.0000013648401389,+0000.0489243840472655,+0000.0000000000000000,+0000.0000000000000463,+0000.0000000000000000,+0000.0000000000000463,+0000.0022475608865245,+0000.0000000011378227,+0000.0001012771721008
+0000.7851205669585295,+0000.1618279940450885,+0000.0000000000001891,+0000.0000013898732478,+0000.0506774951806003,+0000.0000000000000000,+0000.0000000000000480,+0000.0000000000000000,+0000.0000000000000480,+0000.0022664750701010,+0000.0000000011709166,+0000.0001060777011920
+0000.7815970011609944,+0000.1635342287808180,+0000.0000000000001883,+0000.0000014150763668,+0000.0524710004778884,+0000.0000000000000000,+0000.0000000000000497,+0000.0000000000000000,+0000.0000000000000497,+0000.0022853041192153,+0000.0000000012046151,+0000.0001110491797746
+0000.7780632961794053,+0000.1652098483106761,+0000.0000000000001874,+0000.0000014404476540,+0000.0543051705212417,+0000.0000000000000000,+0000.0000000000000515,+0000.0000000000000000,+0000.0000000000000515,+0000.0023040477866027,+0000.0000000012389224,+0000.0001161955151678
+0000.7745199966849355,+0000.1668540474792306,+0000.0000000000001866,+0000.0000014659852676,+0000.0561802620981390,+0000.0000000000000000,+0000.0000000000000533,+0000.0000000000000000,+0000.0000000000000533,+0000.0023227058381380,+0000.0000000012738426,+0000.0001215206401138
+0000.7709676462023665,+0000.1684660362963207,+0000.0000000000001857,+0000.0000014916873659,+0000.0580965179399869,+0000.0000000000000000,+0000.0000000000000551,+0000.0000000000000000,+0000.0000000000000551,+0000.0023412780528092,+0000.0000000013093795,+0000.0001270285114356
+0000.7674067869875667,+0000.1700450403162923,+0000.0000000000001849,+0000.0000015175521079,+0000.0600541664668007,+0000.0000000000000000,+0000.0000000000000569,+0000.0000000000000000,+0000.0000000000000569,+0000.0023597642226872,+0000.0000000013455371,+0000.0001327231086690
+0000.7638379599062558,+0000.1715903010097173,+0000.0000000000001840,+0000.0000015435776538,+0000.0620534215381472,+0000.0000000000000000,+0000.0000000000000589,+0000.0000000000000000,+0000.0000000000000589,+0000.0023781641528928,+0000.0000000013823194,+0000.0001386084326714
+0000.7602617043140918,+0000.1731010761274165,+0000.0000000000001831,+0000.0000015697621653,+0000.0640944822104828,+0000.0000000000000000,+0000.0000000000000608,+0000.0000000000000000,+0000.0000000000000608,+0000.0023964776615616,+0000.0000000014197302,+0000.0001446885042063
+0000.7566785579381250,+0000.1745766400566148,+0000.0000000000001823,+0000.0000015961038060,+0000.0661775325010233,+0000.0000000000000000,+0000.0000000000000628,+0000.0000000000000000,+0000.0000000000000628,+0000.0024147045798045,+0000.0000000014577734,+0000.0001509673625043
+0000.7530890567596572,+0000.1760162841690534,+0000.0000000000001814,+0000.0000016226007417,+0000.0683027411582733,+0000.0000000000000000,+0000.0000000000000648,+0000.0000000000000000,+0000.0000000000000648,+0000.0024328447516670,+0000.0000000014964526,+0000.0001574490638028
+0000.7494937348985455,+0000.1774193171608954,+0000.0000000000001805,+0000.0000016492511410,+0000.0704702614393434,+0000.0000000000000000,+0000.0000000000000669,+0000.0000000000000000,+0000.0000000000000669,+0000.0024508980340846,+0000.0000000015357716,+0000.0001641376798627
+0000.7458931244989898,+0000.1787850653842601,+0000.0000000000001797,+0000.0000016760531755,+0000.0726802308941805,+0000.0000000000000000,+0000.0000000000000690,+0000.0000000000000000,+0000.0000000000000690,+0000.0024688642968357,+0000.0000000015757342,+0000.0001710372964648
+0000.7422877556168395,+0000.1801128731702269,+0000.0000000000001788,+0000.0000017030050205,+0000.0749327711568288,+0000.0000000000000000,+0000.0000000000000711,+0000.0000000000000000,+0000.0000000000000711,+0000.0024867434224921,+0000.0000000016163439,+0000.0001781520118853
+0000.7386781561084590,+0000.1814021031431548,+0000.0000000000001779,+0000.0000017301048549,+0000.0772279877438419,+0000.0000000000000000,+0000.0000000000000733,+0000.0000000000000000,+0000.0000000000000733,+0000.0025045353063664,+0000.0000000016576044,+0000.0001854859353518
+0000.7350648515211871,+0000.1826521365261659,+0000.0000000000001770,+0000.0000017573508619,+0000.0795659698599582,+0000.0000000000000000,+0000.0000000000000756,+0000.0000000000000000,+0000.0000000000000756,+0000.0025222398564568,+0000.0000000016995192,+0000.0001930431854800
+0000.7314483649854246,+0000.1838623734376466,+0000.0000000000001762,+0000.0000017847412296,+0000.0819467902111509,+0000.0000000000000000,+0000.0000000000000778,+0000.0000000000000000,+0000.0000000000000778,+0000.0025398569933894,+0000.0000000017420917,+0000.0002008278886921
+0000.7278292171083846,+0000.1850322331786248,+0000.0000000000001753,+0000.0000018122741507,+0000.0843705048251594,+0000.0000000000000000,+0000.0000000000000802,+0000.0000000000000000,+0000.0000000000000802,+0000.0025573866503582,+0000.0000000017853256,+0000.0002088441776175
+0000.7242079258695404,+0000.1861611545108848,+0000.0000000000001744,+0000.0000018399478236,+0000.0868371528796056,+0000.0000000000000000,+0000.0000000000000825,+0000.0000000000000000,+0000.0000000000000825,+0000.0025748287730618,+0000.0000000018292241,+0000.0002170961894766
+0000.7205850065178010,+0000.1872485959256871,+0000.0000000000001735,+0000.0000018677604525,+0000.0893467565377944,+0000.0000000000000000,+0000.0000000000000849,+0000.0000000000000000,+0000.0000000000000849,+0000.0025921833196385,+0000.0000000018737907,+0000.0002255880644485
+0000.7169609714704508,+0000.1882940359029644,+0000.0000000000001727,+0000.0000018957102476,+0000.0918993207922961,+0000.0000000000000000,+0000.0000000000000874,+0000.0000000000000000,+0000.0000000000000874,+0000.0026094502605981,+0000.0000000019190287,+0000.0002343239440229
+0000.7133363302138764,+0000.1892969731608692,+0000.0000000000001718,+0000.0000019237954258,+0000.0944948333164016,+0000.0000000000000000,+0000.0000000000000898,+0000.0000000000000000,+0000.0000000000000898,+0000.0026266295787520,+0000.0000000019649414,+0000.0002433079693379
+0000.7097115892061193,+0000.1902569268955540,+0000.0000000000001709,+0000.0000019520142108,+0000.0971332643235398,+0000.0000000000000000,+0000.0000000000000924,+0000.0000000000000000,+0000.0000000000000924,+0000.0026437212691406,+0000.0000000020115321,+0000.0002525442795033
+0000.7060872517812770,+0000.1911734370110696,+0000.0000000000001700,+0000.0000019803648337,+0000.0998145664347424,+0000.0000000000000000,+0000.0000000000000949,+0000.0000000000000000,+0000.0000000000000949,+0000.0026607253389582,+0000.0000000020588038,+0000.0002620370099108
+0000.7024638180557824,+0000.1920460643392702,+0000.0000000000001692,+0000.0000020088455332,+0000.1025386745542369,+0000.0000000000000000,+0000.0000000000000975,+0000.0000000000000000,+0000.0000000000000975,+0000.0026776418074761,+0000.0000000021067600,+0000.0002717902905322
+0000.6988417848365908,+0000.1928743908496228,+0000.0000000000001683,+0000.0000020374545561,+0000.1053055057532446,+0000.0000000000000000,+0000.0000000000001002,+0000.0000000000000000,+0000.0000000000001002,+0000.0026944707059631,+0000.0000000021554035,+0000.0002818082442056
+0000.6952216455312963,+0000.1936580198488173,+0000.0000000000001674,+0000.0000020661901573,+0000.1081149591620581,+0000.0000000000000000,+0000.0000000000001029,+0000.0000000000000000,+0000.0000000000001029,+0000.0027112120776039,+0000.0000000022047376,+0000.0002920949849111
+0000.6916038900602082,+0000.1943965761700848,+0000.0000000000001665,+0000.0000020950506009,+0000.1109669158704664,+0000.0000000000000000,+0000.0000000000001056,+0000.0000000000000000,+0000.0000000000001056,+0000.0027278659774154,+0000.0000000022547652,+0000.0003026546160361
+0000.6879890047704048,+0000.1950897063521317,+0000.0000000000001657,+0000.0000021240341598,+0000.1138612388365935,+0000.0000000000000000,+0000.0000000000001084,+0000.0000000000000000,+0000.0000000000001084,+0000.0027444324721610,+0000.0000000023054893,+0000.0003134912286318
+0000.6843774723517957,+0000.1957370788076061,+0000.0000000000001648,+0000.0000021531391165,+0000.1167977728042121,+0000.0000000000000000,+0000.0000000000001112,+0000.0000000000000000,+0000.0000000000001112,+0000.0027609116402624,+0000.0000000023569130,+0000.0003246088996614
+0000.6807697717552061,+0000.1963383839810145,+0000.0000000000001639,+0000.0000021823637633,+0000.1197763442285889,+0000.0000000000000000,+0000.0000000000001140,+0000.0000000000000000,+0000.0000000000001140,+0000.0027773035717103,+0000.0000000024090390,+0000.0003360116902398
+0000.6771663781125131,+0000.1968933344960145,+0000.0000000000001630,+0000.0000022117064025,+0000.1227967612109157,+0000.0000000000000000,+0000.0000000000001169,+0000.0000000000000000,+0000.0000000000001169,+0000.0027936083679722,+0000.0000000024618703,+0000.0003477036438684
+0000.6735677626588471,+0000.1974016652920131,+0000.0000000000001622,+0000.0000022411653472,+0000.1258588134413741,+0000.0000000000000000,+0000.0000000000001199,+0000.0000000000000000,+0000.0000000000001199,+0000.0028098261418989,+0000.0000000025154098,+0000.0003596887846615
+0000.6699743926568795,+0000.1978631337500057,+0000.0000000000001613,+0000.0000022707389212,+0000.1289622721508805,+0000.0000000000000000,+0000.0000000000001228,+0000.0000000000000000,+0000.0000000000001228,+0000.0028259570176289,+0000.0000000025696601,+0000.0003719711155704
+0000.6663867313232199,+0000.1982775198075963,+0000.0000000000001604,+0000.0000023004254596,+0000.1321068900715494,+0000.0000000000000000,+0000.0000000000001258,+0000.0000000000000000,+0000.0000000000001258,+0000.0028420011304912,+0000.0000000026246241,+0000.0003845546166006
+0000.6628052377569295,+0000.1986446260631438,+0000.0000000000001596,+0000.0000023302233088,+0000.1352924014059153,+0000.0000000000000000,+0000.0000000000001289,+0000.0000000000000000,+0000.0000000000001289,+0000.0028579586269060,+0000.0000000026803045,+0000.0003974432430279
+0000.6592303668701761,+0000.1989642778689863,+0000.0000000000001587,+0000.0000023601308275,+0000.1385185218049420,+0000.0000000000000000,+0000.0000000000001320,+0000.0000000000000000,+0000.0000000000001320,+0000.0028738296642843,+0000.0000000027367039,+0000.0004106409236102
+0000.6556625693210427,+0000.1992363234136971,+0000.0000000000001578,+0000.0000023901463861,+0000.1417849483548498,+0000.0000000000000000,+0000.0000000000001351,+0000.0000000000000000,+0000.0000000000001351,+0000.0028896144109252,+0000.0000000027938249,+0000.0004241515587988
+0000.6521022914485006,+0000.1994606337933365,+0000.0000000000001570,+0000.0000024202683680,+0000.1450913595727832,+0000.0000000000000000,+0000.0000000000001383,+0000.0000000000000000,+0000.0000000000001383,+0000.0029053130459123,+0000.0000000028516702,+0000.0004379790189480
+0000.6485499752095650,+0000.1996371030716636,+0000.0000000000001561,+0000.0000024504951693,+0000.1484374154113396,+0000.0000000000000000,+0000.0000000000001415,+0000.0000000000000000,+0000.0000000000001415,+0000.0029209257590076,+0000.0000000029102423,+0000.0004521271425257
+0000.6450060581186396,+0000.1997656483292819,+0000.0000000000001553,+0000.0000024808251990,+0000.1518227572719743,+0000.0000000000000000,+0000.0000000000001447,+0000.0000000000000000,+0000.0000000000001447,+0000.0029364527505452,+0000.0000000029695437,+0000.0004665997343235
+0000.6414709731890661,+0000.1998462097016941,+0000.0000000000001544,+0000.0000025112568801,+0000.1552470080272918,+0000.0000000000000000,+0000.0000000000001480,+0000.0000000000000000,+0000.0000000000001480,+0000.0029518942313224,+0000.0000000030295769,+0000.0004814005636699
+0000.6379451488768844,+0000.1998787504062499,+0000.0000000000001536,+0000.0000025417886490,+0000.1587097720522325,+0000.0000000000000000,+0000.0000000000001513,+0000.0000000000000000,+0000.0000000000001513,+0000.0029672504224901,+0000.0000000030903443,+0000.0004965333626451
