+0001.0000000000000000,+0000.0000000000000000,+0000.0000000000000000,+0000.0000000000000000,+0000.0000000000000000
+0000.9983947588691696,+0000.0000944163155375,+0000.0015106610485993,+0000.0000000096333349,+0000.0000001541333587
+0000.9936518700556123,+0000.0003733333684214,+0000.0059733338947425,+0000.0000000860400720,+0000.0000013766411517
+0000.9858910058873658,+0000.0008295994186589,+0000.0132735906985419,+0000.0000003414114961,+0000.0000054625839372
+0000.9752436127970714,+0000.0014553175825890,+0000.0232850813214244,+0000.0000009404881715,+0000.0000150478107438
+0000.9618504875624621,+0000.0022419910093330,+0000.0358718561493281,+0000.0000020979575810,+0000.0000335673212960
+0000.9458596387795821,+0000.0031806512836878,+0000.0508904205390045,+0000.0000040758469250,+0000.0000652135508006
+0000.9274244395591171,+0000.0042619696295835,+0000.0681915140733354,+0000.0000071809845861,+0000.0001148957533778
+0000.9067020677340982,+0000.0054763510800954,+0000.0876216172815254,+0000.0000117625826047,+0000.0001882013216759
+0000.8838522223814098,+0000.0068140122400229,+0000.1090241958403654,+0000.0000182099728354,+0000.0002913595653666
+0000.8590360999568059,+0000.0082650436086273,+0000.1322406977380360,+0000.0000269505115606,+0000.0004312081849703
+0000.8324156095406365,+0000.0098194576697925,+0000.1571113227166797,+0000.0000384476513465,+0000.0006151624215446
+0000.8041528042881050,+0000.0114672241123875,+0000.1834755857981995,+0000.0000531991647828,+0000.0008511866365255
+0000.7744095048776208,+0000.0131982936325182,+0000.2111726981202901,+0000.0000717354923277,+0000.0011477678772434
+0000.7433470902783059,+0000.0150026118080513,+0000.2400417889288198,+0000.0000946181755778,+0000.0015138908092453
+0000.7111264312678318,+0000.0168701245389012,+0000.2699219926224192,+0000.0001224383276969,+0000.0019590132431510
+0000.6779079426146237,+0000.0187907765266473,+0000.3006524244263563,+0000.0001558150842572,+0000.0024930413481154
+0000.6438517305205916,+0000.0207545042344615,+0000.3320720677513826,+0000.0001953939702097,+0000.0031263035233547
+0000.6091178126644471,+0000.0227512247312825,+0000.3640195957005192,+0000.0002418451119854,+0000.0038695217917658
+0000.5738663888876692,+0000.0247708217888200,+0000.3963331486211187,+0000.0002958612177878,+0000.0047337794846047
+0000.5382581411529577,+0000.0268031305705351,+0000.4288500891285609,+0000.0003581552439968,+0000.0057304839039494
+0000.5024545418351624,+0000.0288379222306678,+0000.4614067556906830,+0000.0004294576613816,+0000.0068713225821052
+0000.4666181496604280,+0000.0308648897294279,+0000.4938382356708445,+0000.0005105132317235,+0000.0081682117075765
+0000.4309128726990224,+0000.0328736361668523,+0000.5259781786696337,+0000.0006020772037936,+0000.0096332352606979
+0000.3955041777732697,+0000.0348536669402271,+0000.5576586710436313,+0000.0007049108378160,+0000.0112785734050560
+0000.3605592255198151,+0000.0367943870346165,+0000.5887101925538611,+0000.0008197761701004,+0000.0131164187216069
+0000.3262469102236944,+0000.0386851047576921,+0000.6189616761230694,+0000.0009474299350320,+0000.0151588789605122
+0000.2927377835214313,+0000.0405150432221101,+0000.6482406915537579,+0000.0010886165707471,+0000.0174178651319537
+0000.2602038412744835,+0000.0422733608531801,+0000.6763737736508775,+0000.0012440602483211,+0000.0199049639731379
+0000.2288181534855428,+0000.0439491821473839,+0000.7031869143581382,+0000.0014144558828785,+0000.0226312941260564
+0000.1987543182279037,+0000.0455316398183720,+0000.7285062370939472,+0000.0016004591093987,+0000.0256073457503783
+0000.1701857223531900,+0000.0470099293307515,+0000.7521588692920186,+0000.0018026752367082,+0000.0288428037873318
+0000.1432845944094641,+0000.0483733766276651,+0000.7739740260426357,+0000.0020216472306021,+0000.0323463556896331
+0000.1182208389067595,+0000.0496115195959535,+0000.7937843135352499,+0000.0022578428212963,+0000.0361254851407410
+0000.0951606459549127,+0000.0507142034744288,+0000.8114272555908542,+0000.0025116408811650,+0000.0401862540986392
+0000.0742648764737425,+0000.0516716899911699,+0000.8267470398587122,+0000.0027833172750809,+0000.0445330764012942
+0000.0556872306819648,+0000.0524747795136951,+0000.8395964722191145,+0000.0030730304461898,+0000.0491684871390358
+0000.0395722163694222,+0000.0531149449158960,+0000.8498391186543295,+0000.0033808070623737,+0000.0540929129979786
+0000.0260529434024753,+0000.0535844752192320,+0000.8573516035077045,+0000.0037065281100346,+0000.0593044497605535
+0000.0152487817349515,+0000.0538766263724791,+0000.8620260219596569,+0000.0040499158784066,+0000.0647986540545060
+0000.0072629314885493,+0000.0539857758227310,+0000.8637724131636871,+0000.0044105223250019,+0000.0705683572000306
+0000.0021799648764968,+0000.0539075768375945,+0000.8625212294015039,+0000.0047877193461415,+0000.0766035095382632
+0000.0000634101897161,+0000.0536391079098115,+0000.8582257265569746,+0000.0051806914907940,+0000.0828910638527040
+0000.0009534569573973,+0000.0531790120620323,+0000.8508641929925078,+0000.0055884316463566,+0000.0894149063417058
+0000.0048648678854426,+0000.0525276205251133,+0000.8404419284018029,+0000.0060097401875083,+0000.0961558430001330
+0000.0117851864226129,+0000.0516870551405223,+0000.8269928822483467,+0000.0064432280110893,+0000.1030916481774287
+0000.0216733280451847,+0000.0506613039818841,+0000.8105808637101346,+0000.0068873237801645,+0000.1101971804826318
+0000.0344586379992892,+0000.0494562651355420,+0000.7913002421686611,+0000.0073402855703828,+0000.1174445691261248
+0000.0500404879706648,+0000.0480797543404295,+0000.7692760694468621,+0000.0078002169554144,+0000.1248034712866290
+0000.0682884689786678,+0000.0465414732560092,+0000.7446635720961355,+0000.0082650873923052,+0000.1322413982768821
+0000.0890432181221000,+0000.0448529364704517,+0000.7176469835272165,+0000.0087327565811902,+0000.1397241052990416
+0000.1121178934558072,+0000.0430273569204109,+0000.6884377107265638,+0000.0092010022880717,+0000.1472160366091462
+0000.1373002854493181,+0000.0410794910858194,+0000.6572718573730990,+0000.0096675509465744,+0000.1546808151451893
+0000.1643555266814489,+0000.0390254470469619,+0000.6244071527513787,+0000.0101301102070713,+0000.1620817633131393
+0000.1930293353591455,+0000.0368824601353312,+0000.5901193621652876,+0000.0105864024906022,+0000.1693824398496335
+0000.2230517046586368,+0000.0346686423628766,+0000.5546982778060157,+0000.0110341985395572,+0000.1765471766329137
+0000.2541409303935461,+0000.0324027129751065,+0000.5184434076016934,+0000.0114713499429209,+0000.1835415990867331
+0000.2860078554574580,+0000.0301037182614857,+0000.4816594921837609,+0000.0118958196527822,+0000.1903331144445131
+0000.3183602017923146,+0000.0277907491196474,+0000.4446519859143489,+0000.0123057095984524,+0000.1968913535752367
+0000.3509068597204458,+0000.0254826647896365,+0000.4077226366341743,+0000.0126992846385733,+0000.2031885542171703
+0000.3833620102327921,+0000.0231978306671039,+0000.3711652906736527,+0000.0130749922603796,+0000.2091998761660716
+0000.4154489676256169,+0000.0209538772187235,+0000.3352620354995674,+0000.0134314776268291,+0000.2149036420292631
+0000.4469036466709062,+0000.0187674858340971,+0000.3002797733455453,+0000.0137675937734973,+0000.2202815003759540
+0000.4774775789327880,+0000.0166542060489823,+0000.2664672967837092,+0000.0140824069549719,+0000.2253185112795484
+0000.5069404253822232,+0000.0146283070660492,+0000.2340529130567792,+0000.0143751973232324,+0000.2300031571717160
+0000.5350819555792511,+0000.0127026649814236,+0000.2032426397027702,+0000.0146454552786210,+0000.2343272844579342
+0000.5617134859700050,+0000.0108886856881049,+0000.1742189710096724,+0000.0148928739607188,+0000.2382859833714988
+0000.5866687900934692,+0000.0091962621447799,+0000.1471401943164719,+0000.0151173384379577,+0000.2418774150073212
+0000.6098045108136725,+0000.0076337636242020,+0000.1221402179872272,+0000.0153189122102883,+0000.2451025953646101
+0000.6310001185144775,+0000.0062080537211065,+0000.0993288595376985,+0000.0154978216603953,+0000.2479651465663222
+0000.6501574692635432,+0000.0049245333166979,+0000.0787925330671628,+0000.0156544390795646,+0000.2504710252730315
+0000.6672000233021927,+0000.0037872043580257,+0000.0605952697284079,+0000.0157892648594927,+0000.2526282377518808
+0000.6820717871137467,+0000.0027987501945539,+0000.0447800031128600,+0000.0159029093869907,+0000.2544465501918486
+0000.6947360421978270,+0000.0019606282894012,+0000.0313700526304157,+0000.0159960751107270,+0000.2559372017716289
+0000.7051739210692975,+0000.0012731713517081,+0000.0203707416273281,+0000.0160695391736276,+0000.2571126267780385
+0000.7133828864886512,+0000.0007356932801442,+0000.0117710924823055,+0000.0161241369264060,+0000.2579861908224931
+0000.7193751640904289,+0000.0003465967276548,+0000.0055455476424749,+0000.0161607465611438,+0000.2585719449782977
+0000.7231761719381523,+0000.0001034795597314,+0000.0016556729557014,+0000.0161802750321423,+0000.2588844005142728
+0000.7248229835593692,+0000.0000032379533358,+0000.0000518072533728,+0000.0161836453667015,+0000.2589383258672207
+0000.7243628540806279,+0000.0000421643475070,+0000.0006746295601117,+0000.0161717854124563,+0000.2587485665992970
+0000.7218518324800696,+0000.0002160388918929,+0000.0034566222702877,+0000.0161456180210443,+0000.2583298883367052
+0000.7173534769114671,+0000.0005202134338084,+0000.0083234149409350,+0000.0161060526302231,+0000.2576968420835663
+0000.7109376846588715,+0000.0009496874306601,+0000.0151949988905641,+0000.0160539781776417,+0000.2568636508422625
+0000.7026796436222399,+0000.0014991754695550,+0000.0239868075128815,+0000.0159902572585487,+0000.2558441161367752
+0000.6926589083263852,+0000.0021631663196817,+0000.0346106611149100,+0000.0159157214258251,+0000.2546515428131979
+0000.6809586002638880,+0000.0029359736381380,+0000.0469755782102104,+0000.0158311675228099,+0000.2532986803649539
+0000.6676647298748563,+0000.0038117786003784,+0000.0609884576060575,+0000.0157373549363948,+0000.2517976789823133
+0000.6528656355622341,+0000.0047846648375583,+0000.0765546374009363,+0000.0156350036587809,+0000.2501600585404904
+0000.6366515337603660,+0000.0058486461403719,+0000.0935783382459544,+0000.0155247930501948,+0000.2483966888031127
+0000.6191141731327405,+0000.0069976874382972,+0000.1119629990127591,+0000.0154073612009534,+0000.2465177792152500
+0000.6003465853892599,+0000.0082257195900295,+0000.1316115134404760,+0000.0152833047988376,+0000.2445328767813972
+0000.5804429249051141,+0000.0095266485305265,+0000.1524263764884281,+0000.0151531794162315,+0000.2424508706597000
+0000.5594983892196130,+0000.0108943593172338,+0000.1743097490757454,+0000.0150175001404360,+0000.2402800022469717
+0000.5376092125284538,+0000.0123227156069332,+0000.1971634497109356,+0000.0148767424796283,+0000.2380278796740490
+0000.5148727243985247,+0000.0138055550789458,+0000.2208888812631384,+0000.0147313434858468,+0000.2357014957735444
+0000.4913874660793324,+0000.0153366813033290,+0000.2453869008532696,+0000.0145817030449455,+0000.2333072487191235
+0000.4672533569149548,+0000.0169098525369630,+0000.2705576405914140,+0000.0144281852915690,+0000.2308509646650994
+0000.4425719034365242,+0000.0185187679183785,+0000.2963002866940623,+0000.0142711201147670,+0000.2283379218362680
+0000.4174464437044320,+0000.0201570515258061,+0000.3225128244129045,+0000.0141108047268742,+0000.2257728756299833
+0000.3919824193431211,+0000.0218182347639240,+0000.3490917562227905,+0000.0139475052747158,+0000.2231600843954484
+0000.3662876674452444,+0000.0234957375545474,+0000.3759318008727648,+0000.0137814584780852,+0000.2205033356493579
+0000.3404727240958611,+0000.0251828488262061,+0000.4029255812193028,+0000.0136128732858021,+0000.2178059725728279
+0000.3146511306652012,+0000.0268727068280995,+0000.4299633092495975,+0000.0134419325445357,+0000.2150709207125661
+0000.2889397332289959,+0000.0285582798359394,+0000.4569324773750364,+0000.0132687946800020,+0000.2123007148800264
+0000.2634589644927530,+0000.0302323478709867,+0000.4837175659357934,+0000.0130935953941454,+0000.2094975263063215
+0000.2383330964219900,+0000.0318874861190713,+0000.5101997779051458,+0000.0129164493855176,+0000.2066631901682756
+0000.2136904504246945,+0000.0335160508129285,+0000.5362568130068622,+0000.0127374521032659,+0000.2037992336522489
+0000.1896635504170513,+0000.0351101684275244,+0000.5617626948403960,+0000.0125566815479432,+0000.2009069047670852
+0000.1663892024652364,+0000.0366617291320532,+0000.5865876661128568,+0000.0123742001346976,+0000.1979872021551560
+0000.1440084829894535,+0000.0381623855408360,+0000.6105981686533812,+0000.0121900566362550,+0000.1950409061800745
+0000.1226666158180266,+0000.0396035579039859,+0000.6336569264637800,+0000.0120042882243655,+0000.1920686115898422
+0000.1025127167920391,+0000.0409764469715225,+0000.6556231515443648,+0000.0118169226289458,+0000.1890707620631276
+0000.0836993832773765,+0000.0422720558439406,+0000.6763528935030538,+0000.0116279804338609,+0000.1860476869417683
+0000.0663821050067339,+0000.0434812221785057,+0000.6956995548560948,+0000.0114374775269807,+0000.1829996404316849
+0000.0507184723494320,+0000.0445946621421633,+0000.7135145942746168,+0000.0112454277196349,+0000.1799268435141528
+0000.0368671586257470,+0000.0456030274753599,+0000.7296484396057620,+0000.0110518455466551,+0000.1768295287464760
+0000.0249866547084902,+0000.0464969769409712,+0000.7439516310555426,+0000.0108567492526472,+0000.1737079880423490
+0000.0152337371718158,+0000.0472672632623988,+0000.7562762121983828,+0000.0106601639627887,+0000.1705626234046138
+0000.0077616559451979,+0000.0479048363878256,+0000.7664773822052120,+0000.0104621250271629,+0000.1673940004346015
+0000.0027180340818299,+0000.0484009635376417,+0000.7744154166022685,+0000.0102626815163686,+0000.1642029042618917
+0000.0002424810808810,+0000.0487473659858255,+0000.7799578557732105,+0000.0100618998329464,+0000.1609903973271366
+0000.0004639323522194,+0000.0489363718851400,+0000.7829819501622406,+0000.0098598673882592,+0000.1577578782121409
+0000.0034977408900122,+0000.0489610836693707,+0000.7833773387099323,+0000.0096566962782759,+0000.1545071404524088
+0000.0094425628579219,+0000.0488155576628661,+0000.7810489226058583,+0000.0094525268749035,+0000.1512404299984499
+0000.0183770961848845,+0000.0484949925208323,+0000.7759198803333160,+0000.0092475312329984,+0000.1479604997279687
+0000.0303567497583712,+0000.0479959220513456,+0000.7679347528215291,+0000.0090419161981624,+0000.1446706591705920
+0000.0454103394184054,+0000.0473164068870945,+0000.7570625101935116,+0000.0088359260882938,+0000.1413748174126948
+0000.0635369244433944,+0000.0464562184538145,+0000.7432994952610310,+0000.0086298448142215,+0000.1380775170275386
+0000.0847029130646519,+0000.0454170078106165,+0000.7266721249698637,+0000.0084239973032278,+0000.1347839568516398
+0000.1088395760625484,+0000.0442024513126616,+0000.7072392210025833,+0000.0082187500954243,+0000.1315000015267823
+0000.1358411119517311,+0000.0428183647695180,+0000.6850938363122856,+0000.0080145109980277,+0000.1282321759684375
+0000.1655634040557832,+0000.0412727779364296,+0000.6603644469828720,+0000.0078117277073483,+0000.1249876433175667
+0000.1978235976438367,+0000.0395759618546493,+0000.6332153896743870,+0000.0076108853427725,+0000.1217741654843545
+0000.2324006035551800,+0000.0377404027928723,+0000.6038464446859538,+0000.0074125028803529,+0000.1186000460856409
+0000.2690366034374115,+0000.0357807183326787,+0000.5724914933228552,+0000.0072171285239447,+0000.1154740563831099
+0000.3074395918417204,+0000.0337135134323850,+0000.5394162149181558,+0000.0070253341063379,+0000.1124053457014009
+0000.3472869438899577,+0000.0315571769856820,+0000.5049148317709081,+0000.0068377086678505,+0000.1094033386856017
+0000.3882299468836149,+0000.0293316223015716,+0000.4693059568251421,+0000.0066548514111575,+0000.1064776225785139
+0000.4298991835961525,+0000.0270579778670476,+0000.4329276458727569,+0000.0064773642743558,+0000.1036378283896872
+0000.4719106079902181,+0000.0247582374875685,+0000.3961317998010921,+0000.0063058443953604,+0000.1008935103257610
+0000.5138721146166838,+0000.0224548812072553,+0000.3592780993160812,+0000.0061408767564697,+0000.0982540281035101
+0000.5553903743998448,+0000.0201704800918971,+0000.3227276814703489,+0000.0059830272963479,+0000.0957284367415611
+0000.5960776944265541,+0000.0179272988646484,+0000.2868367818343707,+0000.0058328367573195,+0000.0933253881171072
+0000.6355586590710010,+0000.0157469104370263,+0000.2519505669924163,+0000.0056908154999742,+0000.0910530479995822
+0000.6734763242686451,+0000.0136498355756316,+0000.2183973692101017,+0000.0055574394673898,+0000.0889190314782320
+0000.7094977646121359,+0000.0116552193657366,+0000.1864835098517822,+0000.0054331474217853,+0000.0869303587485599
+0000.7433188116154523,+0000.0097805539225336,+0000.1564888627605347,+0000.0053183395118520,+0000.0850934321896271
+0000.7746678675703321,+0000.0080414541550460,+0000.1286632664807325,+0000.0052133771643467,+0000.0834140346295429
+0000.8033087290603765,+0000.0064514905277553,+0000.1032238484440823,+0000.0051185842333995,+0000.0818973477343865
+0000.8290424035668122,+0000.0050220799127083,+0000.0803532786033303,+0000.0050342492892444,+0000.0805479886279050
+0000.8517079482583395,+0000.0037624329796797,+0000.0601989276748735,+0000.0049606288874772,+0000.0793700621996301
+0000.8711823992687011,+0000.0026795542934067,+0000.0428728686945056,+0000.0048979516319642,+0000.0783672261114224
+0000.8873798906726084,+0000.0017782894839451,+0000.0284526317431194,+0000.0048464228294313,+0000.0775427652708960
+0000.9002500840492738,+0000.0010614125840405,+0000.0169826013446474,+0000.0048062295307084,+0000.0768996724913299
+0000.9097760419204979,+0000.0005297458908100,+0000.0084759342529585,+0000.0047775457609258,+0000.0764407321748080
+0000.9159716821405359,+0000.0001823044705793,+0000.0029168715292676,+0000.0047605377564483,+0000.0761686041031689
+0000.9188789467015138,+0000.0000164576170659,+0000.0002633218730541,+0000.0047553690475512,+0000.0760859047608151
+0000.9185648089235159,+0000.0000281001070696,+0000.0004496017131139,+0000.0047622052503709,+0000.0761952840059296
+0000.9151182292661254,+0000.0002118268799587,+0000.0033892300793390,+0000.0047812184573283,+0000.0764994953172489
+0000.9086471536272686,+0000.0005611057052540,+0000.0089776912840641,+0000.0048125911402011,+0000.0770014582432125
+0000.8992756304193166,+0000.0010684434135759,+0000.0170950946172150,+0000.0048565195029351,+0000.0777043120469575
+0000.8871411051235067,+0000.0017255422809392,+0000.0276086764950281,+0000.0049132162412077,+0000.0786114598593181
+0000.8723919343385647,+0000.0025234441214639,+0000.0403751059434241,+0000.0049829126821501,+0000.0797266029143971
+0000.8551851461984447,+0000.0034526605214941,+0000.0552425683439081,+0000.0050658602903622,+0000.0810537646457910
+0000.8356844608259510,+0000.0045032884159105,+0000.0720526146545702,+0000.0051623315355043,+0000.0825973045680643
+0000.8140585733884845,+0000.0056651108544710,+0000.0906417736715387,+0000.0052726201226771,+0000.0843619219628287
+0000.7904796933360015,+0000.0069276833314576,+0000.1108429333033242,+0000.0053970405899542,+0000.0863526494392627
+0000.7651223264136842,+0000.0082804064620039,+0000.1324865033920652,+0000.0055359272783677,+0000.0885748364538790
+0000.7381622808567293,+0000.0097125860941858,+0000.1554013775069750,+0000.0056896326789479,+0000.0910341228631621
+0000.7097758755513819,+0000.0112134821608350,+0000.1794157145733619,+0000.0058585251596721,+0000.0937364025547493
+0000.6801393256284036,+0000.0127723477136139,+0000.2043575634178246,+0000.0060429860729507,+0000.0966877771672072
+0000.6494282796913555,+0000.0143784596583984,+0000.2300553545343774,+0000.0062434062421102,+0000.0998944998737586
+0000.6178174824414963,+0000.0160211427385437,+0000.2563382838167026,+0000.0064601818237213,+0000.1033629091795360
+0000.5854805366422118,+0000.0176897883025472,+0000.2830366128407587,+0000.0066937095420287,+0000.1070993526724537
+0000.5525897390014185,+0000.0193738693543905,+0000.3099819096702510,+0000.0069443812925850,+0000.1111101006813547
+0000.5193159655088923,+0000.0210629533257885,+0000.3370072532126188,+0000.0072125781148650,+0000.1154012498378353
+0000.4858285829504535,+0000.0227467139350310,+0000.3639474229604984,+0000.0074986635384719,+0000.1199786166155453
+0000.4522953646685359,+0000.0244149434105323,+0000.3906390945685200,+0000.0078029763148480,+0000.1248476210375635
+0000.4188823901141386,+0000.0260575662604090,+0000.4169210601665468,+0000.0081258225564065,+0000.1300131609024990
+0000.3857539093289563,+0000.0276646556627719,+0000.4426344906043529,+0000.0084674673178779,+0000.1354794770860409
+0000.3530721552197221,+0000.0292264534342140,+0000.4676232549474257,+0000.0088281256705085,+0000.1412500107281296
+0000.3209970883664979,+0000.0307333944046248,+0000.4917343104739982,+0000.0092079533385226,+0000.1473272534163564
+0000.2896860611808707,+0000.0321761358828984,+0000.5148181741263754,+0000.0096070369888154,+0000.1537125918210400
+0000.2592933905423302,+0000.0335455927380795,+0000.5367294838092737,+0000.0100253842888425,+0000.1604061486214741
+0000.2299698306352101,+0000.0348329784419623,+0000.5573276550713973,+0000.0104629138736139,+0000.1674066219778167
+0000.2018619406221807,+0000.0360298522206312,+0000.5764776355300995,+0000.0109194453898291,+0000.1747111262372594
+0000.1751113450490475,+0000.0371281722433747,+0000.5940507558939957,+0000.0113946898125640,+0000.1823150370010183
+0000.1498538884868141,+0000.0381203545385805,+0000.6099256726172877,+0000.0118882402563132,+0000.1902118441010046
+0000.1262186898634801,+0000.0389993370700902,+0000.6239893931214431,+0000.0123995635261761,+0000.1983930164188108
+0000.1043271061727497,+0000.0397586481384492,+0000.6361383702151862,+0000.0129279926749190,+0000.2068478827986963
+0000.0842916196883558,+0000.0403924779961047,+0000.6462796479376746,+0000.0134727208457572,+0000.2155635335321076
+0000.0662146673426153,+0000.0408957522926970,+0000.6543320366831505,+0000.0140327966871496,+0000.2245247469943872
+0000.0501874353904494,+0000.0412642057071043,+0000.6602272913136673,+0000.0146071216228698,+0000.2337139459659091
+0000.0362886466851707,+0000.0414944538896717,+0000.6639112622347445,+0000.0151944492464953,+0000.2431111879439178
+0000.0245833716212859,+0000.0415840616452155,+0000.6653449863234461,+0000.0157933870829447,+0000.2526941933271077
+0000.0151218968156563,+0000.0415316051496998,+0000.6645056823951951,+0000.0164024009199680,+0000.2624384147194808
+0000.0079386876604732,+0000.0413367259252642,+0000.6613876148042244,+0000.0170198218594145,+0000.2723171497506240
+0000.0030514817613593,+0000.0410001743123760,+0000.6560027889980133,+0000.0176438561722506,+0000.2823016987560009
+0000.0004605497754413,+0000.0405238402843228,+0000.6483814445491621,+0000.0182725979641813,+0000.2923615674268926
+0000.0001481581439476,+0000.0399107696541080,+0000.6385723144657252,+0000.0189040445727193,+0000.3024647131635001
+0000.0020782645999579,+0000.0391651640280245,+0000.6266426244483873,+0000.0195361145249199,+0000.3125778323987103
+0000.0061964721402909,+0000.0382923632587914,+0000.6126778121406579,+0000.0201666677917805,+0000.3226666846684793
+0000.0124302604953476,+0000.0372988096328606,+0000.5967809541257654,+0000.0207935279850609,+0000.3326964477609657
+0000.0206895062277657,+0000.0361919935737758,+0000.5790718971804083,+0000.0214145060598858,+0000.3426320969581642
+0000.0308672937519018,+0000.0349803812331609,+0000.5596860997305692,+0000.0220274250167281,+0000.3524388002676400
+0000.0428410101849975,+0000.0336733249454863,+0000.5387731991277762,+0000.0226301450436323,+0000.3620823206981077
+0000.0564737074695658,+0000.0322809581120281,+0000.5164953297924451,+0000.0232205885074100,+0000.3715294161185512
+0000.0716157061256896,+0000.0308140766226220,+0000.4930252259619472,+0000.0237967641935148,+0000.3807482270962263
+0000.0881064067763026,+0000.0292840093918539,+0000.4685441502696580,+0000.0243567902095409,+0000.3897086433526443
+0000.1057762686714230,+0000.0277024809540510,+0000.4432396952648113,+0000.0248989150064544,+0000.3983826401032605
+0000.1244489091776173,+0000.0260814693095470,+0000.4173035089527478,+0000.0254215360329469,+0000.4067445765271407
+0000.1439432748540632,+0000.0244330623312282,+0000.3909289972996458,+0000.0259232156185337,+0000.4147714498965294
+0000.1640758334440307,+0000.0227693160215215,+0000.3643090563443389,+0000.0264026937758894,+0000.4224431004142197
+0000.1846627368803630,+0000.0211021177602803,+0000.3376338841644805,+0000.0268588977173463,+0000.4297423634775299
+0000.2055219081211948,+0000.0194430574156588,+0000.3110889186505368,+0000.0272909479889776,+0000.4366551678236318
+0000.2264750090726217,+0000.0178033088217778,+0000.2848529411484401,+0000.0276981612327748,+0000.4431705797243856
+0000.2473492527046443,+0000.0161935236822934,+0000.2590963789166909,+0000.0280800496880225,+0000.4492807950083492
+0000.2679790293512372,+0000.0146237394642612,+0000.2339798314281754,+0000.0284363176327257,+0000.4549810821236005
+0000.2882073247006821,+0000.0131033023290973,+0000.2096528372655533,+0000.0287668550414517,+0000.4602696806632155
+0000.3078869147245653,+0000.0116408056330148,+0000.1862528901282326,+0000.0290717287949528,+0000.4651476607192344
+0000.3268813303867191,+0000.0102440440413115,+0000.1639047046609799,+0000.0293511718182942,+0000.4696187490926954
+0000.3450655920897321,+0000.0089199828585948,+0000.1427197257375138,+0000.0296055705478924,+0000.4736891287662671
+0000.3623267201938204,+0000.0076747417949604,+0000.1227958687193638,+0000.0298354511348157,+0000.4773672181570396
+0000.3785640333909226,+0000.0065135920757688,+0000.1042174732122985,+0000.0300414647835895,+0000.4806634365374207
+0000.3936892511203589,+0000.0054409655645146,+0000.0870554490322308,+0000.0302243726048769,+0000.4835899616780187
+0000.4076264195261232,+0000.0044604744044161,+0000.0713675904706558,+0000.0303850303293422,+0000.4861604852694627
+0000.4203116826966071,+0000.0035749395910644,+0000.0571990334570278,+0000.0305243731914890,+0000.4883899710638117
+0000.4316929221626639,+0000.0027864268591295,+0000.0445828297460696,+0000.0306434012489500,+0000.4902944199831869
+0000.4417292879646113,+0000.0020962882920909,+0000.0335406126734519,+0000.0307431653570505,+0000.4918906457127958
+0000.4503906441632253,+0000.0015052081354179,+0000.0240833301666847,+0000.0308247539726285,+0000.4931960635620434
+0000.4576569506071496,+0000.0010132514003887,+0000.0162120224062176,+0000.0308892809168386,+0000.4942284946694055
+0000.4635176012251165,+0000.0006199139778384,+0000.0099186236454139,+0000.0309378741853908,+0000.4950059869662402
+0000.4679707372259038,+0000.0003241731293573,+0000.0051867700697169,+0000.0309716658573550,+0000.4955466537176670
+0000.4710225514898561,+0000.0001245373796620,+0000.0019925980745909,+0000.0309917831209355,+0000.4958685299349558
+0000.4726865982349170,+0000.0000190949911629,+0000.0003055198586067,+0000.0309993404067839,+0000.4959894465085294
+0000.4729831198308110,+0000.0000055603546123,+0000.0000889656737970,+0000.0309954325965172,+0000.4959269215442625
+0000.4719384004917410,+0000.0000813177739269,+0000.0013010843828312,+0000.0309811292559714,+0000.4956980680955295
+0000.4695841545567447,+0000.0002434622558850,+0000.0038953960941607,+0000.0309574698290131,+0000.4953195172641963
+0000.4659569552066886,+0000.0004888370345140,+0000.0078213925522245,+0000.0309254597180344,+0000.4948073554885385
+0000.4610977077919134,+0000.0008140676647055,+0000.0130250826352895,+0000.0308860671710649,+0000.4941770747370265
+0000.4550511704661964,+0000.0012155926097515,+0000.0194494817560254,+0000.0308402208922376,+0000.4934435342757889
+0000.4478655235421151,+0000.0016896903235375,+0000.0270350451766017,+0000.0307888082916328,+0000.4926209326661129
+0000.4395919878932836,+0000.0022325028909475,+0000.0357200462551608,+0000.0307326742918012,+0000.4917227886688071
+0000.4302844918175049,+0000.0028400563408198,+0000.0454409014531183,+0000.0306726206110923,+0000.4907619297774645
+0000.4199993850248512,+0000.0035082777859401,+0000.0561324445750426,+0000.0306094054478929,+0000.4897504871662732
+0000.4087951978066726,+0000.0042330095755370,+0000.0677281532085940,+0000.0305437434946593,+0000.4886998959145368
+0000.3967324429549384,+0000.0050100206690732,+0000.0801603307051739,+0000.0304763062159310,+0000.4876208994548836
+0000.3838734576151530,+0000.0058350154572513,+0000.0933602473160227,+0000.0304077223300933,+0000.4865235572814798
+0000.3702822819499390,+0000.0067036402684830,+0000.1072582442957302,+0000.0303385784403448,+0000.4854172550455033
+0000.3560245712446568,+0000.0076114878078801,+0000.1217838049260843,+0000.0302694197659642,+0000.4843107162554147
+0000.3411675378830604,+0000.0085540997822826,+0000.1368655965165243,+0000.0302007509304792,+0000.4832120148876536
+0000.3257799194433543,+0000.0095269679699857,+0000.1524314875197736,+0000.0301330367686412,+0000.4821285882982450
+0000.3099319689983879,+0000.0105255339985574,+0000.1684085439769207,+0000.0300667031191851,+0000.4810672499069488
+0000.2936954635351551,+0000.0115451880992219,+0000.1847230095875534,+0000.0300021375751814,+0000.4800342012028880
+0000.2771437262273551,+0000.0125812671123483,+0000.2013002737975746,+0000.0299396901683962,+0000.4790350426943260
+0000.2603516580916039,+0000.0136290520261173,+0000.2180648324178786,+0000.0298796739684949,+0000.4780747834959050
+0000.2433957743263049,+0000.0146837653397935,+0000.2349402454366984,+0000.0298223655821892,+0000.4771578493150138
+0000.2263542403678380,+0000.0157405685543926,+0000.2518490968702845,+0000.0297680055416176,+0000.4762880886658672
+0000.2093069023999125,+0000.0167945601069539,+0000.2687129617112656,+0000.0297167985754048,+0000.4754687772064632
+0000.1923353067197983,+0000.0178407740799562,+0000.2854523852793022,+0000.0296689137600563,+0000.4747026201608870
+0000.1755227020042352,+0000.0188741800343209,+0000.3019868805491370,+0000.0296244845536659,+0000.4739917528586408
+0000.1589540181363587,+0000.0198896843323729,+0000.3182349493179695,+0000.0295836087184302,+0000.4733377394948687
+0000.1427158148655765,+0000.0208821333352731,+0000.3341141333643718,+0000.0295463481432231,+0000.4727415702915554
+0000.1268961931924410,+0000.0218463188767138,+0000.3495411020274226,+0000.0295127285825552,+0000.4722036573208678
+0000.1115846620231676,+0000.0227769864296950,+0000.3644317828751226,+0000.0294827393336488,+0000.4717238293383658
+0000.0968719523525400,+0000.0236688463942446,+0000.3787015423079151,+0000.0294563328791362,+0000.4713013260661642
+0000.0828497710449859,+0000.0245165889389390,+0000.3922654230230257,+0000.0294334245290038,+0000.4709347924640457
+0000.0696104862337967,+0000.0253149028255899,+0000.4050384452094392,+0000.0294138921018347,+0000.4706222736293396
+0000.0572467364965587,+0000.0260584986316958,+0000.4169359781071342,+0000.0293975756920369,+0000.4703612110725744
+0000.0458509563457154,+0000.0267421367561508,+0000.4278741880984139,+0000.0293842775764550,+0000.4701484412232646
+0000.0355148112564704,+0000.0273606605469287,+0000.4377705687508606,+0000.0293737623203386,+0000.4699801971254015
+0000.0263285365025649,+0000.0279090348216280,+0000.4465445571460486,+0000.0293657571488103,+0000.4698521143809485
+0000.0183801755463520,+0000.0283823899595216,+0000.4541182393523458,+0000.0293599526553998,+0000.4697592424863808
+0000.0117547156914891,+0000.0287760716241023,+0000.4604171459856360,+0000.0293560039234582,+0000.4696960627753144
+0000.0065331212036039,+0000.0290856960256390,+0000.4653711364102238,+0000.0293535321388559,+0000.4696565142216772
+0000.0027912671698203,+0000.0293072104525632,+0000.4689153672410111,+0000.0293521267727425,+0000.4696340283638628
+0000.0005987810121751,+0000.0294369585885775,+0000.4709913374172391,+0000.0293513484107074,+0000.4696215745713009
+0000.0000178027713226,+0000.0294717498910978,+0000.4715479982575643,+0000.0293507322988254,+0000.4696117167811896
+0000.0011016799741507,+0000.0294089320401892,+0000.4705429126430267,+0000.0293497926672147,+0000.4695966826754186
+0000.0038936179826971,+0000.0292464651824698,+0000.4679434429195156,+0000.0293480278773727,+0000.4695684460379448
+0000.0084253120284459,+0000.0289829964015262,+0000.4637279424244181,+0000.0293449264203310,+0000.4695188227252786
+0000.0147155924441541,+0000.0286179325583849,+0000.4578869209341571,+0000.0293399737684307,+0000.4694395802948733
+0000.0227691196359073,+0000.0281515093787921,+0000.4504241500606713,+0000.0293326600543910,+0000.4693225608702382
+0000.0325751697609766,+0000.0275848544374070,+0000.4413576709985095,+0000.0293224885178309,+0000.4691598162852760
+0000.0441065555235602,+0000.0269200415232990,+0000.4307206643727810,+0000.0293089846223752,+0000.4689437539579847
+0000.0573187285835337,+0000.0261601337877965,+0000.4185621406047422,+0000.0292917057072909,+0000.4686672913166366
+0000.0721491104147817,+0000.0253092130952343,+0000.4049474095237465,+0000.0292702509980151,+0000.4683240159682227
+0000.0885166967140390,+0000.0243723931370478,+0000.3899582901927622,+0000.0292442717621276,+0000.4679083481940232
+0000.1063219763933113,+0000.0233558141425195,+0000.3736930262803087,+0000.0292134813637576,+0000.4674157018201028
+0000.1254471996525505,+0000.0222666174306832,+0000.3562658788909278,+0000.0291776649426975,+0000.4668426390831409
+0000.1457570206415636,+0000.0211128985938692,+0000.3378063775019033,+0000.0291366884272167,+0000.4661870148354472
+0000.1670995289779571,+0000.0199036387702442,+0000.3184582203239043,+0000.0290905065839949,+0000.4654481053438995
+0000.1893076712801384,+0000.0186486142258316,+0000.2983778276133021,+0000.0290391698165146,+0000.4646267170642134
+0000.2122010494765257,+0000.0173582852910131,+0000.2777325646562062,+0000.0289828294456632,+0000.4637252711305918
+0000.2355880677007411,+0000.0160436665390296,+0000.2566986646244710,+0000.0289217412432811,+0000.4627478598924772
+0000.2592683849293729,+0000.0147161809054025,+0000.2354588944864367,+0000.0288562670399299,+0000.4617002726388580
+0000.2830356170672949,+0000.0133875011764409,+0000.2142000188230516,+0000.0287868742901902,+0000.4605899886430226
+0000.3066802208152322,+0000.0120693828734123,+0000.1931101259745931,+0000.0287141335492225,+0000.4594261367875399
+0000.3299924831420748,+0000.0107734929847067,+0000.1723758877553037,+0000.0286387138892903,+0000.4582194222286247
+0000.3527655351302841,+0000.0095112392205078,+0000.1521798275281221,+0000.0285613763600650,+0000.4569820217610208
+0000.3747983077304501,+0000.0082936044661816,+0000.1326976714589027,+0000.0284829656673227,+0000.4557274506771429
+0000.3958983496413729,+0000.0071309908907182,+0000.1140958542514888,+0000.0284044003068494,+0000.4544704049095708
+0000.4158844339332241,+0000.0060330777400043,+0000.0965292438400668,+0000.0283266614403956,+0000.4532265830463094
+0000.4345888896981463,+0000.0050086962409190,+0000.0801391398547019,+0000.0282507808356619,+0000.4520124933705711
+0000.4518596072718048,+0000.0040657243023907,+0000.0650515888382497,+0000.0281778282110338,+0000.4508452513765210
+0000.4675616795948392,+0000.0032110028725348,+0000.0513760459605557,+0000.0281088983277700,+0000.4497423732443000
+0000.4815786571732064,+0000.0024502749489895,+0000.0392043991838299,+0000.0280450981584702,+0000.4487215705355041
+0000.4938134089530404,+0000.0017881473935132,+0000.0286103582962097,+0000.0279875344327798,+0000.4478005509244571
+0000.5041885954270224,+0000.0012280749174555,+0000.0196491986792875,+0000.0279373018221326,+0000.4469968291541021
+0000.5126467727479883,+0000.0007723649191006,+0000.0123578387056080,+0000.0278954719780778,+0000.4463275516492253
+0000.5191501570282059,+0000.0004222012939227,+0000.0067552207027626,+0000.0278630835867723,+0000.4458093373883368
+0000.5236800860286380,+0000.0001776849200432,+0000.0028429587206914,+0000.0278411335488616,+0000.4454581367817655
+0000.5262362209623085,+0000.0000378882482551,+0000.0006062119720817,+0000.0278305693421985,+0000.4452891094751560
+0000.5268355341939837,+0000.0000009212937970,+0000.0000147407007525,+0000.0278322825771463,+0000.4453165212343206
+0000.5255111294029726,+0000.0000640063226520,+0000.0010241011624315,+0000.0278471037124685,+0000.4455536593994754
+0000.5223109395817159,+0000.0002235586299309,+0000.0035769380788947,+0000.0278757978652634,+0000.4460127658441950
+0000.5172963454325551,+0000.0004752709999209,+0000.0076043359987353,+0000.0279190616216946,+0000.4467049859470940
+0000.5105407526916160,+0000.0008141996934196,+0000.0130271950947139,+0000.0279775207364865,+0000.4476403317837643
+0000.5021281620436016,+0000.0012348501053728,+0000.0197576016859660,+0000.0280517285979458,+0000.4488276575671137
+0000.4921517599591739,+0000.0017312605538166,+0000.0277001688610664,+0000.0281421653309390,+0000.4502746452950040
+0000.4807125533077571,+0000.0022970829817658,+0000.0367533277082538,+0000.0282492374118966,+0000.4519877985903269
+0000.4679180652384023,+0000.0029256596624174,+0000.0468105545986803,+0000.0283732776765011,+0000.4539724428239988
+0000.4538811047863295,+0000.0036100952837499,+0000.0577615245399997,+0000.0285145456111730,+0000.4562327297787481
+0000.4387186181016228,+0000.0043433240435836,+0000.0694931846973397,+0000.0286732278327925,+0000.4587716453246612
+0000.4225506252051496,+0000.0051181716057258,+0000.0818907456916148,+0000.0288494386763252,+0000.4615910188211848
+0000.4054992428050824,+0000.0059274119498368,+0000.0948385911973907,+0000.0290432208263358,+0000.4646915332213543
+0000.3876877909680515,+0000.0067638192920950,+0000.1082211086735214,+0000.0292545459450795,+0000.4680727351212525
+0000.3692399793155455,+0000.0076202153621344,+0000.1219234457941527,+0000.0294833152663639,+0000.4717330442618034
+0000.3502791668714614,+0000.0084895123967408,+0000.1358321983478554,+0000.0297293601402330,+0000.4756697622437095
+0000.3309276886695184,+0000.0093647522557763,+0000.1498360360924234,+0000.0299924425283707,+0000.4798790804539113
+0000.3113062416804603,+0000.0102391420845127,+0000.1638262733522051,+0000.0302722554636965,+0000.4843560874191252
+0000.2915333224760497,+0000.0111060869428618,+0000.1776973910857913,+0000.0305684234997245,+0000.4890947759955727
+0000.2717247092472524,+0000.0119592197997319,+0000.1913475167957127,+0000.0308805031857248,+0000.4940880509715779
+0000.2519929812774429,+0000.0127924292535643,+0000.2046788680570309,+0000.0312079836124695,+0000.4993277377994921
+0000.2324470696813061,+0000.0135998852914385,+0000.2175981646630174,+0000.0315502870802504,+0000.5048045932839877
+0000.2131918341040031,+0000.0143760633421191,+0000.2300170134739070,+0000.0319067699458818,+0000.5105083191340892
+0000.1943276610851639,+0000.0151157668159374,+0000.2418522690550005,+0000.0322767237084658,+0000.5164275793354325
+0000.1759500808845569,+0000.0158141482590694,+0000.2530263721451128,+0000.0326593763947812,+0000.5225500223164795
+0000.1581494007007695,+0000.0164667291839840,+0000.2634676669437456,+0000.0330538943042071,+0000.5288623088672937
+0000.1410103533540366,+0000.0170694185737673,+0000.2731106971802784,+0000.0334593841701140,+0000.5353501467218039
+0000.1246117616153289,+0000.0176185299976771,+0000.2818964799628355,+0000.0338748957896575,+0000.5419983326345009
+0000.1090262194142558,+0000.0181107972204613,+0000.2897727555273822,+0000.0342994251669365,+0000.5487908026709644
+0000.0943197921187871,+0000.0185433881403335,+0000.2966942102453365,+0000.0347319182056213,+0000.5557106912899218
+0000.0805517389231189,+0000.0189139168514953,+0000.3026226696239259,+0000.0351712749765576,+0000.5627403996249020
+0000.0677742610816452,+0000.0192204535979806,+0000.3075272575676897,+0000.0356163545736885,+0000.5698616731789962
+0000.0560322802654191,+0000.0194615323673882,+0000.3113845178782125,+0000.0360659805581765,+0000.5770556889308037
+0000.0453632516748423,+0000.0196361558665141,+0000.3141784938642255,+0000.0365189469761434,+0000.5843031516182748
