+0001.0000000000000000,+0000.0000000000000000,+0000.0000000000000000,+0000.0000000000000000,+0000.0000000000000000
+0000.9986983510790661,+0000.0000241046096469,+0000.0003856737543508,+0000.0000241046096469,+0000.0008677659472893
+0000.9940511829903519,+0000.0000541013142870,+0000.0007539256586992,+0000.0001504225806993,+0000.0049903674559625
+0000.9850557136098579,+0000.0000731077007903,+0000.0009290625035567,+0000.0004323129614258,+0000.0135098032243691
+0000.9714507620016727,+0000.0000828775098859,+0000.0009939231887276,+0000.0008886752187788,+0000.0265837620809353
+0000.9534565804610313,+0000.0000869336306462,+0000.0010070698079922,+0000.0015165861952654,+0000.0439328299050647
+0000.9315193641928552,+0000.0000877448035951,+0000.0009964449163253,+0000.0023014588249151,+0000.0650949872623098
+0000.9061894488020026,+0000.0000867486143035,+0000.0009742835413253,+0000.0032229237144612,+0000.0895265953279074
+0000.8780626945340821,+0000.0000847360920487,+0000.0009459711170881,+0000.0042580591296311,+0000.1166485391271499
+0000.8477449214931660,+0000.0000821408145586,+0000.0009140584717424,+0000.0053832817939877,+0000.1458755974265454
+0000.8158255434296467,+0000.0000792078801915,+0000.0008799329027538,+0000.0065755740981925,+0000.1766397416892153
+0000.7828571180094921,+0000.0000760840189443,+0000.0008444861664231,+0000.0078133327076222,+0000.2084089790975182
+0000.7493404766560459,+0000.0000728636173791,+0000.0008083743056680,+0000.0090769467067404,+0000.2407013387141666
+0000.7157153590457692,+0000.0000696117452177,+0000.0007721168391691,+0000.0103491515764660,+0000.2730937607933779
+0000.6823560829742481,+0000.0000663756451212,+0000.0007361351153125,+0000.0116151920878247,+0000.3052262141774936
+0000.6495714118827772,+0000.0000631905931238,+0000.0007007690221551,+0000.0128628289538252,+0000.3368017995481188
+0000.6176076036191197,+0000.0000600830718122,+0000.0006662868497223,+0000.0140822267913574,+0000.3675837996679883
+0000.5866536220824781,+0000.0000570726785904,+0000.0006328934668529,+0000.0152657603736918,+0000.3973906513983868
+0000.5568476088279462,+0000.0000541734347789,+0000.0006007382924379,+0000.0164077722428908,+0000.4260897072019461
+0000.5282838852804348,+0000.0000513947950808,+0000.0005699232318578,+0000.0175043087899863,+0000.4535904879026402
+0000.5010199434574677,+0000.0000487424857318,+0000.0005405103660928,+0000.0185528552774488,+0000.4798379484132591
+0000.4750830561370452,+0000.0000462192234670,+0000.0005125291396190,+0000.0195520839873022,+0000.5048061115125667
+0000.4504762821102958,+0000.0000438253361025,+0000.0004859828607925,+0000.0205016243074425,+0000.5284922853853667
+0000.4271837541175202,+0000.0000415592943602,+0000.0004608544149499,+0000.0214018593418234,+0000.5509119728313466
+0000.4051752178050227,+0000.0000394181617426,+0000.0004371111643389,+0000.0222537505348839,+0000.5720945023340117
+0000.3844098441013633,+0000.0000373979693809,+0000.0004147090622199,+0000.0230586896951885,+0000.5920793591718474
+0000.3648393703779171,+0000.0000354940235114,+0000.0003935960420858,+0000.0238183764940460,+0000.6109131630624397
+0000.3464106430736894,+0000.0000337011537351,+0000.0003737147608796,+0000.0245347188046548,+0000.6286472222070412
+0000.3290676408404031,+0000.0000320139102691,+0000.0003550047816732,+0000.0252097529611997,+0000.6453355875064547
+0000.3127530564718357,+0000.0000304267180500,+0000.0003374042803124,+0000.0258455810129970,+0000.6610335315168052
+0000.2974095107618270,+0000.0000289339949223,+0000.0003208513549610,+0000.0264443222176725,+0000.6757963816706171
+0000.2829804640189563,+0000.0000275302403628,+0000.0003052850094660,+0000.0270080762809871,+0000.6896786444502276
+0000.2694108826314475,+0000.0000262101003500,+0000.0002906458724619,+0000.0275388961553857,+0000.7027333652403548
+0000.2566477097074628,+0000.0000249684131616,+0000.0002768767051083,+0000.0280387685196504,+0000.7150116766546168
+0000.2446401809394564,+0000.0000238002401088,+0000.0002639227418504,+0000.0285096003569834,+0000.7265624957216010
+0000.2333400197344925,+0000.0000227008845224,+0000.0002517319009301,+0000.0289532103169095,+0000.7374323371631456
+0000.2227015394289180,+0000.0000216659016977,+0000.0002402548946567,+0000.0293713237824949,+0000.7476652159922328
+0000.2126816750758698,+0000.0000206911019878,+0000.0002294452637004,+0000.0297655707675768,+0000.7573026177908653
+0000.2032399628077652,+0000.0000197725487962,+0000.0002192593548281,+0000.0301374859404687,+0000.7663835193481421
+0000.1943384810516463,+0000.0000189065528575,+0000.0002096562574849,+0000.0304885102137681,+0000.7749444459242429
+0000.1859417648187231,+0000.0000180896638995,+0000.0002005977113286,+0000.0308199934578192,+0000.7830195543482295
+0000.1780167018051563,+0000.0000173186605349,+0000.0001920479941405,+0000.0311331979915788,+0000.7906407335485892
+0000.1705324170388882,+0000.0000165905390390,+0000.0001839737973805,+0000.0314293025824450,+0000.7978377160422472
+0000.1634601512058367,+0000.0000159025015126,+0000.0001763440949229,+0000.0317094067490640,+0000.8046381954486639
+0000.1567731365168099,+0000.0000152519438053,+0000.0001691300091388,+0000.0319745352109303,+0000.8110679463193160
+0000.1504464729731104,+0000.0000146364434780,+0000.0001623046774096,+0000.0322256423680319,+0000.8171509435379704
+0000.1444570071026400,+0000.0000140537480053,+0000.0001558431213042,+0000.0324636167248242,+0000.8229094793032267
+0000.1387832146266980,+0000.0000135017633610,+0000.0001497221199986,+0000.0326892851970724,+0000.8283642762928701
+0000.1334050880454797,+0000.0000129785430809,+0000.0001439200889999,+0000.0329034172589301,+0000.8335345960635093
+0000.1283040297688520,+0000.0000124822778666,+0000.0001384169648543,+0000.0331067289021173,+0000.8384383420863096
+0000.1234627511451176,+0000.0000120112857620,+0000.0001331940962171,+0000.0332998863901233,+0000.8430921570827802
+0000.1188651775354432,+0000.0000115640029182,+0000.0001282341414449,+0000.0334835097987159,+0000.8475115145214775
+0000.1144963594304694,+0000.0000111389749465,+0000.0001235209727067,+0000.0336581763402605,+0000.8517108042816171
+0000.1103423894963506,+0000.0000107348488480,+0000.0001190395864914,+0000.0338244234739138,+0000.8557034125943961
+0000.1063903253606308,+0000.0000103503655019,+0000.0001147760203075,+0000.0339827518070250,+0000.8595017964465350
+0000.1026281178964014,+0000.0000099843526881,+0000.0001107172753149,+0000.0341336277953453,+0000.8631175526802501
+0000.0990445447302140,+0000.0000096357186187,+0000.0001068512445917,+0000.0342774862511518,+0000.8665614820554236
+0000.0956291486805666,+0000.0000093034459489,+0000.0001031666467204,+0000.0344147326693070,+0000.8698436485574569
+0000.0923721808258226,+0000.0000089865862381,+0000.0000996529643685,+0000.0345457453817619,+0000.8729734342418091
+0000.0892645479003188,+0000.0000086842548324,+0000.0000963003875382,+0000.0346708775511613,+0000.8759595899061492
+0000.0862977637229826,+0000.0000083956261389,+0000.0000930997611671,+0000.0347904590141273,+0000.8788102818755841
+0000.0834639043723207,+0000.0000081199292656,+0000.0000900425367693,+0000.0349047979845406,+0000.8815331351771040
+0000.0807555668338564,+0000.0000078564439972,+0000.0000871207278242,+0000.0350141826267685,+0000.8841352733675536
+0000.0781658308600133,+0000.0000076044970858,+0000.0000843268686296,+0000.0351188825083305,+0000.8866233552659409
+0000.0756882237973090,+0000.0000073634588280,+0000.0000816539763569,+0000.0352191499409979,+0000.8890036088265081
+0000.0733166881509993,+0000.0000071327399101,+0000.0000790955160591,+0000.0353152212187919,+0000.8912818623742393
+0000.0710455516725828,+0000.0000069117884977,+0000.0000766453684006,+0000.0354073177608133,+0000.8934635734097057
+0000.0688694997705560,+0000.0000067000875516,+0000.0000742977998934,+0000.0354956471663049,+0000.8955538551756940
+0000.0667835500592932,+0000.0000064971523518,+0000.0000720474354396,+0000.0355804041888292,+0000.8975575011640864
+0000.0647830288747712,+0000.0000063025282130,+0000.0000698892329966,+0000.0356617716359448,+0000.8994790077280743
+0000.0628635495989967,+0000.0000061157883754,+0000.0000678184601929,+0000.0357399212002890,+0000.9013225949521460
+0000.0610209926473541,+0000.0000059365320582,+0000.0000658306727377,+0000.0358150142275229,+0000.9030922259203272
+0000.0592514869846726,+0000.0000057643826611,+0000.0000639216944807,+0000.0358872024261713,+0000.9047916245120140
+0000.0575513930466050,+0000.0000055989861029,+0000.0000620875989866,+0000.0359566285239930,+0000.9064242918443124
+0000.0559172869529364,+0000.0000054400092854,+0000.0000603246925047,+0000.0360234268751458,+0000.9079935214701278
+0000.0543459459087244,+0000.0000052871386735,+0000.0000586294982190,+0000.0360877240220710,+0000.9095024134323120
+0000.0528343346977455,+0000.0000051400789810,+0000.0000569987416774,+0000.0361496392156979,+0000.9109538872658981
+0000.0513795931806276,+0000.0000049985519544,+0000.0000554293373039,+0000.0362092848972818,+0000.9123506940328321
+0000.0499790247173185,+0000.0000048622952463,+0000.0000539183759093,+0000.0362667671449116,+0000.9136954274666144
+0000.0486300854402234,+0000.0000047310613722,+0000.0000524631131179,+0000.0363221860874788,+0000.9149905342978077
+0000.0473303743104766,+0000.0000046046167431,+0000.0000510609586408,+0000.0363756362886668,+0000.9162383238254725
+0000.0460776238954351,+0000.0000044827407676,+0000.0000497094663262,+0000.0364272071033098,+0000.9174409767941613
+0000.0448696918106331,+0000.0000043652250204,+0000.0000484063249266,+0000.0364769830082780,+0000.9186005536311418
+0000.0437045527741544,+0000.0000042518724684,+0000.0000471493495272,+0000.0365250439098674,+0000.9197190020939827
+0000.0425802912256973,+0000.0000041424967531,+0000.0000459364735830,+0000.0365714654295102,+0000.9207981643744564
+0000.0414950944665550,+0000.0000040369215228,+0000.0000447657415184,+0000.0366163191694736,+0000.9218397837009302
+0000.0404472462803490,+0000.0000039349798126,+0000.0000436353018446,+0000.0366596729600774,+0000.9228455104779167
+0000.0394351209976569,+0000.0000038365134664,+0000.0000425434007567,+0000.0367015910898370,+0000.9238169079982830
+0000.0384571779706994,+0000.0000037413725996,+0000.0000414883761730,+0000.0367421345198231,+0000.9247554577607048
+0000.0375119564270117,+0000.0000036494150985,+0000.0000404686521829,+0000.0367813610834258,+0000.9256625644222810
+0000.0365980706735546,+0000.0000035605061537,+0000.0000394827338727,+0000.0368193256726149,+0000.9265395604138043
+0000.0357142056250324,+0000.0000034745178246,+0000.0000385292025021,+0000.0368560804116980,+0000.9273877102429429
+0000.0348591126322974,+0000.0000033913286344,+0000.0000376067110033,+0000.0368916748195033,+0000.9282082145085614
+0000.0340316055886584,+0000.0000033108231906,+0000.0000367139797806,+0000.0369261559608336,+0000.9290022136475369
+0000.0332305572936793,+0000.0000032328918316,+0000.0000358497927875,+0000.0369595685879766,+0000.9297707914337250
+0000.0324548960556768,+0000.0000031574302961,+0000.0000350129938614,+0000.0369919552729903,+0000.9305149782471753
+0000.0317036025156107,+0000.0000030843394139,+0000.0000342024832974,+0000.0370233565314302,+0000.9312357541302478
+0000.0309757066764192,+0000.0000030135248172,+0000.0000334172146432,+0000.0370538109381278,+0000.9319340516459925
+0000.0302702851230982,+0000.0000029448966700,+0000.0000326561917000,+0000.0370833552355882,+0000.9326107585529438
+0000.0295864584199680,+0000.0000028783694148,+0000.0000319184657151,+0000.0371120244355260,+0000.9332667203093761
+0000.0289233886726148,+0000.0000028138615358,+0000.0000312031327510,+0000.0371398519140221,+0000.9339027424190762
+0000.0282802772429586,+0000.0000027512953360,+0000.0000305093312210,+0000.0371668695007453,+0000.9345195926297390
+0000.0276563626067796,+0000.0000026905967292,+0000.0000298362395775,+0000.0371931075626499,+0000.9351180029942636
+0000.0270509183438458,+0000.0000026316950444,+0000.0000291830741437,+0000.0372185950825284,+0000.9356986718044378
+0000.0264632512515274,+0000.0000025745228421,+0000.0000285490870787,+0000.0372433597327721,+0000.9362622654057797
+0000.0258926995734692,+0000.0000025190157423,+0000.0000279335644664,+0000.0372674279446631,+0000.9368094199016592
+0000.0253386313355180,+0000.0000024651122623,+0000.0000273358245204,+0000.0372908249734999,+0000.9373407427541993
+0000.0248004427816829,+0000.0000024127536647,+0000.0000267552158967,+0000.0373135749598351,+0000.9378568142889208
+0000.0242775569034362,+0000.0000023618838141,+0000.0000261911161068,+0000.0373357009870835,+0000.9383581891095593
+0000.0237694220561534,+0000.0000023124490429,+0000.0000256429300255,+0000.0373572251357410,+0000.9388453974290372
+0000.0232755106569426,+0000.0000022643980242,+0000.0000251100884857,+0000.0373781685344349,+0000.9393189463221127
+0000.0227953179585272,+0000.0000022176816529,+0000.0000245920469559,+0000.0373985514080147,+0000.9397793209048493
+0000.0223283608942314,+0000.0000021722529331,+0000.0000240882842941,+0000.0374183931228720,+0000.9402269854456693
+0000.0218741769894693,+0000.0000021280668719,+0000.0000235983015734,+0000.0374377122296703,+0000.9406623844124153
+0000.0214323233354671,+0000.0000020850803804,+0000.0000231216209749,+0000.0374565265036472,+0000.9410859434595301
+0000.0210023756212468,+0000.0000020432521787,+0000.0000226577847435,+0000.0374748529826464,+0000.9414980703591848
+0000.0205839272201786,+0000.0000020025427074,+0000.0000222063542021,+0000.0374927080030189,+0000.9418991558798928
+0000.0201765883276681,+0000.0000019629140438,+0000.0000217669088217,+0000.0375101072335297,+0000.9422895746159365
+0000.0197799851467780,+0000.0000019243298223,+0000.0000213390453426,+0000.0375270657073920,+0000.9426696857706653
+0000.0193937591188092,+0000.0000018867551599,+0000.0000209223769447,+0000.0375435978525458,+0000.9430398338965404
+0000.0190175661960652,+0000.0000018501565854,+0000.0000205165324621,+0000.0375597175202881,+0000.9434003495945991
+0000.0186510761542134,+0000.0000018145019723,+0000.0000201211556425,+0000.0375754380123544,+0000.9437515501758171
+0000.0182939719418335,+0000.0000017797604758,+0000.0000197359044442,+0000.0375907721065470,+0000.9440937402866995
+0000.0179459490649011,+0000.0000017459024725,+0000.0000193604503730,+0000.0376057320809957,+0000.9444272125012577
+0000.0176067150041078,+0000.0000017128995044,+0000.0000189944778532,+0000.0376203297371340,+0000.9447522478814006
+0000.0172759886630564,+0000.0000016807242243,+0000.0000186376836324,+0000.0376345764214660,+0000.9450691165076209
+0000.0169534998454998,+0000.0000016493503459,+0000.0000182897762175,+0000.0376484830461959,+0000.9453780779817411
+0000.0166389887599105,+0000.0000016187525949,+0000.0000179504753400,+0000.0376620601087869,+0000.9456793819033678
+0000.0163322055497814,+0000.0000015889066635,+0000.0000176195114499,+0000.0376753177105112,+0000.9459732683215940
+0000.0160329098481592,+0000.0000015597891672,+0000.0000172966252343,+0000.0376882655740498,+0000.9462599681633896
+0000.0157408703550095,+0000.0000015313776036,+0000.0000169815671622,+0000.0377009130601972,+0000.9465397036400272
+0000.0154558644361032,+0000.0000015036503133,+0000.0000166740970514,+0000.0377132691837211,+0000.9468126886328108
+0000.0151776777421927,+0000.0000014765864431,+0000.0000163739836574,+0000.0377253426284257,+0000.9470791290592814
+0000.0149061038473293,+0000.0000014501659103,+0000.0000160810042839,+0000.0377371417614638,+0000.9473392232210128
+0000.0146409439052420,+0000.0000014243693700,+0000.0000157949444115,+0000.0377486746469391,+0000.9475931621340374
+0000.0143820063227651,+0000.0000013991781827,+0000.0000155155973456,+0000.0377599490588383,+0000.9478411298428687
+0000.0141291064493658,+0000.0000013745743842,+0000.0000152427638816,+0000.0377709724933309,+0000.9480833037190374
+0000.0138820662818818,+0000.0000013505406573,+0000.0000149762519861,+0000.0377817521804705,+0000.9483198547450045
+0000.0136407141836311,+0000.0000013270603039,+0000.0000147158764939,+0000.0377922950953307,+0000.9485509477842403
+0000.0134048846171092,+0000.0000013041172196,+0000.0000144614588198,+0000.0378026079686066,+0000.9487767418382449
+0000.0131744178895363,+0000.0000012816958682,+0000.0000142128266842,+0000.0378126972967100,+0000.9489973902912011
+0000.0129491599105595,+0000.0000012597812589,+0000.0000139698138512,+0000.0378225693513866,+0000.9492130411429440
+0000.0127289619614586,+0000.0000012383589233,+0000.0000137322598801,+0000.0378322301888794,+0000.9494238372308588
+0000.0125136804752413,+0000.0000012174148942,+0000.0000135000098879,+0000.0378416856586635,+0000.9496299164413131
+0000.0123031768270522,+0000.0000011969356853,+0000.0000132729143234,+0000.0378509414117736,+0000.9498314119111655
+0000.0120973171343487,+0000.0000011769082716,+0000.0000130508287513,+0000.0378600029087477,+0000.9500284522198807
+0000.0118959720663359,+0000.0000011573200709,+0000.0000128336136471,+0000.0378688754272038,+0000.9502211615727424
+0000.0116990166621758,+0000.0000011381589262,+0000.0000126211342004,+0000.0378775640690720,+0000.9504096599756258
+0000.0115063301575178,+0000.0000011194130887,+0000.0000124132601282,+0000.0378860737674971,+0000.9505940634017681
+0000.0113177958189209,+0000.0000011010712018,+0000.0000122098654962,+0000.0378944092934300,+0000.9507744839509510
+0000.0111333007857663,+0000.0000010831222856,+0000.0000120108285480,+0000.0379025752619231,+0000.9509510300014770
+0000.0109527359192757,+0000.0000010655557225,+0000.0000118160315426,+0000.0379105761381448,+0000.9511238063553143
+0000.0107759956582804,+0000.0000010483612427,+0000.0000116253605985,+0000.0379184162431277,+0000.9512929143767509
+0000.0106029778813970,+0000.0000010315289112,+0000.0000114387055450,+0000.0379260997592630,+0000.9514584521248838
+0000.0104335837752940,+0000.0000010150491147,+0000.0000112559597803,+0000.0379336307355538,+0000.9516205144802570
+0000.0102677177087424,+0000.0000009989125496,+0000.0000110770201356,+0000.0379410130926403,+0000.9517791932659317
+0000.0101052871121677,+0000.0000009831102100,+0000.0000109017867449,+0000.0379482506276068,+0000.9519345773632707
+0000.0099462023624308,+0000.0000009676333770,+0000.0000107301629210,+0000.0379553470185811,+0000.9520867528226900
+0000.0097903766725831,+0000.0000009524736072,+0000.0000105620550363,+0000.0379623058291384,+0000.9522358029696349
+0000.0096377259863544,+0000.0000009376227230,+0000.0000103973724094,+0000.0379691305125163,+0000.9523818085059970
+0000.0094881688771439,+0000.0000009230728028,+0000.0000102360271954,+0000.0379758244156517,+0000.9525248476072061
+0000.0093416264512985,+0000.0000009088161713,+0000.0000100779342825,+0000.0379823907830485,+0000.9526649960151995
+0000.0091980222554738,+0000.0000008948453905,+0000.0000099230111911,+0000.0379888327604819,+0000.9528023271274627
+0000.0090572821878828,+0000.0000008811532513,+0000.0000097711779789,+0000.0379951533985503,+0000.9529369120823368
+0000.0089193344132497,+0000.0000008677327652,+0000.0000096223571483,+0000.0380013556560786,+0000.9530688198407582
+0000.0087841092812932,+0000.0000008545771560,+0000.0000094764735594,+0000.0380074424033824,+0000.9531981172646091
+0000.0086515392485760,+0000.0000008416798527,+0000.0000093334543448,+0000.0380134164253977,+0000.9533248691918288
+0000.0085215588035621,+0000.0000008290344819,+0000.0000091932288295,+0000.0380192804246843,+0000.9534491385084423
+0000.0083941043947349,+0000.0000008166348608,+0000.0000090557284528,+0000.0380250370243065,+0000.9535709862176449
+0000.0082691143616348,+0000.0000008044749908,+0000.0000089208866942,+0000.0380306887705983,+0000.9536904715060819
+0000.0081465288686822,+0000.0000007925490506,+0000.0000087886390017,+0000.0380362381358178,+0000.9538076518074474
+0000.0080262898416602,+0000.0000007808513904,+0000.0000086589227238,+0000.0380416875206961,+0000.9539225828635295
+0000.0079083409067355,+0000.0000007693765257,+0000.0000085316770433,+0000.0380470392568841,+0000.9540353187828114
+0000.0077926273319036,+0000.0000007581191319,+0000.0000084068429142,+0000.0380522956093046,+0000.9541459120967459
+0000.0076790959707497,+0000.0000007470740385,+0000.0000082843630010,+0000.0380574587784107,+0000.9542544138137998
+0000.0075676952084220,+0000.0000007362362240,+0000.0000081641816206,+0000.0380625309023567,+0000.9543608734713767
+0000.0074583749097196,+0000.0000007256008110,+0000.0000080462446862,+0000.0380675140590850,+0000.9544653391856985
+0000.0073510863692005,+0000.0000007151630611,+0000.0000079304996534,+0000.0380724102683317,+0000.9545678576997533
+0000.0072457822632230,+0000.0000007049183703,+0000.0000078168954683,+0000.0380772214935564,+0000.9546684744293821
+0000.0071424166038343,+0000.0000006948622646,+0000.0000077053825185,+0000.0380819496437970,+0000.9547672335075854
+0000.0070409446944271,+0000.0000006849903957,+0000.0000075959125841,+0000.0380865965754550,+0000.9548641778271382
+0000.0069413230870868,+0000.0000006752985365,+0000.0000074884387928,+0000.0380911640940127,+0000.9549593490815714
+0000.0068435095415583,+0000.0000006657825778,+0000.0000073829155748,+0000.0380956539556862,+0000.9550527878046028
+0000.0067474629857604,+0000.0000006564385237,+0000.0000072792986209,+0000.0381000678690165,+0000.9551445334080786
+0000.0066531434777850,+0000.0000006472624884,+0000.0000071775448409,+0000.0381044074964009,+0000.9552346242184846
+0000.0065605121693161,+0000.0000006382506925,+0000.0000070776123244,+0000.0381086744555685,+0000.9553230975120985
+0000.0064695312704083,+0000.0000006293994595,+0000.0000069794603029,+0000.0381128703210007,+0000.9554099895488283
+0000.0063801640155708,+0000.0000006207052126,+0000.0000068830491131,+0000.0381169966252997,+0000.9554953356048040
+0000.0062923746310983,+0000.0000006121644716,+0000.0000067883401615,+0000.0381210548605073,+0000.9555791700037612
+0000.0062061283036003,+0000.0000006037738495,+0000.0000066952958908,+0000.0381250464793755,+0000.9556615261472841
+0000.0061213911496776,+0000.0000005955300500,+0000.0000066038797468,+0000.0381289728965915,+0000.9557424365439342
+0000.0060381301866992,+0000.0000005874298642,+0000.0000065140561473,+0000.0381328354899586,+0000.9558219328373307
+0000.0059563133046346,+0000.0000005794701683,+0000.0000064257904513,+0000.0381366356015345,+0000.9559000458332110
+0000.0058759092388984,+0000.0000005716479207,+0000.0000063390489299,+0000.0381403745387297,+0000.9559768055255213
+0000.0057968875441660,+0000.0000005639601595,+0000.0000062537987381,+0000.0381440535753663,+0000.9560522411215701
+0000.0057192185691215,+0000.0000005564039998,+0000.0000061700078875,+0000.0381476739526999,+0000.9561263810662913
+0000.0056428734321007,+0000.0000005489766321,+0000.0000060876452200,+0000.0381512368804056,+0000.9561992530656414
+0000.0055678239975918,+0000.0000005416753190,+0000.0000060066803824,+0000.0381547435375296,+0000.9562708841091776
+0000.0054940428535621,+0000.0000005344973937,+0000.0000059270838020,+0000.0381581950734073,+0000.9563413004918350
+0000.0054215032895756,+0000.0000005274402576,+0000.0000058488266631,+0000.0381615926085503,+0000.9564105278349531
+0000.0053501792756722,+0000.0000005205013784,+0000.0000057718808840,+0000.0381649372355022,+0000.9564785911065629
+0000.0052800454419770,+0000.0000005136782880,+0000.0000056962190953,+0000.0381682300196658,+0000.9565455146409740
+0000.0052110770590128,+0000.0000005069685804,+0000.0000056218146182,+0000.0381714720001011,+0000.9566113221576877
+0000.0051432500186873,+0000.0000005003699103,+0000.0000055486414445,+0000.0381746641902974,+0000.9566760367796604
+0000.0050765408159288,+0000.0000004938799910,+0000.0000054766742164,+0000.0381778075789183,+0000.9567396810509454
+0000.0050109265309465,+0000.0000004874965926,+0000.0000054058882077,+0000.0381809031305221,+0000.9568022769537312
+0000.0049463848120906,+0000.0000004812175406,+0000.0000053362593048,+0000.0381839517862581,+0000.9568638459248059
+0000.0048828938592887,+0000.0000004750407143,+0000.0000052677639894,+0000.0381869544645393,+0000.9569244088714683
+0000.0048204324080390,+0000.0000004689640447,+0000.0000052003793210,+0000.0381899120616937,+0000.9569839861869018
+0000.0047589797139356,+0000.0000004629855138,+0000.0000051340829200,+0000.0381928254525926,+0000.9570425977650379
+0000.0046985155377094,+0000.0000004571031526,+0000.0000050688529520,+0000.0381956954912597,+0000.9571002630149262
+0000.0046390201307630,+0000.0000004513150398,+0000.0000050046681118,+0000.0381985230114597,+0000.9571570008746255
+0000.0045804742211819,+0000.0000004456193004,+0000.0000049415076084,+0000.0382013088272673,+0000.9572128298246421
+0000.0045228590002045,+0000.0000004400141047,+0000.0000048793511505,+0000.0382040537336181,+0000.9572677679009221
+0000.0044661561091330,+0000.0000004344976666,+0000.0000048181789325,+0000.0382067585068423,+0000.9573218327074255
+0000.0044103476266707,+0000.0000004290682425,+0000.0000047579716205,+0000.0382094239051800,+0000.9573750414282864
+0000.0043554160566677,+0000.0000004237241304,+0000.0000046987103392,+0000.0382120506692810,+0000.9574274108395817
+0000.0043013443162625,+0000.0000004184636683,+0000.0000046403766594,+0000.0382146395226883,+0000.9574789573207216
+0000.0042481157244031,+0000.0000004132852333,+0000.0000045829525852,+0000.0382171911723061,+0000.9575296968654723
+0000.0041957139907349,+0000.0000004081872407,+0000.0000045264205422,+0000.0382197063088535,+0000.9575796450926286
+0000.0041441232048422,+0000.0000004031681425,+0000.0000044707633660,+0000.0382221856073034,+0000.9576288172563461
+0000.0040933278258302,+0000.0000003982264268,+0000.0000044159642906,+0000.0382246297273079,+0000.9576772282561443
+0000.0040433126722353,+0000.0000003933606167,+0000.0000043620069382,+0000.0382270393136103,+0000.9577248926465995
+0000.0039940629122525,+0000.0000003885692692,+0000.0000043088753077,+0000.0382294149964447,+0000.9577718246467257
+0000.0039455640542679,+0000.0000003838509746,+0000.0000042565537654,+0000.0382317573919228,+0000.9578180381490693
+0000.0038978019376865,+0000.0000003792043550,+0000.0000042050270345,+0000.0382340671024085,+0000.9578635467285150
+0000.0038507627240442,+0000.0000003746280643,+0000.0000041542801859,+0000.0382363447168824,+0000.9579083636508235
+0000.0038044328883936,+0000.0000003701207867,+0000.0000041042986284,+0000.0382385908112930,+0000.9579525018808983
+0000.0037587992109556,+0000.0000003656812360,+0000.0000040550681005,+0000.0382408059488996,+0000.9579959740908082
+0000.0037138487690263,+0000.0000003613081551,+0000.0000040065746607,+0000.0382429906806029,+0000.9580387926675549
+0000.0036695689291303,+0000.0000003570003149,+0000.0000039588046799,+0000.0382451455452664,+0000.9580809697206087
+0000.0036259473394128,+0000.0000003527565136,+0000.0000039117448325,+0000.0382472710700285,+0000.9581225170892125
+0000.0035829719222618,+0000.0000003485755763,+0000.0000038653820892,+0000.0382493677706047,+0000.9581634463494680
+0000.0035406308671523,+0000.0000003444563541,+0000.0000038197037083,+0000.0382514361515808,+0000.9582037688212047
+0000.0034989126237050,+0000.0000003403977231,+0000.0000037746972292,+0000.0382534767066978,+0000.9582434955746452
+0000.0034578058949536,+0000.0000003363985844,+0000.0000037303504644,+0000.0382554899191280,+0000.9582826374368694
+0000.0034172996308106,+0000.0000003324578630,+0000.0000036866514929,+0000.0382574762617435,+0000.9583212049980901
+0000.0033773830217286,+0000.0000003285745071,+0000.0000036435886531,+0000.0382594361973758,+0000.9583592086177353
+0000.0033380454925477,+0000.0000003247474880,+0000.0000036011505364,+0000.0382613701790693,+0000.9583966584303587
+0000.0032992766965243,+0000.0000003209757991,+0000.0000035593259804,+0000.0382632786503260,+0000.9584335643513703
+0000.0032610665095346,+0000.0000003172584555,+0000.0000035181040631,+0000.0382651620453438,+0000.9584699360826034
+0000.0032234050244472,+0000.0000003135944932,+0000.0000034774740964,+0000.0382670207892483,+0000.9585057831177151
+0000.0031862825456597,+0000.0000003099829691,+0000.0000034374256205,+0000.0382688552983170,+0000.9585411147474339
+0000.0031496895837930,+0000.0000003064229600,+0000.0000033979483981,+0000.0382706659801978,+0000.9585759400646510
+0000.0031136168505388,+0000.0000003029135622,+0000.0000033590324088,+0000.0382724532341211,+0000.9586102679693692
+0000.0030780552536550,+0000.0000002994538912,+0000.0000033206678437,+0000.0382742174511058,+0000.9586441071735043
+0000.0030429958921048,+0000.0000002960430810,+0000.0000032828451001,+0000.0382759590141594,+0000.9586774662055546
+0000.0030084300513337,+0000.0000002926802838,+0000.0000032455547767,+0000.0382776782984728,+0000.9587103534151331
+0000.0029743491986811,+0000.0000002893646695,+0000.0000032087876682,+0000.0382793756716091,+0000.9587427769773724
+0000.0029407449789215,+0000.0000002860954253,+0000.0000031725347608,+0000.0382810514936875,+0000.9587747448972046
+0000.0029076092099317,+0000.0000002828717551,+0000.0000031367872275,+0000.0382827061175624,+0000.9588062650135235
+0000.0028749338784790,+0000.0000002796928794,+0000.0000031015364235,+0000.0382843398889966,+0000.9588373450032214
+0000.0028427111361279,+0000.0000002765580345,+0000.0000030667738818,+0000.0382859531468305,+0000.9588679923851251
+0000.0028109332952607,+0000.0000002734664727,+0000.0000030324913086,+0000.0382875462231465,+0000.9588982145238114
+0000.0027795928252081,+0000.0000002704174613,+0000.0000029986805799,+0000.0382891194434284,+0000.9589280186333220
+0000.0027486823484877,+0000.0000002674102825,+0000.0000029653337367,+0000.0382906731267173,+0000.9589574117807759
+0000.0027181946371454,+0000.0000002644442331,+0000.0000029324429812,+0000.0382922075857625,+0000.9589864008898781
+0000.0026881226091974,+0000.0000002615186242,+0000.0000029000006733,+0000.0382937231271686,+0000.9590149927443365
+0000.0026584593251701,+0000.0000002586327807,+0000.0000028679993266,+0000.0382952200515387,+0000.9590431939911837
+0000.0026291979847336,+0000.0000002557860409,+0000.0000028364316047,+0000.0382966986536137,+0000.9590710111440072
+0000.0026003319234269,+0000.0000002529777566,+0000.0000028052903179,+0000.0382981592224075,+0000.9590984505860913
+0000.0025718546094718,+0000.0000002502072922,+0000.0000027745684195,+0000.0382996020413395,+0000.9591255185734768
+0000.0025437596406726,+0000.0000002474740249,+0000.0000027442590027,+0000.0383010273883625,+0000.9591522212379373
+0000.0025160407413991,+0000.0000002447773442,+0000.0000027143552973,+0000.0383024355360879,+0000.9591785645898714
+0000.0024886917596505,+0000.0000002421166516,+0000.0000026848506664,+0000.0383038267519071,+0000.9592045545211245
+0000.0024617066641969,+0000.0000002394913602,+0000.0000026557386033,+0000.0383052012981106,+0000.9592301968077288
+0000.0024350795417983,+0000.0000002369008949,+0000.0000026270127288,+0000.0383065594320027,+0000.9592554971125753
+0000.0024088045944952,+0000.0000002343446915,+0000.0000025986667878,+0000.0383079014060142,+0000.9592804609880112
+0000.0023828761369726,+0000.0000002318221970,+0000.0000025706946469,+0000.0383092274678120,+0000.9593050938783717
+0000.0023572885939921,+0000.0000002293328689,+0000.0000025430902915,+0000.0383105378604051,+0000.9593294011224425
+0000.0023320364978915,+0000.0000002268761754,+0000.0000025158478229,+0000.0383118328222491,+0000.9593533879558611
+0000.0023071144861503,+0000.0000002244515947,+0000.0000024889614560,+0000.0383131125873469,+0000.9593770595134519
+0000.0022825172990178,+0000.0000002220586151,+0000.0000024624255164,+0000.0383143773853476,+0000.9594004208315032
+0000.0022582397772029,+0000.0000002196967347,+0000.0000024362344381,+0000.0383156274416421,+0000.9594234768499822
+0000.0022342768596238,+0000.0000002173654611,+0000.0000024103827612,+0000.0383168629774573,+0000.9594462324146966
+0000.0022106235812157,+0000.0000002150643113,+0000.0000023848651293,+0000.0383180842099465,+0000.9594686922793970
+0000.0021872750707943,+0000.0000002127928114,+0000.0000023596762872,+0000.0383192913522792,+0000.9594908611078280
+0000.0021642265489741,+0000.0000002105504963,+0000.0000023348110789,+0000.0383204846137271,+0000.9595127434757238
+0000.0021414733261404,+0000.0000002083369100,+0000.0000023102644450,+0000.0383216641997488,+0000.9595343438727559
+0000.0021190108004717,+0000.0000002061516046,+0000.0000022860314210,+0000.0383228303120723,+0000.9595556667044304
+0000.0020968344560130,+0000.0000002039941409,+0000.0000022621071351,+0000.0383239831487752,+0000.9595767162939359
+0000.0020749398607974,+0000.0000002018640876,+0000.0000022384868059,+0000.0383251229043627,+0000.9595974968839465
+0000.0020533226650149,+0000.0000001997610215,+0000.0000022151657409,+0000.0383262497698445,+0000.9596180126383781
+0000.0020319785992273,+0000.0000001976845274,+0000.0000021921393339,+0000.0383273639328091,+0000.9596382676441022
+0000.0020109034726273,+0000.0000001956341976,+0000.0000021694030639,+0000.0383284655774961,+0000.9596582659126152
+0000.0019900931713413,+0000.0000001936096317,+0000.0000021469524928,+0000.0383295548848675,+0000.9596780113816664
+0000.0019695436567739,+0000.0000001916104369,+0000.0000021247832637,+0000.0383306320326767,+0000.9596975079168490
+0000.0019492509639939,+0000.0000001896362274,+0000.0000021028910991,+0000.0383316971955359,+0000.9597167593131439
+0000.0019292112001598,+0000.0000001876866246,+0000.0000020812717993,+0000.0383327505449818,+0000.9597357692964346
+0000.0019094205429836,+0000.0000001857612565,+0000.0000020599212407,+0000.0383337922495400,+0000.9597545415249790
+0000.0018898752392326,+0000.0000001838597580,+0000.0000020388353744,+0000.0383348224747876,+0000.9597730795908475
+0000.0018705716032679,+0000.0000001819817707,+0000.0000020180102241,+0000.0383358413834143,+0000.9597913870213231
+0000.0018515060156182,+0000.0000001801269422,+0000.0000019974418851,+0000.0383368491352821,+0000.9598094672802724
+0000.0018326749215881,+0000.0000001782949269,+0000.0000019771265226,+0000.0383378458874836,+0000.9598273237694788
+0000.0018140748299001,+0000.0000001764853851,+0000.0000019570603700,+0000.0383388317943989,+0000.9598449598299461
+0000.0017957023113697,+0000.0000001746979830,+0000.0000019372397279,+0000.0383398070077510,+0000.9598623787431684
+0000.0017775539976115,+0000.0000001729323932,+0000.0000019176609625,+0000.0383407716766601,+0000.9598795837323726
+0000.0017596265797771,+0000.0000001711882935,+0000.0000018983205040,+0000.0383417259476965,+0000.9598965779637286
+0000.0017419168073225,+0000.0000001694653679,+0000.0000018792148457,+0000.0383426699649324,+0000.9599133645475317
+0000.0017244214868053,+0000.0000001677633056,+0000.0000018603405424,+0000.0383436038699920,+0000.9599299465393546
+0000.0017071374807099,+0000.0000001660818014,+0000.0000018416942094,+0000.0383445278021014,+0000.9599463269411779
+0000.0016900617063010,+0000.0000001644205554,+0000.0000018232725209,+0000.0383454418981361,+0000.9599625087024868
+0000.0016731911345035,+0000.0000001627792728,+0000.0000018050722092,+0000.0383463462926687,+0000.9599784947213461
+0000.0016565227888094,+0000.0000001611576642,+0000.0000017870900630,+0000.0383472411180140,+0000.9599942878454494
+0000.0016400537442097,+0000.0000001595554449,+0000.0000017693229268,+0000.0383481265042747,+0000.9600098908731438
+0000.0016237811261513,+0000.0000001579723353,+0000.0000017517676995,+0000.0383490025793849,+0000.9600253065544291
+0000.0016077021095189,+0000.0000001564080606,+0000.0000017344213334,+0000.0383498694691529,+0000.9600405375919341
+0000.0015918139176393,+0000.0000001548623505,+0000.0000017172808328,+0000.0383507272973029,+0000.9600555866418745
+0000.0015761138213094,+0000.0000001533349397,+0000.0000017003432535,+0000.0383515761855165,+0000.9600704563149810
+0000.0015605991378470,+0000.0000001518255671,+0000.0000016836057013,+0000.0383524162534721,+0000.9600851491774125
+0000.0015452672301625,+0000.0000001503339761,+0000.0000016670653313,+0000.0383532476188842,+0000.9600996677516462
+0000.0015301155058526,+0000.0000001488599146,+0000.0000016507193467,+0000.0383540703975416,+0000.9601140145173446
+0000.0015151414163142,+0000.0000001474031346,+0000.0000016345649981,+0000.0383548847033449,+0000.9601281919122081
+0000.0015003424558788,+0000.0000001459633923,+0000.0000016185995822,+0000.0383556906483426,+0000.9601422023328045
+0000.0014857161609663,+0000.0000001445404481,+0000.0000016028204415,+0000.0383564883427670,+0000.9601560481353772
+0000.0014712601092584,+0000.0000001431340663,+0000.0000015872249625,+0000.0383572778950694,+0000.9601697316366435
+0000.0014569719188901,+0000.0000001417440151,+0000.0000015718105757,+0000.0383580594119537,+0000.9601832551145655
+0000.0014428492476595,+0000.0000001403700668,+0000.0000015565747542,+0000.0383588329984100,+0000.9601966208091093
+0000.0014288897922557,+0000.0000001390119972,+0000.0000015415150133,+0000.0383595987577472,+0000.9602098309229865
+0000.0014150912875036,+0000.0000001376695860,+0000.0000015266289092,+0000.0383603567916249,+0000.9602228876223763
+0000.0014014515056256,+0000.0000001363426164,+0000.0000015119140385,+0000.0383611072000848,+0000.9602357930376346
+0000.0013879682555199,+0000.0000001350308752,+0000.0000014973680374,+0000.0383618500815809,+0000.9602485492639867
+0000.0013746393820542,+0000.0000001337341529,+0000.0000014829885809,+0000.0383625855330094,+0000.9602611583622025
+0000.0013614627653762,+0000.0000001324522431,+0000.0000014687733821,+0000.0383633136497381,+0000.9602736223592605
+0000.0013484363202378,+0000.0000001311849430,+0000.0000014547201914,+0000.0383640345256350,+0000.9602859432489926
+0000.0013355579953354,+0000.0000001299320531,+0000.0000014408267958,+0000.0383647482530959,+0000.9602981229927199
+0000.0013228257726639,+0000.0000001286933769,+0000.0000014270910182,+0000.0383654549230722,+0000.9603101635198688
+0000.0013102376668850,+0000.0000001274687214,+0000.0000014135107168,+0000.0383661546250973,+0000.9603220667285797
+0000.0012977917247094,+0000.0000001262578966,+0000.0000014000837844,+0000.0383668474473130,+0000.9603338344862966
+0000.0012854860242925,+0000.0000001250607154,+0000.0000013868081475,+0000.0383675334764952,+0000.9603454686303494
+0000.0012733186746425,+0000.0000001238769939,+0000.0000013736817663,+0000.0383682127980787,+0000.9603569709685187
+0000.0012612878150422,+0000.0000001227065510,+0000.0000013607026333,+0000.0383688854961820,+0000.9603683432795914
+0000.0012493916144827,+0000.0000001215492087,+0000.0000013478687731,+0000.0383695516536313,+0000.9603795873139039
+0000.0012376282711093,+0000.0000001204047917,+0000.0000013351782420,+0000.0383702113519838,+0000.9603907047938731
+0000.0012259960116794,+0000.0000001192731273,+0000.0000013226291268,+0000.0383708646715513,+0000.9604016974145151
+0000.0012144930910319,+0000.0000001181540460,+0000.0000013102195449,+0000.0383715116914219,+0000.9604125668439555
+0000.0012031177915680,+0000.0000001170473804,+0000.0000012979476434,+0000.0383721524894828,+0000.9604233147239254
+0000.0011918684227427,+0000.0000001159529662,+0000.0000012858115983,+0000.0383727871424417,+0000.9604339426702511
+0000.0011807433205672,+0000.0000001148706416,+0000.0000012738096145,+0000.0383734157258479,+0000.9604444522733290
+0000.0011697408471224,+0000.0000001138002471,+0000.0000012619399252,+0000.0383740383141129,+0000.9604548450985925
+0000.0011588593900815,+0000.0000001127416258,+0000.0000012502007907,+0000.0383746549805311,+0000.9604651226869712
+0000.0011480973622437,+0000.0000001116946235,+0000.0000012385904989,+0000.0383752657972991,+0000.9604752865553347
+0000.0011374532010768,+0000.0000001106590880,+0000.0000012271073640,+0000.0383758708355359,+0000.9604853381969350
+0000.0011269253682701,+0000.0000001096348697,+0000.0000012157497264,+0000.0383764701653012,+0000.9604952790818329
+0000.0011165123492959,+0000.0000001086218212,+0000.0000012045159524,+0000.0383770638556148,+0000.9605051106573159
+0000.0011062126529807,+0000.0000001076197976,+0000.0000011934044331,+0000.0383776519744742,+0000.9605148343483145
+0000.0010960248110849,+0000.0000001066286559,+0000.0000011824135846,+0000.0383782345888732,+0000.9605244515578018
