+0001.0000000000000000,+0000.0000000000000000,+0000.0000000000000000,+0000.0000000000000000,+0000.0000000000000000
+0000.9995966708637657,+0000.0000869783860099,+0000.0003122548151492,+0000.0000002409373574,+0000.0000038549977179
+0000.9985078182791716,+0000.0003306683655529,+0000.0011269977052201,+0000.0000020966684410,+0000.0000324189816147
+0000.9968710932825624,+0000.0007073984570019,+0000.0022920711979705,+0000.0000081122644247,+0000.0001213247980403
+0000.9947764695035197,+0000.0011962165982643,+0000.0036897927912218,+0000.0000218057140975,+0000.0003157153928970
+0000.9922778196773016,+0000.0017785907480493,+0000.0052297877684123,+0000.0000474961207806,+0000.0006663056854562
+0000.9894021384289535,+0000.0024381021296631,+0000.0068431550178288,+0000.0000901531890567,+0000.0012264512344978
+0000.9861568228576983,+0000.0031601576240929,+0000.0084777918943851,+0000.0001552628575980,+0000.0020499647662257
+0000.9825353908670879,+0000.0039317339922204,+0000.0100946882400357,+0000.0002487046635785,+0000.0031894822370775
+0000.9785219623787522,+0000.0047411583639095,+0000.0116650106752786,+0000.0003766373963742,+0000.0046952311856856
+0000.9740947693179607,+0000.0055779247541739,+0000.0131678205632657,+0000.0005453905923686,+0000.0066140947722313
+0000.9692289054276074,+0000.0064325438944599,+0000.0145882942818261,+0000.0007613603332779,+0000.0089888960628287
+0000.9638984800075354,+0000.0072964225180840,+0000.0159163385161082,+0000.0010309085939014,+0000.0118578503643709
+0000.9580783012813837,+0000.0081617678568050,+0000.0171455144703515,+0000.0013602660289060,+0000.0152541503625535
+0000.9517451846743735,+0000.0090215131488367,+0000.0182722027048203,+0000.0017554385936899,+0000.0192056608782795
+0000.9448789577584300,+0000.0098692602232851,+0000.0192949548564533,+0000.0022221187687972,+0000.0237347083930344
+0000.9374632157998157,+0000.0106992355939412,+0000.0202139901816298,+0000.0027656024100465,+0000.0288579560145666
+0000.9294858686195044,+0000.0115062569009155,+0000.0210308041245443,+0000.0033907123873711,+0000.0345863579676647
+0000.9209395098810995,+0000.0122857069472075,+0000.0217478634091385,+0000.0041017302147380,+0000.0409251895478163
+0000.9118216331427982,+0000.0130335129720953,+0000.0223683678687749,+0000.0049023368225273,+0000.0478741491938046
+0000.9021347143785550,+0000.0137461291769252,+0000.0228960636951185,+0000.0057955634946472,+0000.0554275292547542
+0000.8918861776417222,+0000.0144205208688376,+0000.0233350962737749,+0000.0067837537988844,+0000.0635744514167809
+0000.8810882586666849,+0000.0150541489134509,+0000.0236898934925041,+0000.0078685370952489,+0000.0722991618321111
+0000.8697577801203912,+0000.0156449534882219,+0000.0239650725260862,+0000.0090508139289549,+0000.0815813799363458
+0000.8579158516372822,+0000.0161913364035637,+0000.0241653647510794,+0000.0103307533182024,+0000.0913966938898723
+0000.8455875074700031,+0000.0166921415078895,+0000.0242955547254786,+0000.0117078016478523,+0000.1017169946487765
+0000.8328012943890118,+0000.0171466329143311,+0000.0243604301615624,+0000.0131807025932682,+0000.1125109399418265
+0000.8195888222376599,+0000.0175544709796775,+0000.0243647405863833,+0000.0147475272372158,+0000.1237444389590635
+0000.8059842892068605,+0000.0179156861290346,+0000.0243131629713372,+0000.0164057133177364,+0000.1353811483750314
+0000.7920239933818159,+0000.0182306507522531,+0000.0242102730577387,+0000.0181521123646181,+0000.1473829704435741
+0000.7777458414092036,+0000.0185000495003934,+0000.0240605214392073,+0000.0199830433518135,+0000.1597105442993824
+0000.7631888642381833,+0000.0187248483832621,+0000.0238682137078263,+0000.0218943514152255,+0000.1723237222555025
+0000.7483927488233167,+0000.0189062631140227,+0000.0236374941487202,+0000.0238814701591622,+0000.1851820237547784
+0000.7333973934764433,+0000.0190457271664528,+0000.0233723325925128,+0000.0259394860973833,+0000.1982450606672081
+0000.7182424932610108,+0000.0191448600076060,+0000.0230765141197678,+0000.0280632038408331,+0000.2114729287707823
+0000.7029671604833110,+0000.0192054359469143,+0000.0227536313662738,+0000.0302472107471403,+0000.2248265614563605
+0000.6876095839976107,+0000.0192293540058649,+0000.0224070792112485,+0000.0324859398790171,+0000.2382680429062587
+0000.6722067297497698,+0000.0192186091641213,+0000.0220400516488585,+0000.0347737302716330,+0000.2517608791656172
+0000.6567940837743134,+0000.0191752652820273,+0000.0216555406521145,+0000.0371048836747518,+0000.2652702266167929
+0000.6414054377632888,+0000.0191014299392798,+0000.0212563368412317,+0000.0394737171062879,+0000.2787630783499119
+0000.6260727163635678,+0000.0189992313682398,+0000.0208450317689549,+0000.0418746107231658,+0000.2922084097760720
+0000.6108258445462019,+0000.0188707976004697,+0000.0204240216352557,+0000.0443020506772124,+0000.3055772855408599
+0000.5956926527328130,+0000.0187182378887271,+0000.0199955122446722,+0000.0467506667737079,+0000.3188429303600798
+0000.5806988168586360,+0000.0185436264153922,+0000.0195615250222198,+0000.0492152648848071,+0000.3319807668189449
+0000.5658678301928298,+0000.0183489882532305,+0000.0191239039086841,+0000.0516908541871399,+0000.3449684234581159
+0000.5512210035125287,+0000.0181362875061228,+0000.0186843229632935,+0000.0541726693913593,+0000.3577857166266959
+0000.5367774901232809,+0000.0179074175261674,+0000.0182442945110961,+0000.0566561882110506,+0000.3704146096284048
+0000.5225543322183624,+0000.0176641930792722,+0000.0178051776835346,+0000.0591371443797856,+0000.3828391526390450
+0000.5085665251555855,+0000.0174083443136569,+0000.0173681872133059,+0000.0616115365693552,+0000.3950454067480964
+0000.4948270963852410,+0000.0171415123740417,+0000.0169344023581869,+0000.0640756335909201,+0000.4070213552916103
+0000.4813471959701651,+0000.0168652464980281,+0000.0165047758426476,+0000.0665259762758111,+0000.4187568054133480
+0000.4681361958833453,+0000.0165810024295585,+0000.0160801427203720,+0000.0689593764359767,+0000.4302432825307477
+0000.4552017955363909,+0000.0162901419866009,+0000.0156612290748845,+0000.0713729132976187,+0000.4414739201045048
+0000.4425501312719253,+0000.0159939336256021,+0000.0152486604890554,+0000.0737639277873124,+0000.4524433468261044
+0000.4301858878346840,+0000.0156935538530742,+0000.0148429702270760,+0000.0761300150297081,+0000.4631475730554578
+0000.4181124101120255,+0000.0153900893442887,+0000.0144446070843913,+0000.0784690153913864,+0000.4735838780679080
+0000.4063318136985539,+0000.0150845396398629,+0000.0140539428719271,+0000.0807790043780570,+0000.4837506994115992
+0000.3948450930871523,+0000.0147778203025491,+0000.0136712795106797,+0000.0830582816632831,+0000.4936475254363359
+0000.3836522265169259,+0000.0144707664283569,+0000.0132968557213354,+0000.0853053594973249,+0000.5032747918360568
+0000.3727522767154748,+0000.0141641364179130,+0000.0129308533010513,+0000.0875189507153621,+0000.5126337828501988
+0000.3621434869577682,+0000.0138586159254268,+0000.0125734029859111,+0000.0896979565359308,+0000.5217265375949632
+0000.3518233720266372,+0000.0135548219135732,+0000.0122245899029179,+0000.0918414543133957,+0000.5305557618434759
+0000.3417888038011375,+0000.0132533067528900,+0000.0118844586197918,+0000.0939486853830089,+0000.5391247454431718
+0000.3320360913198230,+0000.0129545623138069,+0000.0115530178043649,+0000.0960190431138216,+0000.5474372854481834
+0000.3225610552676937,+0000.0126590240081306,+0000.0112302445081304,+0000.0980520612635353,+0000.5554976149525099
+0000.3133590969198121,+0000.0123670747446718,+0000.0109160880905614,+0000.1000474027103406,+0000.5633103375346139
+0000.3044252616430288,+0000.0120790487707287,+0000.0106104738022908,+0000.1020048486198899,+0000.5708803671640621
+0000.2957542971116155,+0000.0117952353773490,+0000.0103133060461934,+0000.1039242880906959,+0000.5782128733741465
+0000.2873407064346056,+0000.0115158824517268,+0000.0100244713359337,+0000.1058057083083538,+0000.5853132314693800
+0000.2791787964238807,+0000.0112411998647944,+0000.0097438409716963,+0000.1076491852279035,+0000.5921869775117251
+0000.2712627212540705,+0000.0109713626860966,+0000.0094712734526786,+0000.1094548747942511,+0000.5988397678129033
+0000.2635865217795614,+0000.0107065142214511,+0000.0092066166455434,+0000.1112230047026917,+0000.6052773426507524
+0000.2561441607816060,+0000.0104467688717516,+0000.0089497097274651,+0000.1129538666950705,+0000.6115054939241066
+0000.2489295544208631,+0000.0101922148136336,+0000.0087003849216938,+0000.1146478093818310,+0000.6175300364619782
+0000.2419366001686796,+0000.0099429165046387,+0000.0084584690427491,+0000.1163052315759888,+0000.6233567827079438
+0000.2351592014849533,+0000.0096989170170494,+0000.0082237848674712,+0000.1179265761217898,+0000.6289915205087363
+0000.2285912895022598,+0000.0094602402057601,+0000.0079961523472310,+0000.1195123241983487,+0000.6344399937464004
+0000.2222268419657474,+0000.0092268927164610,+0000.0077753896756464,+0000.1210629900767886,+0000.6397078855653564
+0000.2160598996666689,+0000.0089988658410694,+0000.0075613142252027,+0000.1225791163082172,+0000.6448008039588418
+0000.2100845805947936,+0000.0087761372277947,+0000.0073537433652296,+0000.1240612693191810,+0000.6497242694930011
+0000.2042950920217137,+0000.0085586724535017,+0000.0071524951727665,+0000.1255100353909589,+0000.6544837049610593
+0000.1986857407135584,+0000.0083464264661631,+0000.0069573890469602,+0000.1269260169991043,+0000.6590844267742141
+0000.1932509414580939,+0000.0081393449052077,+0000.0067682462367838,+0000.1283098294899666,+0000.6635316379099478
+0000.1879852240778384,+0000.0079373653074849,+0000.0065848902910572,+0000.1296620980714603,+0000.6678304222521594
+0000.1828832390878062,+0000.0077404182064047,+0000.0064071474389830,+0000.1309834550960491,+0000.6719857401707570
+0000.1779397621439374,+0000.0075484281315951,+0000.0062348469086906,+0000.1322745376147413,+0000.6760024252010355
+0000.1731496974162522,+0000.0073613145161512,+0000.0060678211906105,+0000.1335359851818063,+0000.6798851816951801
+0000.1685080800093567,+0000.0071789925182547,+0000.0059059062518717,+0000.1347684378909039,+0000.6836385833296128
+0000.1640100775421574,+0000.0070013737636234,+0000.0057489417073366,+0000.1359725346243313,+0000.6872670723625514
+0000.1596509909885251,+0000.0068283670149143,+0000.0055967709523490,+0000.1371489114981224,+0000.6907749595460890
+0000.1554262548712108,+0000.0066598787738654,+0000.0054492412617771,+0000.1382982004867741,+0000.6941664246063725
+0000.1513314368925252,+0000.0064958138216184,+0000.0053062038594792,+0000.1394210282123876,+0000.6974455172139895
+0000.1473622370771627,+0000.0063360757023247,+0000.0051675139619044,+0000.1405180148840200,+0000.7006161583745880
+0000.1435144864950337,+0000.0061805671548069,+0000.0050330307991594,+0000.1415897733740067,+0000.7036821421769934
+0000.1397841456250621,+0000.0060291904967223,+0000.0049026176165258,+0000.1426369084189508,+0000.7066471378427391
+0000.1361673024145601,+0000.0058818479653670,+0000.0047761416590998,+0000.1436600159339709,+0000.7095146920270021
+0000.1326601700829944,+0000.0057384420189573,+0000.0046534741419361,+0000.1446596824296506,+0000.7122882313264614
+0000.1292590847136625,+0000.0055988756019448,+0000.0045344902078207,+0000.1456364845219386,+0000.7149710649546335
+0000.1259605026719789,+0000.0054630523776473,+0000.0044190688745630,+0000.1465909885260133,+0000.7175663875497978
+0000.1227609978846935,+0000.0053308769312284,+0000.0043070929734837,+0000.1475237501258412,+0000.7200772820847533
+0000.1196572590103986,+0000.0052022549458139,+0000.0041984490805854,+0000.1484353141118320,+0000.7225067228513701
+0000.1166460865280878,+0000.0050770933543125,+0000.0040930274417204,+0000.1493262141796183,+0000.7248575784962609
+0000.1137243897672946,+0000.0049553004692953,+0000.0039907218929139,+0000.1501969727835799,+0000.7271326150869163
+0000.1108891839004172,+0000.0048367860930947,+0000.0038914297768647,+0000.1510481010392718,+0000.7293344991903511
+0000.1081375869152117,+0000.0047214616101002,+0000.0037950518565185,+0000.1518800986694244,+0000.7314658009487454
+0000.1054668165830773,+0000.0046092400630579,+0000.0037014922264965,+0000.1526934539886520,+0000.7335289971387162
+0000.1028741874366484,+0000.0045000362150280,+0000.0036106582230670,+0000.1534886439224396,+0000.7355264742028170
+0000.1003571077683166,+0000.0043937665985032,+0000.0035224603332512,+0000.1542661340563768,+0000.7374605312435519
+0000.0979130766596237,+0000.0042903495530636,+0000.0034368121035828,+0000.1550263787119786,+0000.7393333829717516
+0000.0955396810499591,+0000.0041897052528156,+0000.0033536300489630,+0000.1557698210457688,+0000.7411471626024936
+0000.0932345928516655,+0000.0040917557247512,+0000.0032728335619958,+0000.1564968931686178,+0000.7429039246929695
+0000.0909955661174658,+0000.0039964248590583,+0000.0031943448231279,+0000.1572080162826098,+0000.7446056479177383
+0000.0888204342650773,+0000.0039036384123177,+0000.0031180887118696,+0000.1579036008329762,+0000.7462542377777593
+0000.0867071073629514,+0000.0038133240044350,+0000.0030439927193313,+0000.1585840466728768,+0000.7478515292404052
+0000.0846535694802583,+0000.0037254111100720,+0000.0029719868622678,+0000.1592497432390254,+0000.7493992893083765
+0000.0826578761035187,+0000.0036398310452745,+0000.0029020035987903,+0000.1599010697363584,+0000.7508992195160578
+0000.0807181516216540,+0000.0035565169499187,+0000.0028339777458769,+0000.1605383953301320,+0000.7523529583524184
+0000.0788325868806745,+0000.0034754037665434,+0000.0027678463987833,+0000.1611620793439949,+0000.7537620836100036
+0000.0769994368087497,+0000.0033964282160751,+0000.0027035488524355,+0000.1617724714627419,+0000.7551281146599980
+0000.0752170181119816,+0000.0033195287709036,+0000.0026410265248624,+0000.1623699119385856,+0000.7564525146536667
+0000.0734837070408507,+0000.0032446456257180,+0000.0025802228827121,+0000.1629547317999187,+0000.7577366926508006
+0000.0717979372269888,+0000.0031717206664732,+0000.0025210833688778,+0000.1635272530616422,+0000.7589820056760179
+0000.0701581975896717,+0000.0031006974378138,+0000.0024635553322471,+0000.1640877889362523,+0000.7601897607040150
+0000.0685630303111996,+0000.0030315211092535,+0000.0024075879595771,+0000.1646366440449596,+0000.7613612165750100
+0000.0670110288801462,+0000.0029641384403694,+0000.0023531322094870,+0000.1651741146282110,+0000.7624975858417866
+0000.0655008362012943,+0000.0028984977452481,+0000.0023001407485523,+0000.1657004887550541,+0000.7636000365498511
+0000.0640311427709529,+0000.0028345488563903,+0000.0022485678894781,+0000.1662160465308589,+0000.7646696939523199
+0000.0626006849162388,+0000.0027722430882585,+0000.0021983695313209,+0000.1667210603029717,+0000.7657076421612105
+0000.0612082430968245,+0000.0027115332006301,+0000.0021495031017262,+0000.1672157948639333,+0000.7667149257368857
+0000.0598526402675886,+0000.0026523733619012,+0000.0021019275011415,+0000.1677005076519492,+0000.7676925512174193
+0000.0585327403005526,+0000.0025947191124651,+0000.0020556030489659,+0000.1681754489483374,+0000.7686414885896792
+0000.0572474464644588,+0000.0025385273282772,+0000.0020104914315890,+0000.1686408620717298,+0000.7695626727039453
+0000.0559956999603147,+0000.0024837561847029,+0000.0019665556522741,+0000.1690969835688346,+0000.7704570046338736
+0000.0547764785112245,+0000.0024303651207298,+0000.0019237599828376,+0000.1695440434016041,+0000.7713253529836039
+0000.0535887950048205,+0000.0023783148036186,+0000.0018820699170748,+0000.1699822651306777,+0000.7721685551438083
+0000.0524316961866163,+0000.0023275670940531,+0000.0018414521258825,+0000.1704118660950033,+0000.7729874184984452
+0000.0513042614026159,+0000.0022780850118404,+0000.0018018744140278,+0000.1708330575875571,+0000.7737827215839590
+0000.0502056013895298,+0000.0022298327022082,+0000.0017633056785130,+0000.1712460450271094,+0000.7745552152026396
+0000.0491348571109737,+0000.0021827754027327,+0000.0017257158684856,+0000.1716510281259966,+0000.7753056234918113
+0000.0480911986380531,+0000.0021368794109291,+0000.0016890759466435,+0000.1720482010538827,+0000.7760346449504916
+0000.0470738240727674,+0000.0020921120525277,+0000.0016533578520865,+0000.1724377525975019,+0000.7767429534251167
+0000.0460819585126998,+0000.0020484416504547,+0000.0016185344645647,+0000.1728198663163931,+0000.7774311990558878
+0000.0451148530554979,+0000.0020058374945316,+0000.0015845795700753,+0000.1731947206946443,+0000.7781000091852508
+0000.0441717838416841,+0000.0019642698119029,+0000.0015514678277619,+0000.1735624892886756,+0000.7787499892299752
+0000.0432520511343756,+0000.0019237097381990,+0000.0015191747380689,+0000.1739233408710993,+0000.7793817235182572
+0000.0423549784345334,+0000.0018841292894364,+0000.0014876766121069,+0000.1742774395707026,+0000.7799957760932208
+0000.0414799116304007,+0000.0018455013346562,+0000.0014569505421842,+0000.1746249450086044,+0000.7805926914841544
+0000.0406262181798287,+0000.0018077995692976,+0000.0014269743734628,+0000.1749660124306443,+0000.7811729954467668
+0000.0397932863242341,+0000.0017709984893026,+0000.0013977266766951,+0000.1753007928360645,+0000.7817371956737035
+0000.0389805243329670,+0000.0017350733659457,+0000.0013691867220045,+0000.1756294331025522,+0000.7822857824765308
+0000.0381873597769140,+0000.0017000002213791,+0000.0013413344536658,+0000.1759520761077100,+0000.7828192294403310
+0000.0374132388301973,+0000.0016657558048861,+0000.0013141504658527,+0000.1762688608470278,+0000.7833379940520360
+0000.0366576255988726,+0000.0016323175698297,+0000.0012876159793109,+0000.1765799225484287,+0000.7838425183035578
+0000.0359200014755645,+0000.0015996636512872,+0000.0012617128189245,+0000.1768853927834653,+0000.7843332292707584
+0000.0351998645190211,+0000.0015677728443556,+0000.0012364233921399,+0000.1771853995752418,+0000.7848105396692416
+0000.0344967288576000,+0000.0015366245831174,+0000.0012117306682139,+0000.1774800675031415,+0000.7852748483879273
+0000.0338101241157414,+0000.0015061989202503,+0000.0011876181582548,+0000.1777695178044352,+0000.7857265410013183
+0000.0331395948625125,+0000.0014764765072691,+0000.0011640698960249,+0000.1780538684728496,+0000.7861659902613438
+0000.0324847000813487,+0000.0014474385753829,+0000.0011410704194748,+0000.1783332343541743,+0000.7865935565696192
+0000.0318450126601442,+0000.0014190669169550,+0000.0011186047529812,+0000.1786077272389828,+0000.7870095884309368
+0000.0312201189008823,+0000.0013913438675485,+0000.0010966583902595,+0000.1788774559525472,+0000.7874144228887625
+0000.0306096180480247,+0000.0013642522885440,+0000.0010752172779265,+0000.1791425264420206,+0000.7878083859434842
+0000.0300131218349087,+0000.0013377755503137,+0000.0010542677996853,+0000.1794030418609631,+0000.7881917929541291
+0000.0294302540474338,+0000.0013118975159363,+0000.0010337967611098,+0000.1796591026512878,+0000.7885649490242325
+0000.0288606501043450,+0000.0012866025254392,+0000.0010137913750042,+0000.1799108066226953,+0000.7889281493725163
+0000.0283039566534488,+0000.0012618753805512,+0000.0009942392473142,+0000.1801582490296755,+0000.7892816796890103
+0000.0277598311831250,+0000.0012377013299522,+0000.0009751283635699,+0000.1804015226461401,+0000.7896258164772127
+0000.0272279416485205,+0000.0012140660550052,+0000.0009564470758370,+0000.1806407178377614,+0000.7899608273828759
+0000.0267079661118405,+0000.0011909556559558,+0000.0009381840901582,+0000.1808759226320807,+0000.7902869715099646
+0000.0261995923961711,+0000.0011683566385852,+0000.0009203284544644,+0000.1811072227864565,+0000.7906044997243229
+0000.0257025177522943,+0000.0011462559013032,+0000.0009028695469371,+0000.1813347018539141,+0000.7909136549455511
+0000.0252164485379766,+0000.0011246407226675,+0000.0008857970648042,+0000.1815584412469637,+0000.7912146724275881
+0000.0247410999092325,+0000.0011034987493146,+0000.0008691010135531,+0000.1817785202994448,+0000.7915077800284549
+0000.0242761955230880,+0000.0010828179842926,+0000.0008527716965424,+0000.1819950163264614,+0000.7917931984696156
+0000.0238214672513841,+0000.0010625867757784,+0000.0008367997049989,+0000.1822080046824645,+0000.7920711415853743
+0000.0233766549051843,+0000.0010427938061722,+0000.0008211759083829,+0000.1824175588175397,+0000.7923418165627208
+0000.0229415059693625,+0000.0010234280815521,+0000.0008058914451086,+0000.1826237503319560,+0000.7926054241720212
+0000.0225157753469696,+0000.0010044789214808,+0000.0007909377136043,+0000.1828266490290297,+0000.7928621589889153
+0000.0220992251129924,+0000.0009859359491512,+0000.0007763063637006,+0000.1830263229663577,+0000.7931122096077982
+0000.0216916242771321,+0000.0009677890818595,+0000.0007619892883317,+0000.1832228385054680,+0000.7933557588472089
+0000.0212927485552478,+0000.0009500285217961,+0000.0007479786155405,+0000.1834162603599424,+0000.7935929839474734
+0000.0209023801491249,+0000.0009326447471425,+0000.0007342667007720,+0000.1836066516420547,+0000.7938240567609061
+0000.0205203075342393,+0000.0009156285034648,+0000.0007208461194469,+0000.1837940739079749,+0000.7940491439348739
+0000.0201463252552060,+0000.0008989707953936,+0000.0007077096598022,+0000.1839785872015838,+0000.7942684070880144
+0000.0197802337286103,+0000.0008826628785805,+0000.0006948503159908,+0000.1841602500969410,+0000.7944820029798774
+0000.0194218390529339,+0000.0008666962519219,+0000.0006822612814267,+0000.1843391197394523,+0000.7946900836742652
+0000.0190709528252994,+0000.0008510626500416,+0000.0006699359423699,+0000.1845152518857744,+0000.7948927966965148
+0000.0187273919647682,+0000.0008357540360219,+0000.0006578678717394,+0000.1846887009425004,+0000.7950902851849700
+0000.0183909785419381,+0000.0008207625943773,+0000.0006460508231457,+0000.1848595200036628,+0000.7952826880368764
+0000.0180615396145955,+0000.0008060807242594,+0000.0006344787251355,+0000.1850277608870930,+0000.7954701400489167
+0000.0177389070691912,+0000.0007917010328877,+0000.0006231456756395,+0000.1851934741696744,+0000.7956527720526070
+0000.0174229174679126,+0000.0007776163291974,+0000.0006120459366158,+0000.1853567092215231,+0000.7958307110447511
+0000.0171134119011393,+0000.0007638196176967,+0000.0006011739288810,+0000.1855175142391314,+0000.7960040803131514
+0000.0168102358450755,+0000.0007503040925265,+0000.0005905242271228,+0000.1856759362775084,+0000.7961729995577669
+0000.0165132390243609,+0000.0007370631317162,+0000.0005800915550862,+0000.1858320212813475,+0000.7963375850074894
+0000.0162222752794716,+0000.0007240902916281,+0000.0005698707809270,+0000.1859858141152542,+0000.7964979495327191
+0000.0159372024387267,+0000.0007113793015839,+0000.0005598569127274,+0000.1861373585930632,+0000.7966542027538989
+0000.0156578821947285,+0000.0006989240586674,+0000.0005500450941648,+0000.1862866975062747,+0000.7968064511461644
+0000.0153841799850677,+0000.0006867186226977,+0000.0005404306003315,+0000.1864338726516369,+0000.7969547981402663
+0000.0151159648771315,+0000.0006747572113659,+0000.0005310088336968,+0000.1865789248579035,+0000.7970993442199021
+0000.0148531094568633,+0000.0006630341955308,+0000.0005217753202081,+0000.1867218940117916,+0000.7972401870156063
+0000.0145954897213224,+0000.0006515440946671,+0000.0005127257055239,+0000.1868628190831662,+0000.7973774213953204
+0000.0143429849749043,+0000.0006402815724624,+0000.0005038557513763,+0000.1870017381494757,+0000.7975111395517811
+0000.0140954777290842,+0000.0006292414325557,+0000.0004951613320554,+0000.1871386884194622,+0000.7976414310868424
+0000.0138528536055521,+0000.0006184186144146,+0000.0004866384310136,+0000.1872737062561696,+0000.7977683830928500
+0000.0136150012426147,+0000.0006078081893453,+0000.0004782831375832,+0000.1874068271992729,+0000.7978920802311843
+0000.0133818122047431,+0000.0005974053566310,+0000.0004700916438046,+0000.1875380859867485,+0000.7980126048080728
+0000.0131531808951501,+0000.0005872054397945,+0000.0004620602413611,+0000.1876675165759092,+0000.7981300368477851
+0000.0129290044712861,+0000.0005772038829808,+0000.0004541853186146,+0000.1877951521638199,+0000.7982444541632989
+0000.0127091827631461,+0000.0005673962474551,+0000.0004464633577412,+0000.1879210252071182,+0000.7983559324245395
+0000.0124936181942863,+0000.0005577782082130,+0000.0004388909319603,+0000.1880451674412559,+0000.7984645452242844
+0000.0122822157054504,+0000.0005483455506980,+0000.0004314647028562,+0000.1881676098991799,+0000.7985703641418151
+0000.0120748826807110,+0000.0005390941676245,+0000.0004241814177875,+0000.1882883829294717,+0000.7986734588044051
+0000.0118715288760362,+0000.0005300200559001,+0000.0004170379073806,+0000.1884075162139608,+0000.7987738969467224
+0000.0116720663501923,+0000.0005211193136460,+0000.0004100310831066,+0000.1885250387848291,+0000.7988717444682260
+0000.0114764093978995,+0000.0005123881373116,+0000.0004031579349356,+0000.1886409790412241,+0000.7989670654886292
+0000.0112844744851598,+0000.0005038228188793,+0000.0003964155290683,+0000.1887553647653927,+0000.7990599224014998
+0000.0110961801866787,+0000.0004954197431574,+0000.0003898010057402,+0000.1888682231383537,+0000.7991503759260699
+0000.0109114471253070,+0000.0004871753851574,+0000.0003833115770969,+0000.1889795807551225,+0000.7992384851573161
+0000.0107301979134302,+0000.0004790863075540,+0000.0003769445251375,+0000.1890894636395009,+0000.7993243076143776
+0000.0105523570962365,+0000.0004711491582234,+0000.0003706971997240,+0000.1891978972584472,+0000.7994078992873690
+0000.0103778510967976,+0000.0004633606678582,+0000.0003645670166545,+0000.1893049065360385,+0000.7994893146826513
+0000.0102066081628980,+0000.0004557176476569,+0000.0003585514557970,+0000.1894105158670382,+0000.7995686068666097
+0000.0100385583155515,+0000.0004482169870837,+0000.0003526480592825,+0000.1895147491300816,+0000.7996458275080007
+0000.0098736332991459,+0000.0004408556516988,+0000.0003468544297561,+0000.1896176297004888,+0000.7997210269189103
+0000.0097117665331588,+0000.0004336306810535,+0000.0003411682286820,+0000.1897191804627210,+0000.7997942540943845
+0000.0095528930653907,+0000.0004265391866520,+0000.0003355871747021,+0000.1898194238224859,+0000.7998655567507693
+0000.0093969495266618,+0000.0004195783499737,+0000.0003301090420464,+0000.1899183817185072,+0000.7999349813628110
+0000.0092438740869224,+0000.0004127454205567,+0000.0003247316589920,+0000.1900160756339661,+0000.8000025731995629
+0000.0090936064127281,+0000.0004060377141399,+0000.0003194529063713,+0000.1901125266076256,+0000.8000683763591352
+0000.0089460876260334,+0000.0003994526108604,+0000.0003142707161248,+0000.1902077552446473,+0000.8001324338023341
+0000.0088012602642574,+0000.0003929875535063,+0000.0003091830699001,+0000.1903017817271097,+0000.8001947873852266
+0000.0086590682415793,+0000.0003866400458219,+0000.0003041879976927,+0000.1903946258242374,+0000.8002554778906692
+0000.0085194568114215,+0000.0003804076508639,+0000.0002992835765296,+0000.1904863069023500,+0000.8003145450588353
+0000.0083823725300801,+0000.0003742879894068,+0000.0002944679291923,+0000.1905768439345391,+0000.8003720276167816
+0000.0082477632214632,+0000.0003682787383964,+0000.0002897392229788,+0000.1906662555100811,+0000.8004279633070805
+0000.0081155779429011,+0000.0003623776294487,+0000.0002850956685040,+0000.1907545598435942,+0000.8004823889155519
+0000.0079857669519915,+0000.0003565824473940,+0000.0002805355185349,+0000.1908417747839476,+0000.8005353402981321
+0000.0078582816744445,+0000.0003508910288645,+0000.0002760570668626,+0000.1909279178229296,+0000.8005868524068986
+0000.0077330746728959,+0000.0003453012609226,+0000.0002716586472067,+0000.1910130061036826,+0000.8006369593152921
+0000.0076100996166539,+0000.0003398110797305,+0000.0002673386321537,+0000.1910970564289104,+0000.8006856942425514
+0000.0074893112523509,+0000.0003344184692589,+0000.0002630954321264,+0000.1911800852688672,+0000.8007330895773968
+0000.0073706653754689,+0000.0003291214600332,+0000.0002589274943840,+0000.1912621087691317,+0000.8007791769009822
+0000.0072541188027093,+0000.0003239181279166,+0000.0002548333020523,+0000.1913431427581754,+0000.8008239870091467
+0000.0071396293451814,+0000.0003188065929284,+0000.0002508113731824,+0000.1914232027547288,+0000.8008675499339792
+0000.0070271557823806,+0000.0003137850180972,+0000.0002468602598365,+0000.1915023039749537,+0000.8009098949647320
+0000.0069166578369312,+0000.0003088516083469,+0000.0002429785472017,+0000.1915804613394251,+0000.8009510506680952
+0000.0068080961500701,+0000.0003040046094147,+0000.0002391648527287,+0000.1916576894799303,+0000.8009910449078559
+0000.0067014322578452,+0000.0002992423068011,+0000.0002354178252966,+0000.1917340027460891,+0000.8010299048639680
+0000.0065966285680071,+0000.0002945630247491,+0000.0002317361444008,+0000.1918094152118003,+0000.8010676570510425
+0000.0064936483375715,+0000.0002899651252537,+0000.0002281185193656,+0000.1918839406815212,+0000.8011043273362880
+0000.0063924556510293,+0000.0002854470070983,+0000.0002245636885789,+0000.1919575926963827,+0000.8011399409569111
+0000.0062930153991857,+0000.0002810071049202,+0000.0002210704187493,+0000.1920303845401463,+0000.8011745225369986
+0000.0061952932586070,+0000.0002766438883013,+0000.0002176375041841,+0000.1921023292450074,+0000.8012080961039003
+0000.0060992556716559,+0000.0002723558608854,+0000.0002142637660883,+0000.1921734395972483,+0000.8012406851041223
+0000.0060048698270961,+0000.0002681415595196,+0000.0002109480518837,+0000.1922437281427460,+0000.8012723124187545
+0000.0059121036412503,+0000.0002639995534212,+0000.0002076892345471,+0000.1923132071923397,+0000.8013030003784416
+0000.0058209257396905,+0000.0002599284433664,+0000.0002044862119672,+0000.1923818888270602,+0000.8013327707779160
+0000.0057313054394480,+0000.0002559268609028,+0000.0002013379063199,+0000.1924497849032261,+0000.8013616448901031
+0000.0056432127317231,+0000.0002519934675838,+0000.0001982432634614,+0000.1925169070574118,+0000.8013896434798199
+0000.0055566182650818,+0000.0002481269542237,+0000.0001952012523376,+0000.1925832667112881,+0000.8014167868170687
+0000.0054714933291222,+0000.0002443260401740,+0000.0001922108644109,+0000.1926488750763415,+0000.8014430946899516
+0000.0053878098385969,+0000.0002405894726198,+0000.0001892711131024,+0000.1927137431584748,+0000.8014685864172062
+0000.0053055403179779,+0000.0002369160258950,+0000.0001863810332497,+0000.1927778817624916,+0000.8014932808603855
+0000.0052246578864490,+0000.0002333045008172,+0000.0001835396805804,+0000.1928413014964697,+0000.8015171964356839
+0000.0051451362433134,+0000.0002297537240399,+0000.0001807461311987,+0000.1929040127760236,+0000.8015403511254244
+0000.0050669496538036,+0000.0002262625474233,+0000.0001779994810880,+0000.1929660258284630,+0000.8015627624892224
+0000.0049900729352811,+0000.0002228298474218,+0000.0001752988456254,+0000.1930273506968466,+0000.8015844476748251
+0000.0049144814438144,+0000.0002194545244880,+0000.0001726433591111,+0000.1930879972439374,+0000.8016054234286493
+0000.0048401510611233,+0000.0002161355024934,+0000.0001700321743090,+0000.1931479751560580,+0000.8016257061060164
+0000.0047670581818788,+0000.0002128717281640,+0000.0001674644620014,+0000.1932072939468539,+0000.8016453116811022
+0000.0046951797013476,+0000.0002096621705323,+0000.0001649394105547,+0000.1932659629609624,+0000.8016642557566029
+0000.0046244930033709,+0000.0002065058204026,+0000.0001624562254971,+0000.1933239913775933,+0000.8016825535731359
+0000.0045549759486674,+0000.0002034016898314,+0000.0001600141291082,+0000.1933813882140218,+0000.8017002200183712
+0000.0044866068634511,+0000.0002003488116223,+0000.0001576123600187,+0000.1934381623289964,+0000.8017172696359114
+0000.0044193645283540,+0000.0001973462388328,+0000.0001552501728216,+0000.1934943224260649,+0000.8017337166339267
+0000.0043532281676448,+0000.0001943930442956,+0000.0001529268376937,+0000.1935498770568192,+0000.8017495748935465
+0000.0042881774387354,+0000.0001914883201518,+0000.0001506416400267,+0000.1936048346240636,+0000.8017648579770225
+0000.0042241924219653,+0000.0001886311773972,+0000.0001483938800686,+0000.1936592033849047,+0000.8017795791356640
+0000.0041612536106573,+0000.0001858207454394,+0000.0001461828725742,+0000.1937129914537698,+0000.8017937513175593
+0000.0040993419014355,+0000.0001830561716675,+0000.0001440079464654,+0000.1937662068053518,+0000.8018073871750796
+0000.0040384385847981,+0000.0001803366210329,+0000.0001418684444999,+0000.1938188572774844,+0000.8018204990721846
+0000.0039785253359378,+0000.0001776612756406,+0000.0001397637229484,+0000.1938709505739498,+0000.8018330990915234
+0000.0039195842058023,+0000.0001750293343518,+0000.0001376931512814,+0000.1939224942672183,+0000.8018451990413461
+0000.0038615976123882,+0000.0001724400123961,+0000.0001356561118626,+0000.1939734958011259,+0000.8018568104622270
+0000.0038045483322608,+0000.0001698925409945,+0000.0001336519996517,+0000.1940239624934866,+0000.8018679446336066
+0000.0037484194922950,+0000.0001673861669915,+0000.0001316802219136,+0000.1940739015386443,+0000.8018786125801556
+0000.0036931945616282,+0000.0001649201524970,+0000.0001297401979365,+0000.1941233200099664,+0000.8018888250779723
+0000.0036388573438221,+0000.0001624937745373,+0000.0001278313587560,+0000.1941722248622765,+0000.8018985926606081
+0000.0035853919692252,+0000.0001601063247151,+0000.0001259531468871,+0000.1942206229342340,+0000.8019079256249387
+0000.0035327828875311,+0000.0001577571088783,+0000.0001241050160628,+0000.1942685209506554,+0000.8019168340368723
+0000.0034810148605273,+0000.0001554454467966,+0000.0001222864309793,+0000.1943159255247842,+0000.8019253277369126
+0000.0034300729550288,+0000.0001531706718474,+0000.0001204968670479,+0000.1943628431605077,+0000.8019334163455685
+0000.0033799425359902,+0000.0001509321307087,+0000.0001187358101529,+0000.1944092802545228,+0000.8019411092686255
+0000.0033306092597942,+0000.0001487291830598,+0000.0001170027564160,+0000.1944552430984529,+0000.8019484157022772
+0000.0032820590677079,+0000.0001465612012907,+0000.0001152972119663,+0000.1945007378809157,+0000.8019553446381193
+0000.0032342781795044,+0000.0001444275702169,+0000.0001136186927166,+0000.1945457706895445,+0000.8019619048680173
+0000.0031872530872454,+0000.0001423276868032,+0000.0001119667241444,+0000.1945903475129635,+0000.8019681049888433
+0000.0031409705492185,+0000.0001402609598931,+0000.0001103408410796,+0000.1946344742427182,+0000.8019739534070908
+0000.0030954175840260,+0000.0001382268099454,+0000.0001087405874963,+0000.1946781566751628,+0000.8019794583433693
+0000.0030505814648216,+0000.0001362246687777,+0000.0001071655163108,+0000.1947214005133047,+0000.8019846278367853
+0000.0030064497136894,+0000.0001342539793154,+0000.0001056151891838,+0000.1947642113686077,+0000.8019894697492035
+0000.0029630100961627,+0000.0001323141953478,+0000.0001040891763281,+0000.1948065947627549,+0000.8019939917694067
+0000.0029202506158774,+0000.0001304047812897,+0000.0001025870563207,+0000.1948485561293728,+0000.8019982014171395
+0000.0028781595093581,+0000.0001285252119487,+0000.0001011084159196,+0000.1948901008157164,+0000.8020021060470571
+0000.0028367252409306,+0000.0001266749722988,+0000.0000996528498852,+0000.1949312340843172,+0000.8020057128525678
+0000.0027959364977610,+0000.0001248535572590,+0000.0000982199608060,+0000.1949719611145951,+0000.8020090288695790
+0000.0027557821850139,+0000.0001230604714774,+0000.0000968093589285,+0000.1950122870044340,+0000.8020120609801461
+0000.0027162514211299,+0000.0001212952291207,+0000.0000954206619913,+0000.1950522167717240,+0000.8020148159160344
+0000.0026773335332170,+0000.0001195573536690,+0000.0000940534950632,+0000.1950917553558682,+0000.8020173002621829
+0000.0026390180525538,+0000.0001178463777145,+0000.0000927074903853,+0000.1951309076192584,+0000.8020195204600876
+0000.0026012947102016,+0000.0001161618427669,+0000.0000913822872169,+0000.1951696783487178,+0000.8020214828110965
+0000.0025641534327213,+0000.0001145032990614,+0000.0000900775316848,+0000.1952080722569112,+0000.8020231934796210
+0000.0025275843379940,+0000.0001128703053729,+0000.0000887928766369,+0000.1952460939837273,+0000.8020246584962691
+0000.0024915777311411,+0000.0001112624288339,+0000.0000875279814985,+0000.1952837480976285,+0000.8020258837608980
+0000.0024561241005424,+0000.0001096792447567,+0000.0000862825121325,+0000.1953210390969735,+0000.8020268750455949
+0000.0024212141139482,+0000.0001081203364603,+0000.0000850561407031,+0000.1953579714113105,+0000.8020276379975778
+0000.0023868386146846,+0000.0001065852951010,+0000.0000838485455421,+0000.1953945494026434,+0000.8020281781420291
+0000.0023529886179481,+0000.0001050737195070,+0000.0000826594110191,+0000.1954307773666700,+0000.8020285008848558
+0000.0023196553071880,+0000.0001035852160172,+0000.0000814884274142,+0000.1954666595339952,+0000.8020286115153856
+0000.0022868300305740,+0000.0001021193983234,+0000.0000803352907938,+0000.1955022000713167,+0000.8020285152089919
+0000.0022545042975465,+0000.0001006758873168,+0000.0000791997028899,+0000.1955374030825882,+0000.8020282170296588
+0000.0022226697754483,+0000.0000992543109372,+0000.0000780813709812,+0000.1955722726101544,+0000.8020277219324790
+0000.0021913182862343,+0000.0000978543040267,+0000.0000769800077779,+0000.1956068126358659,+0000.8020270347660952
+0000.0021604418032588,+0000.0000964755081860,+0000.0000758953313087,+0000.1956410270821685,+0000.8020261602750779
+0000.0021300324481364,+0000.0000951175716344,+0000.0000748270648106,+0000.1956749198131698,+0000.8020251031022487
+0000.0021000824876767,+0000.0000937801490734,+0000.0000737749366211,+0000.1957084946356842,+0000.8020238677909447
+0000.0020705843308891,+0000.0000924629015524,+0000.0000727386800731,+0000.1957417553002559,+0000.8020224587872293
+0000.0020415305260573,+0000.0000911654963387,+0000.0000717180333920,+0000.1957747055021609,+0000.8020208804420510
+0000.0020129137578805,+0000.0000898876067899,+0000.0000707127395956,+0000.1958073488823875,+0000.8020191370133466
+0000.0019847268446807,+0000.0000886289122287,+0000.0000697225463956,+0000.1958396890285975,+0000.8020172326680973
+0000.0019569627356736,+0000.0000873890978220,+0000.0000687472061018,+0000.1958717294760673,+0000.8020151714843351
+0000.0019296145083019,+0000.0000861678544612,+0000.0000677864755286,+0000.1959034737086092,+0000.8020129574530988
+0000.0019026753656294,+0000.0000849648786462,+0000.0000668401159035,+0000.1959349251594749,+0000.8020105944803461
+0000.0018761386337939,+0000.0000837798723716,+0000.0000659078927773,+0000.1959660872122390,+0000.8020080863888182
+0000.0018499977595182,+0000.0000826125430157,+0000.0000649895759370,+0000.1959969632016665,+0000.8020054369198628
+0000.0018242463076774,+0000.0000814626032321,+0000.0000640849393201,+0000.1960275564145609,+0000.8020026497352094
+0000.0017988779589204,+0000.0000803297708431,+0000.0000631937609312,+0000.1960578700905963,+0000.8019997284187090
+0000.0017738865073454,+0000.0000792137687364,+0000.0000623158227603,+0000.1960879074231322,+0000.8019966764780259
+0000.0017492658582274,+0000.0000781143247634,+0000.0000614509107030,+0000.1961176715600117,+0000.8019934973462947
+0000.0017250100257965,+0000.0000770311716403,+0000.0000605988144823,+0000.1961471656043444,+0000.8019901943837363
+0000.0017011131310656,+0000.0000759640468506,+0000.0000597593275725,+0000.1961763926152731,+0000.8019867708792382
+0000.0016775693997067,+0000.0000749126925511,+0000.0000589322471245,+0000.1962053556087252,+0000.8019832300518924
+0000.0016543731599740,+0000.0000738768554785,+0000.0000581173738929,+0000.1962340575581494,+0000.8019795750525053
+0000.0016315188406736,+0000.0000728562868591,+0000.0000573145121643,+0000.1962625013952375,+0000.8019758089650657
+0000.0016090009691769,+0000.0000718507423202,+0000.0000565234696883,+0000.1962906900106322,+0000.8019719348081824
+0000.0015868141694791,+0000.0000708599818031,+0000.0000557440576086,+0000.1963186262546206,+0000.8019679555364888
