+0001.0000000000000000,+0000.0000000000000000,+0000.0000000000000000,+0000.0000000000000000,+0000.0000000000000000
+0000.9983947588691695,+0000.0000944163155375,+0000.0015106610485993,+0000.0000000096333349,+0000.0000001541333587
+0000.9936518700556124,+0000.0003733333684214,+0000.0059733338947425,+0000.0000000860400720,+0000.0000013766411517
+0000.9858910058873660,+0000.0008295994186589,+0000.0132735906985419,+0000.0000003414114961,+0000.0000054625839372
+0000.9752436127970711,+0000.0014553175825890,+0000.0232850813214244,+0000.0000009404881715,+0000.0000150478107438
+0000.9618504875624618,+0000.0022419910093330,+0000.0358718561493280,+0000.0000020979575810,+0000.0000335673212960
+0000.9458596387795821,+0000.0031806512836878,+0000.0508904205390044,+0000.0000040758469250,+0000.0000652135508006
+0000.9274244395591174,+0000.0042619696295835,+0000.0681915140733353,+0000.0000071809845861,+0000.0001148957533778
+0000.9067020677340986,+0000.0054763510800953,+0000.0876216172815253,+0000.0000117625826047,+0000.0001882013216759
+0000.8838522223814100,+0000.0068140122400228,+0000.1090241958403651,+0000.0000182099728354,+0000.0002913595653666
+0000.8590360999568063,+0000.0082650436086272,+0000.1322406977380355,+0000.0000269505115606,+0000.0004312081849703
+0000.8324156095406375,+0000.0098194576697925,+0000.1571113227166791,+0000.0000384476513465,+0000.0006151624215446
+0000.8041528042881056,+0000.0114672241123874,+0000.1834755857981987,+0000.0000531991647828,+0000.0008511866365255
+0000.7744095048776217,+0000.0131982936325181,+0000.2111726981202892,+0000.0000717354923277,+0000.0011477678772434
+0000.7433470902783069,+0000.0150026118080512,+0000.2400417889288188,+0000.0000946181755778,+0000.0015138908092453
+0000.7111264312678330,+0000.0168701245389012,+0000.2699219926224178,+0000.0001224383276969,+0000.0019590132431510
+0000.6779079426146254,+0000.0187907765266472,+0000.3006524244263546,+0000.0001558150842572,+0000.0024930413481154
+0000.6438517305205935,+0000.0207545042344614,+0000.3320720677513808,+0000.0001953939702097,+0000.0031263035233547
+0000.6091178126644489,+0000.0227512247312824,+0000.3640195957005174,+0000.0002418451119854,+0000.0038695217917657
+0000.5738663888876712,+0000.0247708217888199,+0000.3963331486211167,+0000.0002958612177878,+0000.0047337794846046
+0000.5382581411529597,+0000.0268031305705350,+0000.4288500891285590,+0000.0003581552439968,+0000.0057304839039494
+0000.5024545418351645,+0000.0288379222306676,+0000.4614067556906811,+0000.0004294576613816,+0000.0068713225821051
+0000.4666181496604301,+0000.0308648897294277,+0000.4938382356708421,+0000.0005105132317235,+0000.0081682117075764
+0000.4309128726990251,+0000.0328736361668521,+0000.5259781786696315,+0000.0006020772037936,+0000.0096332352606979
+0000.3955041777732725,+0000.0348536669402269,+0000.5576586710436287,+0000.0007049108378160,+0000.0112785734050559
+0000.3605592255198180,+0000.0367943870346163,+0000.5887101925538587,+0000.0008197761701004,+0000.0131164187216068
+0000.3262469102236975,+0000.0386851047576918,+0000.6189616761230669,+0000.0009474299350320,+0000.0151588789605120
+0000.2927377835214344,+0000.0405150432221098,+0000.6482406915537552,+0000.0010886165707471,+0000.0174178651319535
+0000.2602038412744866,+0000.0422733608531798,+0000.6763737736508748,+0000.0012440602483211,+0000.0199049639731377
+0000.2288181534855458,+0000.0439491821473837,+0000.7031869143581355,+0000.0014144558828785,+0000.0226312941260561
+0000.1987543182279068,+0000.0455316398183718,+0000.7285062370939448,+0000.0016004591093986,+0000.0256073457503781
+0000.1701857223531931,+0000.0470099293307512,+0000.7521588692920160,+0000.0018026752367082,+0000.0288428037873315
+0000.1432845944094671,+0000.0483733766276648,+0000.7739740260426331,+0000.0020216472306021,+0000.0323463556896328
+0000.1182208389067624,+0000.0496115195959533,+0000.7937843135352476,+0000.0022578428212963,+0000.0361254851407406
+0000.0951606459549153,+0000.0507142034744286,+0000.8114272555908522,+0000.0025116408811649,+0000.0401862540986388
+0000.0742648764737449,+0000.0516716899911697,+0000.8267470398587108,+0000.0027833172750809,+0000.0445330764012938
+0000.0556872306819669,+0000.0524747795136949,+0000.8395964722191133,+0000.0030730304461897,+0000.0491684871390353
+0000.0395722163694241,+0000.0531149449158959,+0000.8498391186543284,+0000.0033808070623736,+0000.0540929129979781
+0000.0260529434024768,+0000.0535844752192319,+0000.8573516035077038,+0000.0037065281100346,+0000.0593044497605529
+0000.0152487817349527,+0000.0538766263724789,+0000.8620260219596563,+0000.0040499158784066,+0000.0647986540545054
+0000.0072629314885501,+0000.0539857758227309,+0000.8637724131636871,+0000.0044105223250019,+0000.0705683572000300
+0000.0021799648764972,+0000.0539075768375945,+0000.8625212294015044,+0000.0047877193461414,+0000.0766035095382625
+0000.0000634101897162,+0000.0536391079098114,+0000.8582257265569750,+0000.0051806914907940,+0000.0828910638527032
+0000.0009534569573970,+0000.0531790120620323,+0000.8508641929925094,+0000.0055884316463566,+0000.0894149063417049
+0000.0048648678854419,+0000.0525276205251133,+0000.8404419284018044,+0000.0060097401875083,+0000.0961558430001320
+0000.0117851864226118,+0000.0516870551405223,+0000.8269928822483490,+0000.0064432280110893,+0000.1030916481774276
+0000.0216733280451833,+0000.0506613039818841,+0000.8105808637101375,+0000.0068873237801644,+0000.1101971804826307
+0000.0344586379992874,+0000.0494562651355420,+0000.7913002421686643,+0000.0073402855703828,+0000.1174445691261236
+0000.0500404879706627,+0000.0480797543404296,+0000.7692760694468654,+0000.0078002169554143,+0000.1248034712866277
+0000.0682884689786654,+0000.0465414732560092,+0000.7446635720961395,+0000.0082650873923051,+0000.1322413982768808
+0000.0890432181220974,+0000.0448529364704518,+0000.7176469835272203,+0000.0087327565811901,+0000.1397241052990402
+0000.1121178934558045,+0000.0430273569204110,+0000.6884377107265682,+0000.0092010022880716,+0000.1472160366091449
+0000.1373002854493152,+0000.0410794910858195,+0000.6572718573731033,+0000.0096675509465743,+0000.1546808151451878
+0000.1643555266814459,+0000.0390254470469620,+0000.6244071527513833,+0000.0101301102070712,+0000.1620817633131377
+0000.1930293353591425,+0000.0368824601353313,+0000.5901193621652925,+0000.0105864024906021,+0000.1693824398496318
+0000.2230517046586337,+0000.0346686423628768,+0000.5546982778060201,+0000.0110341985395571,+0000.1765471766329120
+0000.2541409303935431,+0000.0324027129751066,+0000.5184434076016982,+0000.0114713499429208,+0000.1835415990867314
+0000.2860078554574551,+0000.0301037182614858,+0000.4816594921837655,+0000.0118958196527820,+0000.1903331144445113
+0000.3183602017923117,+0000.0277907491196476,+0000.4446519859143535,+0000.0123057095984523,+0000.1968913535752350
+0000.3509068597204429,+0000.0254826647896366,+0000.4077226366341787,+0000.0126992846385731,+0000.2031885542171684
+0000.3833620102327899,+0000.0231978306671040,+0000.3711652906736571,+0000.0130749922603794,+0000.2091998761660696
+0000.4154489676256148,+0000.0209538772187236,+0000.3352620354995716,+0000.0134314776268289,+0000.2149036420292608
+0000.4469036466709046,+0000.0187674858340972,+0000.3002797733455495,+0000.0137675937734971,+0000.2202815003759518
+0000.4774775789327868,+0000.0166542060489824,+0000.2664672967837131,+0000.0140824069549717,+0000.2253185112795461
+0000.5069404253822222,+0000.0146283070660493,+0000.2340529130567827,+0000.0143751973232322,+0000.2300031571717135
+0000.5350819555792505,+0000.0127026649814237,+0000.2032426397027735,+0000.0146454552786208,+0000.2343272844579317
+0000.5617134859700050,+0000.0108886856881050,+0000.1742189710096753,+0000.0148928739607186,+0000.2382859833714962
+0000.5866687900934697,+0000.0091962621447799,+0000.1471401943164745,+0000.0151173384379575,+0000.2418774150073184
+0000.6098045108136733,+0000.0076337636242021,+0000.1221402179872296,+0000.0153189122102881,+0000.2451025953646071
+0000.6310001185144787,+0000.0062080537211065,+0000.0993288595377005,+0000.0154978216603951,+0000.2479651465663192
+0000.6501574692635445,+0000.0049245333166980,+0000.0787925330671645,+0000.0156544390795644,+0000.2504710252730283
+0000.6672000233021946,+0000.0037872043580258,+0000.0605952697284093,+0000.0157892648594925,+0000.2526282377518777
+0000.6820717871137491,+0000.0027987501945540,+0000.0447800031128612,+0000.0159029093869905,+0000.2544465501918453
+0000.6947360421978298,+0000.0019606282894012,+0000.0313700526304167,+0000.0159960751107267,+0000.2559372017716254
+0000.7051739210693009,+0000.0012731713517082,+0000.0203707416273288,+0000.0160695391736273,+0000.2571126267780349
+0000.7133828864886547,+0000.0007356932801442,+0000.0117710924823060,+0000.0161241369264057,+0000.2579861908224893
+0000.7193751640904329,+0000.0003465967276548,+0000.0055455476424753,+0000.0161607465611435,+0000.2585719449782938
+0000.7231761719381562,+0000.0001034795597314,+0000.0016556729557016,+0000.0161802750321419,+0000.2588844005142689
+0000.7248229835593735,+0000.0000032379533358,+0000.0000518072533729,+0000.0161836453667012,+0000.2589383258672166
+0000.7243628540806327,+0000.0000421643475070,+0000.0006746295601116,+0000.0161717854124560,+0000.2587485665992930
+0000.7218518324800747,+0000.0002160388918929,+0000.0034566222702874,+0000.0161456180210440,+0000.2583298883367010
+0000.7173534769114726,+0000.0005202134338084,+0000.0083234149409347,+0000.0161060526302228,+0000.2576968420835619
+0000.7109376846588770,+0000.0009496874306601,+0000.0151949988905637,+0000.0160539781776413,+0000.2568636508422579
+0000.7026796436222452,+0000.0014991754695550,+0000.0239868075128811,+0000.0159902572585483,+0000.2558441161367703
+0000.6926589083263911,+0000.0021631663196817,+0000.0346106611149095,+0000.0159157214258247,+0000.2546515428131931
+0000.6809586002638941,+0000.0029359736381380,+0000.0469755782102098,+0000.0158311675228095,+0000.2532986803649487
+0000.6676647298748624,+0000.0038117786003784,+0000.0609884576060569,+0000.0157373549363944,+0000.2517976789823079
+0000.6528656355622408,+0000.0047846648375583,+0000.0765546374009357,+0000.0156350036587805,+0000.2501600585404850
+0000.6366515337603726,+0000.0058486461403719,+0000.0935783382459539,+0000.0155247930501944,+0000.2483966888031072
+0000.6191141731327471,+0000.0069976874382972,+0000.1119629990127586,+0000.0154073612009529,+0000.2465177792152441
+0000.6003465853892668,+0000.0082257195900295,+0000.1316115134404755,+0000.0152833047988371,+0000.2445328767813912
+0000.5804429249051209,+0000.0095266485305265,+0000.1524263764884277,+0000.0151531794162311,+0000.2424508706596940
+0000.5594983892196199,+0000.0108943593172338,+0000.1743097490757450,+0000.0150175001404355,+0000.2402800022469656
+0000.5376092125284607,+0000.0123227156069332,+0000.1971634497109353,+0000.0148767424796279,+0000.2380278796740427
+0000.5148727243985314,+0000.0138055550789459,+0000.2208888812631382,+0000.0147313434858463,+0000.2357014957735381
+0000.4913874660793393,+0000.0153366813033291,+0000.2453869008532696,+0000.0145817030449450,+0000.2333072487191170
+0000.4672533569149615,+0000.0169098525369631,+0000.2705576405914140,+0000.0144281852915685,+0000.2308509646650926
+0000.4425719034365311,+0000.0185187679183786,+0000.2963002866940626,+0000.0142711201147665,+0000.2283379218362612
+0000.4174464437044389,+0000.0201570515258062,+0000.3225128244129049,+0000.0141108047268737,+0000.2257728756299763
+0000.3919824193431281,+0000.0218182347639241,+0000.3490917562227915,+0000.0139475052747153,+0000.2231600843954413
+0000.3662876674452510,+0000.0234957375545475,+0000.3759318008727661,+0000.0137814584780846,+0000.2205033356493507
+0000.3404727240958678,+0000.0251828488262062,+0000.4029255812193042,+0000.0136128732858015,+0000.2178059725728205
+0000.3146511306652078,+0000.0268727068280996,+0000.4299633092495989,+0000.0134419325445351,+0000.2150709207125585
+0000.2889397332290026,+0000.0285582798359395,+0000.4569324773750381,+0000.0132687946800014,+0000.2123007148800187
+0000.2634589644927594,+0000.0302323478709869,+0000.4837175659357955,+0000.0130935953941448,+0000.2094975263063136
+0000.2383330964219960,+0000.0318874861190714,+0000.5101997779051480,+0000.0129164493855169,+0000.2066631901682675
+0000.2136904504247003,+0000.0335160508129287,+0000.5362568130068649,+0000.0127374521032653,+0000.2037992336522408
+0000.1896635504170569,+0000.0351101684275246,+0000.5617626948403991,+0000.0125566815479425,+0000.2009069047670771
+0000.1663892024652417,+0000.0366617291320534,+0000.5865876661128603,+0000.0123742001346970,+0000.1979872021551476
+0000.1440084829894585,+0000.0381623855408363,+0000.6105981686533850,+0000.0121900566362544,+0000.1950409061800660
+0000.1226666158180311,+0000.0396035579039862,+0000.6336569264637842,+0000.0120042882243648,+0000.1920686115898335
+0000.1025127167920433,+0000.0409764469715228,+0000.6556231515443695,+0000.0118169226289452,+0000.1890707620631189
+0000.0836993832773803,+0000.0422720558439409,+0000.6763528935030593,+0000.0116279804338602,+0000.1860476869417593
+0000.0663821050067374,+0000.0434812221785060,+0000.6956995548561007,+0000.0114374775269800,+0000.1829996404316759
+0000.0507184723494350,+0000.0445946621421637,+0000.7135145942746234,+0000.0112454277196342,+0000.1799268435141437
+0000.0368671586257496,+0000.0456030274753603,+0000.7296484396057689,+0000.0110518455466544,+0000.1768295287464668
+0000.0249866547084923,+0000.0464969769409716,+0000.7439516310555500,+0000.0108567492526465,+0000.1737079880423396
+0000.0152337371718175,+0000.0472672632623992,+0000.7562762121983910,+0000.0106601639627880,+0000.1705626234046042
+0000.0077616559451991,+0000.0479048363878261,+0000.7664773822052207,+0000.0104621250271622,+0000.1673940004345919
+0000.0027180340818306,+0000.0484009635376422,+0000.7744154166022775,+0000.0102626815163679,+0000.1642029042618819
+0000.0002424810808812,+0000.0487473659858261,+0000.7799578557732202,+0000.0100618998329457,+0000.1609903973271268
+0000.0004639323522191,+0000.0489363718851405,+0000.7829819501622509,+0000.0098598673882584,+0000.1577578782121311
+0000.0034977408900114,+0000.0489610836693713,+0000.7833773387099430,+0000.0096566962782752,+0000.1545071404523989
+0000.0094425628579208,+0000.0488155576628667,+0000.7810489226058697,+0000.0094525268749028,+0000.1512404299984401
+0000.0183770961848829,+0000.0484949925208329,+0000.7759198803333277,+0000.0092475312329977,+0000.1479604997279587
+0000.0303567497583693,+0000.0479959220513462,+0000.7679347528215409,+0000.0090419161981616,+0000.1446706591705818
+0000.0454103394184033,+0000.0473164068870952,+0000.7570625101935240,+0000.0088359260882931,+0000.1413748174126847
+0000.0635369244433920,+0000.0464562184538152,+0000.7432994952610439,+0000.0086298448142208,+0000.1380775170275284
+0000.0847029130646493,+0000.0454170078106172,+0000.7266721249698765,+0000.0084239973032271,+0000.1347839568516295
+0000.1088395760625457,+0000.0442024513126622,+0000.7072392210025963,+0000.0082187500954235,+0000.1315000015267720
+0000.1358411119517284,+0000.0428183647695187,+0000.6850938363122988,+0000.0080145109980270,+0000.1282321759684272
+0000.1655634040557805,+0000.0412727779364303,+0000.6603644469828852,+0000.0078117277073475,+0000.1249876433175564
+0000.1978235976438341,+0000.0395759618546500,+0000.6332153896744002,+0000.0076108853427718,+0000.1217741654843440
+0000.2324006035551778,+0000.0377404027928730,+0000.6038464446859668,+0000.0074125028803522,+0000.1186000460856304
+0000.2690366034374095,+0000.0357807183326793,+0000.5724914933228678,+0000.0072171285239440,+0000.1154740563830993
+0000.3074395918417189,+0000.0337135134323856,+0000.5394162149181683,+0000.0070253341063371,+0000.1124053457013902
+0000.3472869438899566,+0000.0315571769856826,+0000.5049148317709201,+0000.0068377086678497,+0000.1094033386855909
+0000.3882299468836143,+0000.0293316223015722,+0000.4693059568251538,+0000.0066548514111567,+0000.1064776225785030
+0000.4298991835961525,+0000.0270579778670481,+0000.4329276458727680,+0000.0064773642743550,+0000.1036378283896764
+0000.4719106079902189,+0000.0247582374875690,+0000.3961317998011025,+0000.0063058443953596,+0000.1008935103257501
+0000.5138721146166852,+0000.0224548812072558,+0000.3592780993160908,+0000.0061408767564689,+0000.0982540281034991
+0000.5553903743998473,+0000.0201704800918975,+0000.3227276814703581,+0000.0059830272963471,+0000.0957284367415502
+0000.5960776944265570,+0000.0179272988646488,+0000.2868367818343792,+0000.0058328367573188,+0000.0933253881170963
+0000.6355586590710048,+0000.0157469104370266,+0000.2519505669924241,+0000.0056908154999734,+0000.0910530479995712
+0000.6734763242686495,+0000.0136498355756319,+0000.2183973692101087,+0000.0055574394673890,+0000.0889190314782210
+0000.7094977646121410,+0000.0116552193657369,+0000.1864835098517885,+0000.0054331474217845,+0000.0869303587485489
+0000.7433188116154583,+0000.0097805539225338,+0000.1564888627605404,+0000.0053183395118512,+0000.0850934321896160
+0000.7746678675703386,+0000.0080414541550462,+0000.1286632664807374,+0000.0052133771643460,+0000.0834140346295318
+0000.8033087290603839,+0000.0064514905277555,+0000.1032238484440865,+0000.0051185842333987,+0000.0818973477343754
+0000.8290424035668199,+0000.0050220799127084,+0000.0803532786033339,+0000.0050342492892436,+0000.0805479886278939
+0000.8517079482583481,+0000.0037624329796798,+0000.0601989276748764,+0000.0049606288874764,+0000.0793700621996189
+0000.8711823992687106,+0000.0026795542934068,+0000.0428728686945080,+0000.0048979516319634,+0000.0783672261114112
+0000.8873798906726185,+0000.0017782894839451,+0000.0284526317431212,+0000.0048464228294305,+0000.0775427652708848
+0000.9002500840492846,+0000.0010614125840406,+0000.0169826013446487,+0000.0048062295307076,+0000.0768996724913186
+0000.9097760419205086,+0000.0005297458908100,+0000.0084759342529594,+0000.0047775457609250,+0000.0764407321747966
+0000.9159716821405477,+0000.0001823044705793,+0000.0029168715292681,+0000.0047605377564476,+0000.0761686041031575
+0000.9188789467015257,+0000.0000164576170659,+0000.0002633218730542,+0000.0047553690475504,+0000.0760859047608036
+0000.9185648089235285,+0000.0000281001070696,+0000.0004496017131137,+0000.0047622052503701,+0000.0761952840059180
+0000.9151182292661378,+0000.0002118268799586,+0000.0033892300793386,+0000.0047812184573275,+0000.0764994953172372
+0000.9086471536272819,+0000.0005611057052539,+0000.0089776912840634,+0000.0048125911402003,+0000.0770014582432006
+0000.8992756304193301,+0000.0010684434135759,+0000.0170950946172142,+0000.0048565195029343,+0000.0777043120469455
+0000.8871411051235210,+0000.0017255422809392,+0000.0276086764950271,+0000.0049132162412068,+0000.0786114598593060
+0000.8723919343385790,+0000.0025234441214639,+0000.0403751059434231,+0000.0049829126821493,+0000.0797266029143848
+0000.8551851461984588,+0000.0034526605214941,+0000.0552425683439071,+0000.0050658602903614,+0000.0810537646457785
+0000.8356844608259654,+0000.0045032884159105,+0000.0720526146545691,+0000.0051623315355035,+0000.0825973045680516
+0000.8140585733884992,+0000.0056651108544710,+0000.0906417736715377,+0000.0052726201226762,+0000.0843619219628158
+0000.7904796933360162,+0000.0069276833314576,+0000.1108429333033233,+0000.0053970405899533,+0000.0863526494392496
+0000.7651223264136989,+0000.0082804064620040,+0000.1324865033920644,+0000.0055359272783668,+0000.0885748364538656
+0000.7381622808567444,+0000.0097125860941858,+0000.1554013775069745,+0000.0056896326789470,+0000.0910341228631484
+0000.7097758755513968,+0000.0112134821608350,+0000.1794157145733618,+0000.0058585251596712,+0000.0937364025547354
+0000.6801393256284183,+0000.0127723477136140,+0000.2043575634178247,+0000.0060429860729498,+0000.0966877771671929
+0000.6494282796913703,+0000.0143784596583986,+0000.2300553545343778,+0000.0062434062421092,+0000.0998944998737441
+0000.6178174824415111,+0000.0160211427385439,+0000.2563382838167035,+0000.0064601818237203,+0000.1033629091795212
+0000.5854805366422264,+0000.0176897883025474,+0000.2830366128407599,+0000.0066937095420277,+0000.1070993526724385
+0000.5525897390014332,+0000.0193738693543907,+0000.3099819096702529,+0000.0069443812925840,+0000.1111101006813393
+0000.5193159655089067,+0000.0210629533257888,+0000.3370072532126211,+0000.0072125781148640,+0000.1154012498378196
+0000.4858285829504676,+0000.0227467139350313,+0000.3639474229605012,+0000.0074986635384708,+0000.1199786166155292
+0000.4522953646685497,+0000.0244149434105327,+0000.3906390945685234,+0000.0078029763148470,+0000.1248476210375471
+0000.4188823901141520,+0000.0260575662604094,+0000.4169210601665509,+0000.0081258225564054,+0000.1300131609024822
+0000.3857539093289695,+0000.0276646556627723,+0000.4426344906043578,+0000.0084674673178768,+0000.1354794770860238
+0000.3530721552197347,+0000.0292264534342144,+0000.4676232549474312,+0000.0088281256705073,+0000.1412500107281122
+0000.3209970883665103,+0000.0307333944046253,+0000.4917343104740046,+0000.0092079533385215,+0000.1473272534163386
+0000.2896860611808826,+0000.0321761358828989,+0000.5148181741263828,+0000.0096070369888142,+0000.1537125918210216
+0000.2592933905423415,+0000.0335455927380801,+0000.5367294838092818,+0000.0100253842888413,+0000.1604061486214554
+0000.2299698306352205,+0000.0348329784419629,+0000.5573276550714061,+0000.0104629138736127,+0000.1674066219777975
+0000.2018619406221906,+0000.0360298522206319,+0000.5764776355301098,+0000.0109194453898278,+0000.1747111262372399
+0000.1751113450490566,+0000.0371281722433755,+0000.5940507558940069,+0000.0113946898125627,+0000.1823150370009982
+0000.1498538884868226,+0000.0381203545385813,+0000.6099256726173002,+0000.0118882402563119,+0000.1902118441009842
+0000.1262186898634877,+0000.0389993370700911,+0000.6239893931214565,+0000.0123995635261747,+0000.1983930164187900
+0000.1043271061727565,+0000.0397586481384501,+0000.6361383702152008,+0000.0129279926749176,+0000.2068478827986751
+0000.0842916196883620,+0000.0403924779961058,+0000.6462796479376905,+0000.0134727208457558,+0000.2155635335320860
+0000.0662146673426205,+0000.0408957522926981,+0000.6543320366831676,+0000.0140327966871482,+0000.2245247469943653
+0000.0501874353904539,+0000.0412642057071055,+0000.6602272913136855,+0000.0146071216228683,+0000.2337139459658868
+0000.0362886466851744,+0000.0414944538896729,+0000.6639112622347639,+0000.0151944492464939,+0000.2431111879438952
+0000.0245833716212888,+0000.0415840616452168,+0000.6653449863234665,+0000.0157933870829432,+0000.2526941933270848
+0000.0151218968156584,+0000.0415316051497012,+0000.6645056823952161,+0000.0164024009199665,+0000.2624384147194577
+0000.0079386876604747,+0000.0413367259252655,+0000.6613876148042462,+0000.0170198218594130,+0000.2723171497506005
+0000.0030514817613602,+0000.0410001743123775,+0000.6560027889980361,+0000.0176438561722490,+0000.2823016987559772
+0000.0004605497754416,+0000.0405238402843243,+0000.6483814445491854,+0000.0182725979641798,+0000.2923615674268688
+0000.0001481581439474,+0000.0399107696541095,+0000.6385723144657492,+0000.0189040445727177,+0000.3024647131634762
+0000.0020782645999573,+0000.0391651640280260,+0000.6266426244484119,+0000.0195361145249184,+0000.3125778323986864
+0000.0061964721402901,+0000.0382923632587929,+0000.6126778121406828,+0000.0201666677917790,+0000.3226666846684552
+0000.0124302604953466,+0000.0372988096328621,+0000.5967809541257906,+0000.0207935279850594,+0000.3326964477609415
+0000.0206895062277646,+0000.0361919935737773,+0000.5790718971804336,+0000.0214145060598843,+0000.3426320969581399
+0000.0308672937519007,+0000.0349803812331624,+0000.5596860997305946,+0000.0220274250167265,+0000.3524388002676157
+0000.0428410101849966,+0000.0336733249454878,+0000.5387731991278013,+0000.0226301450436308,+0000.3620823206980834
+0000.0564737074695651,+0000.0322809581120296,+0000.5164953297924700,+0000.0232205885074085,+0000.3715294161185269
+0000.0716157061256894,+0000.0308140766226235,+0000.4930252259619718,+0000.0237967641935132,+0000.3807482270962022
+0000.0881064067763028,+0000.0292840093918554,+0000.4685441502696822,+0000.0243567902095393,+0000.3897086433526201
+0000.1057762686714238,+0000.0277024809540524,+0000.4432396952648347,+0000.0248989150064528,+0000.3983826401032360
+0000.1244489091776190,+0000.0260814693095484,+0000.4173035089527706,+0000.0254215360329454,+0000.4067445765271164
+0000.1439432748540658,+0000.0244330623312295,+0000.3909289972996676,+0000.0259232156185322,+0000.4147714498965049
+0000.1640758334440343,+0000.0227693160215227,+0000.3643090563443597,+0000.0264026937758878,+0000.4224431004141954
+0000.1846627368803676,+0000.0211021177602815,+0000.3376338841645005,+0000.0268588977173447,+0000.4297423634775056
+0000.2055219081212005,+0000.0194430574156600,+0000.3110889186505557,+0000.0272909479889761,+0000.4366551678236077
+0000.2264750090726286,+0000.0178033088217789,+0000.2848529411484577,+0000.0276981612327732,+0000.4431705797243617
+0000.2473492527046524,+0000.0161935236822944,+0000.2590963789167070,+0000.0280800496880209,+0000.4492807950083253
+0000.2679790293512466,+0000.0146237394642621,+0000.2339798314281903,+0000.0284363176327242,+0000.4549810821235767
+0000.2882073247006929,+0000.0131033023290982,+0000.2096528372655670,+0000.0287668550414501,+0000.4602696806631920
+0000.3078869147245774,+0000.0116408056330155,+0000.1862528901282450,+0000.0290717287949513,+0000.4651476607192106
+0000.3268813303867324,+0000.0102440440413122,+0000.1639047046609911,+0000.0293511718182926,+0000.4696187490926716
+0000.3450655920897466,+0000.0089199828585954,+0000.1427197257375238,+0000.0296055705478909,+0000.4736891287662434
+0000.3623267201938360,+0000.0076747417949610,+0000.1227958687193727,+0000.0298354511348142,+0000.4773672181570160
+0000.3785640333909395,+0000.0065135920757693,+0000.1042174732123062,+0000.0300414647835880,+0000.4806634365373970
+0000.3936892511203770,+0000.0054409655645150,+0000.0870554490322375,+0000.0302243726048754,+0000.4835899616779952
+0000.4076264195261424,+0000.0044604744044165,+0000.0713675904706615,+0000.0303850303293406,+0000.4861604852694392
+0000.4203116826966271,+0000.0035749395910647,+0000.0571990334570326,+0000.0305243731914874,+0000.4883899710637881
+0000.4316929221626850,+0000.0027864268591297,+0000.0445828297460735,+0000.0306434012489484,+0000.4902944199831634
+0000.4417292879646331,+0000.0020962882920910,+0000.0335406126734551,+0000.0307431653570489,+0000.4918906457127717
+0000.4503906441632483,+0000.0015052081354180,+0000.0240833301666872,+0000.0308247539726269,+0000.4931960635620197
+0000.4576569506071734,+0000.0010132514003888,+0000.0162120224062194,+0000.0308892809168370,+0000.4942284946693813
+0000.4635176012251411,+0000.0006199139778385,+0000.0099186236454152,+0000.0309378741853892,+0000.4950059869662159
+0000.4679707372259289,+0000.0003241731293574,+0000.0051867700697177,+0000.0309716658573534,+0000.4955466537176426
+0000.4710225514898818,+0000.0001245373796620,+0000.0019925980745913,+0000.0309917831209339,+0000.4958685299349311
+0000.4726865982349435,+0000.0000190949911629,+0000.0003055198586068,+0000.0309993404067822,+0000.4959894465085045
+0000.4729831198308379,+0000.0000055603546123,+0000.0000889656737969,+0000.0309954325965155,+0000.4959269215442373
+0000.4719384004917683,+0000.0000813177739269,+0000.0013010843828310,+0000.0309811292559697,+0000.4956980680955043
+0000.4695841545567724,+0000.0002434622558850,+0000.0038953960941605,+0000.0309574698290114,+0000.4953195172641709
+0000.4659569552067163,+0000.0004888370345140,+0000.0078213925522243,+0000.0309254597180328,+0000.4948073554885127
+0000.4610977077919413,+0000.0008140676647055,+0000.0130250826352895,+0000.0308860671710633,+0000.4941770747370005
+0000.4550511704662242,+0000.0012155926097515,+0000.0194494817560256,+0000.0308402208922359,+0000.4934435342757628
+0000.4478655235421428,+0000.0016896903235376,+0000.0270350451766022,+0000.0307888082916311,+0000.4926209326660863
+0000.4395919878933113,+0000.0022325028909475,+0000.0357200462551617,+0000.0307326742917995,+0000.4917227886687802
+0000.4302844918175326,+0000.0028400563408199,+0000.0454409014531196,+0000.0306726206110906,+0000.4907619297774375
+0000.4199993850248785,+0000.0035082777859402,+0000.0561324445750444,+0000.0306094054478911,+0000.4897504871662458
+0000.4087951978066995,+0000.0042330095755372,+0000.0677281532085964,+0000.0305437434946575,+0000.4886998959145090
+0000.3967324429549647,+0000.0050100206690734,+0000.0801603307051770,+0000.0304763062159292,+0000.4876208994548556
+0000.3838734576151789,+0000.0058350154572515,+0000.0933602473160264,+0000.0304077223300914,+0000.4865235572814515
+0000.3702822819499644,+0000.0067036402684833,+0000.1072582442957347,+0000.0303385784403429,+0000.4854172550454746
+0000.3560245712446817,+0000.0076114878078805,+0000.1217838049260896,+0000.0302694197659624,+0000.4843107162553857
+0000.3411675378830847,+0000.0085540997822830,+0000.1368655965165306,+0000.0302007509304773,+0000.4832120148876243
+0000.3257799194433781,+0000.0095269679699862,+0000.1524314875197809,+0000.0301330367686392,+0000.4821285882982156
+0000.3099319689984109,+0000.0105255339985579,+0000.1684085439769291,+0000.0300667031191832,+0000.4810672499069190
+0000.2936954635351772,+0000.0115451880992225,+0000.1847230095875629,+0000.0300021375751794,+0000.4800342012028579
+0000.2771437262273764,+0000.0125812671123489,+0000.2013002737975850,+0000.0299396901683943,+0000.4790350426942955
+0000.2603516580916246,+0000.0136290520261180,+0000.2180648324178902,+0000.0298796739684929,+0000.4780747834958743
+0000.2433957743263246,+0000.0146837653397943,+0000.2349402454367111,+0000.0298223655821872,+0000.4771578493149827
+0000.2263542403678568,+0000.0157405685543935,+0000.2518490968702984,+0000.0297680055416155,+0000.4762880886658357
+0000.2093069023999304,+0000.0167945601069549,+0000.2687129617112809,+0000.0297167985754028,+0000.4754687772064312
+0000.1923353067198154,+0000.0178407740799573,+0000.2854523852793188,+0000.0296689137600542,+0000.4747026201608545
+0000.1755227020042511,+0000.0188741800343220,+0000.3019868805491550,+0000.0296244845536638,+0000.4739917528586081
+0000.1589540181363736,+0000.0198896843323741,+0000.3182349493179890,+0000.0295836087184280,+0000.4733377394948354
+0000.1427158148655903,+0000.0208821333352744,+0000.3341141333643926,+0000.0295463481432209,+0000.4727415702915216
+0000.1268961931924537,+0000.0218463188767151,+0000.3495411020274446,+0000.0295127285825529,+0000.4722036573208335
+0000.1115846620231793,+0000.0227769864296965,+0000.3644317828751463,+0000.0294827393336465,+0000.4717238293383315
+0000.0968719523525506,+0000.0236688463942461,+0000.3787015423079399,+0000.0294563328791339,+0000.4713013260661293
+0000.0828497710449953,+0000.0245165889389406,+0000.3922654230230520,+0000.0294334245290015,+0000.4709347924640104
+0000.0696104862338049,+0000.0253149028255916,+0000.4050384452094672,+0000.0294138921018324,+0000.4706222736293040
+0000.0572467364965659,+0000.0260584986316976,+0000.4169359781071638,+0000.0293975756920345,+0000.4703612110725384
+0000.0458509563457216,+0000.0267421367561527,+0000.4278741880984446,+0000.0293842775764526,+0000.4701484412232281
+0000.0355148112564756,+0000.0273606605469307,+0000.4377705687508928,+0000.0293737623203362,+0000.4699801971253647
+0000.0263285365025691,+0000.0279090348216301,+0000.4465445571460822,+0000.0293657571488078,+0000.4698521143809110
+0000.0183801755463553,+0000.0283823899595237,+0000.4541182393523809,+0000.0293599526553973,+0000.4697592424863428
+0000.0117547156914916,+0000.0287760716241045,+0000.4604171459856725,+0000.0293560039234557,+0000.4696960627752759
+0000.0065331212036055,+0000.0290856960256413,+0000.4653711364102615,+0000.0293535321388533,+0000.4696565142216382
+0000.0027912671698213,+0000.0293072104525655,+0000.4689153672410499,+0000.0293521267727399,+0000.4696340283638236
+0000.0005987810121755,+0000.0294369585885799,+0000.4709913374172788,+0000.0293513484107047,+0000.4696215745712609
+0000.0000178027713225,+0000.0294717498911003,+0000.4715479982576052,+0000.0293507322988228,+0000.4696117167811495
+0000.0011016799741503,+0000.0294089320401917,+0000.4705429126430681,+0000.0293497926672121,+0000.4695966826753778
+0000.0038936179826965,+0000.0292464651824723,+0000.4679434429195576,+0000.0293480278773699,+0000.4695684460379035
+0000.0084253120284453,+0000.0289829964015288,+0000.4637279424244607,+0000.0293449264203283,+0000.4695188227252371
+0000.0147155924441537,+0000.0286179325583875,+0000.4578869209341999,+0000.0293399737684279,+0000.4694395802948313
+0000.0227691196359071,+0000.0281515093787946,+0000.4504241500607143,+0000.0293326600543882,+0000.4693225608701957
+0000.0325751697609769,+0000.0275848544374095,+0000.4413576709985525,+0000.0293224885178281,+0000.4691598162852329
+0000.0441065555235613,+0000.0269200415233015,+0000.4307206643728239,+0000.0293089846223723,+0000.4689437539579410
+0000.0573187285835357,+0000.0261601337877991,+0000.4185621406047847,+0000.0292917057072881,+0000.4686672913165926
+0000.0721491104147847,+0000.0253092130952368,+0000.4049474095237883,+0000.0292702509980122,+0000.4683240159681781
+0000.0885166967140435,+0000.0243723931370503,+0000.3899582901928032,+0000.0292442717621247,+0000.4679083481939785
+0000.1063219763933173,+0000.0233558141425219,+0000.3736930262803486,+0000.0292134813637546,+0000.4674157018200578
+0000.1254471996525582,+0000.0222666174306855,+0000.3562658788909664,+0000.0291776649426945,+0000.4668426390830954
+0000.1457570206415732,+0000.0211128985938714,+0000.3378063775019408,+0000.0291366884272136,+0000.4661870148354011
+0000.1670995289779688,+0000.0199036387702463,+0000.3184582203239403,+0000.0290905065839919,+0000.4654481053438528
+0000.1893076712801523,+0000.0186486142258336,+0000.2983778276133365,+0000.0290391698165114,+0000.4646267170641663
+0000.2122010494765420,+0000.0173582852910150,+0000.2777325646562387,+0000.0289828294456601,+0000.4637252711305442
+0000.2355880677007601,+0000.0160436665390314,+0000.2566986646245016,+0000.0289217412432779,+0000.4627478598924292
+0000.2592683849293945,+0000.0147161809054042,+0000.2354588944864652,+0000.0288562670399267,+0000.4617002726388094
+0000.2830356170673191,+0000.0133875011764425,+0000.2142000188230780,+0000.0287868742901869,+0000.4605899886429735
+0000.3066802208152592,+0000.0120693828734137,+0000.1931101259746174,+0000.0287141335492192,+0000.4594261367874904
+0000.3299924831421045,+0000.0107734929847080,+0000.1723758877553259,+0000.0286387138892870,+0000.4582194222285745
+0000.3527655351303169,+0000.0095112392205090,+0000.1521798275281422,+0000.0285613763600617,+0000.4569820217609703
+0000.3747983077304856,+0000.0082936044661826,+0000.1326976714589206,+0000.0284829656673193,+0000.4557274506770916
+0000.3958983496414112,+0000.0071309908907191,+0000.1140958542515045,+0000.0284044003068461,+0000.4544704049095192
+0000.4158844339332649,+0000.0060330777400051,+0000.0965292438400804,+0000.0283266614403922,+0000.4532265830462573
+0000.4345888896981896,+0000.0050086962409197,+0000.0801391398547135,+0000.0282507808356585,+0000.4520124933705189
+0000.4518596072718507,+0000.0040657243023913,+0000.0650515888382595,+0000.0281778282110304,+0000.4508452513764685
+0000.4675616795948874,+0000.0032110028725353,+0000.0513760459605638,+0000.0281088983277665,+0000.4497423732442469
+0000.4815786571732567,+0000.0024502749489898,+0000.0392043991838363,+0000.0280450981584668,+0000.4487215705354504
+0000.4938134089530926,+0000.0017881473935135,+0000.0286103582962147,+0000.0279875344327763,+0000.4478005509244030
+0000.5041885954270764,+0000.0012280749174557,+0000.0196491986792912,+0000.0279373018221291,+0000.4469968291540476
+0000.5126467727480439,+0000.0007723649191007,+0000.0123578387056105,+0000.0278954719780743,+0000.4463275516491706
+0000.5191501570282625,+0000.0004222012939228,+0000.0067552207027642,+0000.0278630835867687,+0000.4458093373882816
+0000.5236800860286963,+0000.0001776849200433,+0000.0028429587206923,+0000.0278411335488580,+0000.4454581367817102
+0000.5262362209623674,+0000.0000378882482551,+0000.0006062119720821,+0000.0278305693421948,+0000.4452891094751003
+0000.5268355341940434,+0000.0000009212937970,+0000.0000147407007525,+0000.0278322825771426,+0000.4453165212342646
+0000.5255111294030327,+0000.0000640063226519,+0000.0010241011624313,+0000.0278471037124648,+0000.4455536593994193
+0000.5223109395817760,+0000.0002235586299309,+0000.0035769380788945,+0000.0278757978652597,+0000.4460127658441386
+0000.5172963454326154,+0000.0004752709999209,+0000.0076043359987352,+0000.0279190616216909,+0000.4467049859470376
+0000.5105407526916760,+0000.0008141996934196,+0000.0130271950947143,+0000.0279775207364828,+0000.4476403317837075
+0000.5021281620436612,+0000.0012348501053729,+0000.0197576016859669,+0000.0280517285979421,+0000.4488276575670571
+0000.4921517599592329,+0000.0017312605538167,+0000.0277001688610680,+0000.0281421653309353,+0000.4502746452949471
+0000.4807125533078150,+0000.0022970829817660,+0000.0367533277082562,+0000.0282492374118929,+0000.4519877985902697
+0000.4679180652384594,+0000.0029256596624177,+0000.0468105545986838,+0000.0283732776764974,+0000.4539724428239417
+0000.4538811047863855,+0000.0036100952837502,+0000.0577615245400043,+0000.0285145456111692,+0000.4562327297786907
+0000.4387186181016777,+0000.0043433240435840,+0000.0694931846973455,+0000.0286732278327888,+0000.4587716453246038
+0000.4225506252052031,+0000.0051181716057263,+0000.0818907456916218,+0000.0288494386763215,+0000.4615910188211273
+0000.4054992428051343,+0000.0059274119498374,+0000.0948385911973992,+0000.0290432208263321,+0000.4646915332212969
+0000.3876877909681019,+0000.0067638192920957,+0000.1082211086735315,+0000.0292545459450758,+0000.4680727351211951
+0000.3692399793155942,+0000.0076202153621352,+0000.1219234457941644,+0000.0294833152663602,+0000.4717330442617462
+0000.3502791668715082,+0000.0084895123967417,+0000.1358321983478687,+0000.0297293601402293,+0000.4756697622436522
+0000.3309276886695632,+0000.0093647522557774,+0000.1498360360924384,+0000.0299924425283670,+0000.4798790804538541
+0000.3113062416805031,+0000.0102391420845138,+0000.1638262733522220,+0000.0302722554636929,+0000.4843560874190682
+0000.2915333224760906,+0000.0111060869428631,+0000.1776973910858100,+0000.0305684234997208,+0000.4890947759955155
+0000.2717247092472912,+0000.0119592197997333,+0000.1913475167957333,+0000.0308805031857212,+0000.4940880509715211
+0000.2519929812774795,+0000.0127924292535658,+0000.2046788680570533,+0000.0312079836124658,+0000.4993277377994355
+0000.2324470696813404,+0000.0135998852914401,+0000.2175981646630416,+0000.0315502870802468,+0000.5048045932839312
+0000.2131918341040351,+0000.0143760633421208,+0000.2300170134739331,+0000.0319067699458782,+0000.5105083191340329
+0000.1943276610851937,+0000.0151157668159392,+0000.2418522690550283,+0000.0322767237084621,+0000.5164275793353764
+0000.1759500808845845,+0000.0158141482590714,+0000.2530263721451425,+0000.0326593763947776,+0000.5225500223164239
+0000.1581494007007949,+0000.0164667291839860,+0000.2634676669437771,+0000.0330538943042035,+0000.5288623088672383
+0000.1410103533540597,+0000.0170694185737695,+0000.2731106971803115,+0000.0334593841701104,+0000.5353501467217489
+0000.1246117616153499,+0000.0176185299976794,+0000.2818964799628704,+0000.0338748957896540,+0000.5419983326344466
+0000.1090262194142746,+0000.0181107972204636,+0000.2897727555274185,+0000.0342994251669330,+0000.5487908026709102
+0000.0943197921188038,+0000.0185433881403359,+0000.2966942102453742,+0000.0347319182056179,+0000.5557106912898681
+0000.0805517389231337,+0000.0189139168514978,+0000.3026226696239653,+0000.0351712749765542,+0000.5627403996248492
+0000.0677742610816580,+0000.0192204535979831,+0000.3075272575677303,+0000.0356163545736851,+0000.5698616731789433
+0000.0560322802654301,+0000.0194615323673909,+0000.3113845178782546,+0000.0360659805581731,+0000.5770556889307514
+0000.0453632516748516,+0000.0196361558665168,+0000.3141784938642684,+0000.0365189469761401,+0000.5843031516182233
