+0001.0000000000000000,+0000.0000000000000000,+0000.0000000000000000,+0000.0000000000000000,+0000.0000000000000000
+0000.9999016865185910,+0000.0000240964415218,+0000.0000154217225739,+0000.0000240964415218,+0000.0000346988757913
+0000.9995651315038893,+0000.0000542084982991,+0000.0000302214378356,+0000.0001505903865964,+0000.0001998481733796
+0000.9989098105877465,+0000.0000737472322512,+0000.0000375043497860,+0000.0004350502032469,+0000.0005438876269695
+0000.9978911831924984,+0000.0000845826778950,+0000.0000406069212096,+0000.0009029500209325,+0000.0010806771874646
+0000.9964936441359166,+0000.0000901964687765,+0000.0000418407711259,+0000.0015628383467103,+0000.0018114802774705
+0000.9947149778339021,+0000.0000929682173863,+0000.0000422874738648,+0000.0024156700841441,+0000.0027340963907026
+0000.9925583050425659,+0000.0000942480750518,+0000.0000424049607352,+0000.0034594205238296,+0000.0038456213978173
+0000.9900288285052958,+0000.0000947514235224,+0000.0000423805696167,+0000.0046910080197463,+0000.0051430314818190
+0000.9871327017719778,+0000.0000948461803685,+0000.0000422900239580,+0000.0061069754783537,+0000.0066231865453421
+0000.9838767033078635,+0000.0000947190400868,+0000.0000421638804981,+0000.0077036725753851,+0000.0082827411961667
+0000.9802681750804585,+0000.0000944642608195,+0000.0000420145651905,+0000.0094772668772164,+0000.0101180792163150
+0000.9763150269084121,+0000.0000941294712531,+0000.0000418472582600,+0000.0114237134954066,+0000.0121252828666681
+0000.9720257424057975,+0000.0000937389199412,+0000.0000416642574075,+0000.0135387274857654,+0000.0143001269310886
+0000.9674093707795588,+0000.0000933051793680,+0000.0000414667229258,+0000.0158177698941904,+0000.0166380874239570
+0000.9624755041716166,+0000.0000928350122011,+0000.0000412553743880,+0000.0182560470282737,+0000.0191343584135204
+0000.9572342439793469,+0000.0000923323036443,+0000.0000410307679141,+0000.0208485196996401,+0000.0217838732494547
+0000.9516961596577747,+0000.0000917995240166,+0000.0000407934057124,+0000.0235899192205669,+0000.0245813281919297
+0000.9458722427127108,+0000.0000912384563463,+0000.0000405437785501,+0000.0264747676969175,+0000.0275212073554755
+0000.9397738578063393,+0000.0000906505568238,+0000.0000402823813993,+0000.0294974009123656,+0000.0305978083430723
+0000.9334126923123359,+0000.0000900371320087,+0000.0000400097183578,+0000.0326519926649540,+0000.0338052681723434
+0000.9268007052673843,+0000.0000893994246467,+0000.0000397263032883,+0000.0359325797977565,+0000.0371375892069243
+0000.9199500764159595,+0000.0000887386539606,+0000.0000394326587626,+0000.0393330874079104,+0000.0405886648634069
+0000.9128731558855665,+0000.0000880560333082,+0000.0000391293143560,+0000.0428473538693008,+0000.0441523048974685
+0000.9055824149243188,+0000.0000873527766371,+0000.0000388168047153,+0000.0464691553985572,+0000.0478222600957714
+0000.8980903980589343,+0000.0000866300994464,+0000.0000384956675803,+0000.0501922299548612,+0000.0515922462191779
+0000.8904096769750305,+0000.0000858892171129,+0000.0000381664418354,+0000.0540103003056087,+0000.0554559670604126
+0000.8825528063751696,+0000.0000851313420122,+0000.0000378296656296,+0000.0579170961206543,+0000.0594071364965344
+0000.8745322820290867,+0000.0000843576801580,+0000.0000374858745827,+0000.0619063749824560,+0000.0634394994337166
+0000.8663605011927751,+0000.0000835694277252,+0000.0000371356000903,+0000.0659719422205379,+0000.0675468515588715
+0000.8580497255375403,+0000.0000827677676433,+0000.0000367793677360,+0000.0701076694976686,+0000.0717230578294120
+0000.8496120466964138,+0000.0000819538663568,+0000.0000364176958146,+0000.0743075120926542,+0000.0759620696487606
+0000.8410593545033704,+0000.0000811288708036,+0000.0000360510939710,+0000.0785655248409728,+0000.0802579406908820
+0000.8324033079707279,+0000.0000802939056360,+0000.0000356800619561,+0000.0828758767097020,+0000.0846048413519781
+0000.8236553090220752,+0000.0000794500706974,+0000.0000353050885009,+0000.0872328639973240,+0000.0889970718214026
+0000.8148264789722444,+0000.0000785984387585,+0000.0000349266503086,+0000.0916309221619887,+0000.0934290737766999
+0000.8059276377223064,+0000.0000777400535130,+0000.0000345452111623,+0000.0960646362936301,+0000.0978954407193880
+0000.7969692856164753,+0000.0000768759278291,+0000.0000341612211480,+0000.1005287502559362,+0000.1023909269786116
+0000.7879615878891524,+0000.0000760070422491,+0000.0000337751159873,+0000.1050181745335355,+0000.1069104554190757
+0000.7789143616141743,+0000.0000751343437317,+0000.0000333873164784,+0000.1095279928278976,+0000.1114491238977180
+0000.7698370650545756,+0000.0000742587446243,+0000.0000329982280395,+0000.1140534674523547,+0000.1160022105204060
+0000.7607387892998251,+0000.0000733811218566,+0000.0000326082403502,+0000.1185900435823793,+0000.1205651777555889
+0000.7516282520683837,+0000.0000725023163426,+0000.0000322177270861,+0000.1231333524218439,+0000.1251336754663437
+0000.7425137935464934,+0000.0000716231325796,+0000.0000318270457401,+0000.1276792133495017,+0000.1297035429256850
+0000.7334033741291719,+0000.0000707443384300,+0000.0000314365375260,+0000.1322236351124361,+0000.1342708098824363
+0000.7243045739262940,+0000.0000698666650738,+0000.0000310465273568,+0000.1367628161348089,+0000.1388316967464667
+0000.7152245938952648,+0000.0000689908071177,+0000.0000306573238938,+0000.1412931440109697,+0000.1433826139627539
+0000.7061702584618865,+0000.0000681174228482,+0000.0000302692196586,+0000.1458111942519670,+0000.1479201606436394
+0000.6971480194925059,+0000.0000672471346145,+0000.0000298824912034,+0000.1503137283537992,+0000.1524411225278772
+0000.6881639614831535,+0000.0000663805293292,+0000.0000294973993334,+0000.1547976912544585,+0000.1569424693337254
+0000.6792238078350425,+0000.0000655181590735,+0000.0000291141893762,+0000.1592602082450267,+0000.1614213515714812
+0000.6703329280902620,+0000.0000646605417952,+0000.0000287330914912,+0000.1636985813978647,+0000.1658750968785871
+0000.6614963460067068,+0000.0000638081620877,+0000.0000283543210163,+0000.1681102855723674,+0000.1703012059378220
+0000.6527187483569999,+0000.0000629614720388,+0000.0000279780788451,+0000.1724929640559155,+0000.1746973480362007
+0000.6440044943423339,+0000.0000621208921384,+0000.0000276045518298,+0000.1768444238945889,+0000.1790613563191092
+0000.6353576255185983,+0000.0000612868122364,+0000.0000272339132074,+0000.1811626309650023,+0000.1833912227909557
+0000.6267818761388295,+0000.0000604595925401,+0000.0000268663230425,+0000.1854457048353081,+0000.1876850931102798
+0000.6182806838227471,+0000.0000596395646434,+0000.0000265019286851,+0000.1896919134600526,+0000.1919412612238719
+0000.6098572004709165,+0000.0000588270325799,+0000.0000261408652378,+0000.1938996677501986,+0000.1961581638810671
+0000.6015143033477708,+0000.0000580222738913,+0000.0000257832560316,+0000.1980675160562905,+0000.2003343750660160
+0000.5932546062642997,+0000.0000572255407068,+0000.0000254292131045,+0000.2021941385994500,+0000.2044686003824389
+0000.5850804707976258,+0000.0000564370608249,+0000.0000250788376830,+0000.2062783418817010,+0000.2085596714221651
+0000.5769940174908585,+0000.0000556570387939,+0000.0000247322206618,+0000.2103190531040277,+0000.2126065401456580
+0000.5689971369825557,+0000.0000548856569854,+0000.0000243894430812,+0000.2143153146176133,+0000.2166082732997646
+0000.5610915010207717,+0000.0000541230766569,+0000.0000240505765988,+0000.2182662784308775,+0000.2205640468950951
+0000.5532785733220227,+0000.0000533694389989,+0000.0000237156839552,+0000.2221712007922600,+0000.2244731407627635
+0000.5455596202405307,+0000.0000526248661644,+0000.0000233848194313,+0000.2260294368661721,+0000.2283349332077015
+0000.5379357212178428,+0000.0000518894622766,+0000.0000230580292962,+0000.2298404355171843,+0000.2321488957733998
+0000.5304077789872950,+0000.0000511633144136,+0000.0000227353522446,+0000.2336037342153141,+0000.2359145881307327
+0000.5229765295118783,+0000.0000504464935666,+0000.0000224168198227,+0000.2373189540732412,+0000.2396316531014914
+0000.5156425516378097,+0000.0000497390555713,+0000.0000221024568421,+0000.2409857950244001,+0000.2432998118253770
+0000.5084062764495506,+0000.0000490410420102,+0000.0000217922817808,+0000.2446040311491739,+0000.2469188590774844
+0000.5012679963151616,+0000.0000483524810853,+0000.0000214863071709,+0000.2481735061548382,+0000.2504886587417441
+0000.4942278736137232,+0000.0000476733884596,+0000.0000211845399725,+0000.2516941290134797,+0000.2540091394443650
+0000.4872859491391373,+0000.0000470037680683,+0000.0000208869819343,+0000.2551658697608184,+0000.2574802903500418
+0000.4804421501769198,+0000.0000463436128972,+0000.0000205936299394,+0000.2585887554577080,+0000.2609021571225355
+0000.4736962982526685,+0000.0000456929057307,+0000.0000203044763376,+0000.2619628663150499,+0000.2642748380502133
+0000.4670481165527092,+0000.0000450516198671,+0000.0000200195092637,+0000.2652883319819411,+0000.2675984803362185
+0000.4604972370190398,+0000.0000444197198035,+0000.0000197387129413,+0000.2685653279960671,+0000.2708732765521481
+0000.4540432071220926,+0000.0000437971618888,+0000.0000194620679732,+0000.2717940723946393,+0000.2740994612534062
+0000.4476854963160644,+0000.0000431838949462,+0000.0000191895516181,+0000.2749748224835676,+0000.2772773077538035
+0000.4414235021826006,+0000.0000425798608664,+0000.0000189211380540,+0000.2781078717620287,+0000.2804071250564503
+0000.4352565562695142,+0000.0000419849951702,+0000.0000186567986285,+0000.2811935469991402,+0000.2834892549375468
+0000.4291839296319630,+0000.0000413992275433,+0000.0000183965020960,+0000.2842322054590825,+0000.2865240691793150
+0000.4232048380841218,+0000.0000408224823429,+0000.0000181402148434,+0000.2872242322706897,+0000.2895119669480022
+0000.4173184471698731,+0000.0000402546790772,+0000.0000178879011026,+0000.2901700379372933,+0000.2924533723126537
+0000.4115238768614359,+0000.0000396957328582,+0000.0000176395231521,+0000.2930700559823971,+0000.2953487319001569
+0000.4058202059951290,+0000.0000391455548302,+0000.0000173950415073,+0000.2959247407266155,+0000.2981985126819178
+0000.4002064764536811,+0000.0000386040525730,+0000.0000171544150995,+0000.2987345651912107,+0000.3010031998874356
+0000.3946816971046122,+0000.0000380711304816,+0000.0000169176014449,+0000.3015000191234855,+0000.3037632950399760
+0000.3892448475042866,+0000.0000375466901235,+0000.0000166845568033,+0000.3042216071392665,+0000.3064793141095202
+0000.3838948813772228,+0000.0000370306305748,+0000.0000164552363272,+0000.3068998469777064,+0000.3091517857781689
+0000.3786307298802041,+0000.0000365228487344,+0000.0000162295942018,+0000.3095352678636551,+0000.3117812498132048
+0000.3734513046606322,+0000.0000360232396196,+0000.0000160075837761,+0000.3121284089728995,+0000.3143682555430729
+0000.3683555007184352,+0000.0000355316966415,+0000.0000157891576855,+0000.3146798179956343,+0000.3169133604316038
+0000.3633421990806688,+0000.0000350481118637,+0000.0000155742679664,+0000.3171900497936102,+0000.3194171287458909
+0000.3584102692977626,+0000.0000345723762426,+0000.0000153628661633,+0000.3196596651464983,+0000.3218801303133335
+0000.3535585717701356,+0000.0000341043798521,+0000.0000151549034285,+0000.3220892295831189,+0000.3243029393634648
+0000.3487859599136819,+0000.0000336440120923,+0000.0000149503306150,+0000.3244793122933015,+0000.3266861334503096
+0000.3440912821723618,+0000.0000331911618838,+0000.0000147490983624,+0000.3268304851162596,+0000.3290302924511325
+0000.3394733838858875,+0000.0000327457178475,+0000.0000145511571777,+0000.3291433216015032,+0000.3313359976375840
+0000.3349311090202069,+0000.0000323075684720,+0000.0000143564575086,+0000.3314183961384378,+0000.3336038308153746
+0000.3304633017682247,+0000.0000318766022678,+0000.0000141649498127,+0000.3336562831509400,+0000.3358343735287547
+0000.3260688080279137,+0000.0000314527079099,+0000.0000139765846207,+0000.3358575563533383,+0000.3380282063262176
+0000.3217464767646890,+0000.0000310357743690,+0000.0000137913125947,+0000.3380227880643654,+0000.3401859080839816
+0000.3174951612646424,+0000.0000306256910327,+0000.0000136090845822,+0000.3401525485757916,+0000.3423080553839511
+0000.3133137202849441,+0000.0000302223478163,+0000.0000134298516650,+0000.3422474055725805,+0000.3443952219429943
+0000.3092010191074580,+0000.0000298256352647,+0000.0000132535652045,+0000.3443079236015559,+0000.3464479780905169
+0000.3051559305013332,+0000.0000294354446446,+0000.0000130801768834,+0000.3463346635856929,+0000.3484668902914460
+0000.3011773356000747,+0000.0000290516680298,+0000.0000129096387425,+0000.3483281823812852,+0000.3504525207118679
+0000.2972641246983343,+0000.0000286741983778,+0000.0000127419032157,+0000.3502890323753692,+0000.3524054268247030
+0000.2934151979734109,+0000.0000283029295994,+0000.0000125769231601,+0000.3522177611209107,+0000.3543261610529189
+0000.2896294661362000,+0000.0000279377566213,+0000.0000124146518846,+0000.3541149110073825,+0000.3562152704479116
+0000.2859058510160973,+0000.0000275785754428,+0000.0000122550431746,+0000.3559810189644806,+0000.3580732964008044
+0000.2822432860841275,+0000.0000272252831861,+0000.0000120980513145,+0000.3578166161968441,+0000.3599007743845278
+0000.2786407169183480,+0000.0000268777781415,+0000.0000119436311076,+0000.3596222279477491,+0000.3616982337246537
+0000.2750971016153632,+0000.0000265359598064,+0000.0000117917378939,+0000.3613983732898629,+0000.3634661973970739
+0000.2716114111515757,+0000.0000261997289210,+0000.0000116423275654,+0000.3631455649412362,+0000.3652051818507017
+0000.2681826296976076,+0000.0000258689874981,+0000.0000114953565796,+0000.3648643091048246,+0000.3669156968534899
+0000.2648097548891291,+0000.0000255436388491,+0000.0000113507819714,+0000.3665551053299091,+0000.3685982453601415
+0000.2614917980571547,+0000.0000252235876067,+0000.0000112085613624,+0000.3682184463938885,+0000.3702533233999875
+0000.2582277844206930,+0000.0000249087397434,+0000.0000110686529699,+0000.3698548182030010,+0000.3718814199835925
+0000.2550167532444655,+0000.0000245990025861,+0000.0000109310156128,+0000.3714646997106086,+0000.3734830170267272
+0000.2518577579642582,+0000.0000242942848290,+0000.0000107956087178,+0000.3730485628517631,+0000.3750585892904318
+0000.2487498662823155,+0000.0000239944965424,+0000.0000106623923230,+0000.3746068724928510,+0000.3766086043359682
+0000.2456921602350409,+0000.0000236995491791,+0000.0000105313270807,+0000.3761400863951732,+0000.3781335224935257
+0000.2426837362351384,+0000.0000234093555788,+0000.0000104023742598,+0000.3776486551913997,+0000.3796337968436231
+0000.2397237050901912,+0000.0000231238299697,+0000.0000102754957459,+0000.3791330223738913,+0000.3811098732102017
+0000.2368111919995605,+0000.0000228428879683,+0000.0000101506540418,+0000.3805936242939489,+0000.3825621901644803
+0000.2339453365313623,+0000.0000225664465770,+0000.0000100278122658,+0000.3820308901711080,+0000.3839911790386871
+0000.2311252925811741,+0000.0000222944241803,+0000.0000099069341507,+0000.3834452421116462,+0000.3853972639488486
+0000.2283502283140212,+0000.0000220267405391,+0000.0000097879840408,+0000.3848370951355353,+0000.3867808618258638
+0000.2256193260910864,+0000.0000217633167836,+0000.0000096709268889,+0000.3862068572111017,+0000.3881423824541393
+0000.2229317823825012,+0000.0000215040754052,+0000.0000095557282524,+0000.3875549292967257,+0000.3894822285171153
+0000.2202868076674837,+0000.0000212489402463,+0000.0000094423542896,+0000.3888817053889349,+0000.3908007956490459
+0000.2176836263230052,+0000.0000209978364901,+0000.0000093307717541,+0000.3901875725763035,+0000.3920984724924472
+0000.2151214765020940,+0000.0000207506906486,+0000.0000092209479902,+0000.3914729110986030,+0000.3933756407606642
+0000.2125996100028026,+0000.0000205074305501,+0000.0000091128509271,+0000.3927380944106821,+0000.3946326753050382
+0000.2101172921288014,+0000.0000202679853253,+0000.0000090064490727,+0000.3939834892505974,+0000.3958699441862033
+0000.2076738015424941,+0000.0000200322853939,+0000.0000089017115078,+0000.3952094557115444,+0000.3970878087490596
+0000.2052684301114882,+0000.0000198002624491,+0000.0000087986078790,+0000.3964163473171695,+0000.3982866237010143
+0000.2029004827491938,+0000.0000195718494427,+0000.0000086971083922,+0000.3976045110998718,+0000.3994667371930999
+0000.2005692772502732,+0000.0000193469805689,+0000.0000085971838053,+0000.3987742876817367,+0000.4006284909036157
+0000.1982741441216099,+0000.0000191255912482,+0000.0000084988054214,+0000.3999260113577621,+0000.4017722201239583
+0000.1960144264094159,+0000.0000189076181106,+0000.0000084019450807,+0000.4010600101810634,+0000.4028982538463295
+0000.1937894795230538,+0000.0000186929989787,+0000.0000083065751537,+0000.4021766060497722,+0000.4040069148530417
+0000.1915986710561078,+0000.0000184816728503,+0000.0000082126685328,+0000.4032761147953576,+0000.4050985198071517
+0000.1894413806051931,+0000.0000182735798811,+0000.0000081201986253,+0000.4043588462721214,+0000.4061733793441792
+0000.1873169995869616,+0000.0000180686613669,+0000.0000080291393447,+0000.4054251044476415,+0000.4072317981646857
+0000.1852249310537233,+0000.0000178668597260,+0000.0000079394651037,+0000.4064751874939471,+0000.4082740751274997
+0000.1831645895080720,+0000.0000176681184811,+0000.0000078511508054,+0000.4075093878792346,+0000.4093005033434070
+0000.1811354007168692,+0000.0000174723822415,+0000.0000077641718361,+0000.4085279924599397,+0000.4103113702691136
+0000.1791368015249175,+0000.0000172795966850,+0000.0000076785040567,+0000.4095312825730059,+0000.4113069578013349
+0000.1771682396686231,+0000.0000170897085401,+0000.0000075941237949,+0000.4105195341281927,+0000.4122875423708493
+0000.1752291735899225,+0000.0000169026655679,+0000.0000075110078376,+0000.4114930177002856,+0000.4132533950363864
+0000.1733190722507279,+0000.0000167184165443,+0000.0000074291334223,+0000.4124519986210819,+0000.4142047815782235
+0000.1714374149481203,+0000.0000165369112421,+0000.0000073484782297,+0000.4133967370710335,+0000.4151419625913743
+0000.1695836911305007,+0000.0000163581004134,+0000.0000072690203755,+0000.4143274881704411,+0000.4160651935782693
+0000.1677574002148910,+0000.0000161819357717,+0000.0000071907384028,+0000.4152445020701044,+0000.4169747250408301
+0000.1659580514055574,+0000.0000160083699748,+0000.0000071136112742,+0000.4161480240413387,+0000.4178708025718550
+0000.1641851635141128,+0000.0000158373566070,+0000.0000070376183640,+0000.4170382945652794,+0000.4187536669456370
+0000.1624382647812398,+0000.0000156688501622,+0000.0000069627394509,+0000.4179155494214022,+0000.4196235542077448
+0000.1607168927001612,+0000.0000155028060269,+0000.0000068889547098,+0000.4187800197751968,+0000.4204806957639055
+0000.1590205938419705,+0000.0000153391804632,+0000.0000068162447052,+0000.4196319322649305,+0000.4213253184679305
+0000.1573489236829257,+0000.0000151779305922,+0000.0000067445903830,+0000.4204715090874590,+0000.4221576447086403
+0000.1557014464337933,+0000.0000150190143775,+0000.0000066739730636,+0000.4212989680830296,+0000.4229778924957359
+0000.1540777348713236,+0000.0000148623906090,+0000.0000066043744344,+0000.4221145228190443,+0000.4237862755445885
+0000.1524773701719247,+0000.0000147080188868,+0000.0000065357765431,+0000.4229183826727406,+0000.4245830033599048
+0000.1508999417475957,+0000.0000145558596056,+0000.0000064681617903,+0000.4237107529127649,+0000.4253682813182437
+0000.1493450470841710,+0000.0000144058739385,+0000.0000064015129226,+0000.4244918347796087,+0000.4261423107493590
+0000.1478122915819174,+0000.0000142580238224,+0000.0000063358130260,+0000.4252618255648872,+0000.4269052890163470
+0000.1463012883985215,+0000.0000141122719424,+0000.0000062710455188,+0000.4260209186894389,+0000.4276574095945783
+0000.1448116582944965,+0000.0000139685817169,+0000.0000062071941455,+0000.4267693037802339,+0000.4283988621494073
+0000.1433430294810312,+0000.0000138269172830,+0000.0000061442429696,+0000.4275071667460764,+0000.4291298326126399
+0000.1418950374702991,+0000.0000136872434822,+0000.0000060821763678,+0000.4282346898520929,+0000.4298505032577579
+0000.1404673249282398,+0000.0000135495258457,+0000.0000060209790233,+0000.4289520517930003,+0000.4305610527738910
+0000.1390595415298197,+0000.0000134137305812,+0000.0000059606359199,+0000.4296594277651458,+0000.4312616563385335
+0000.1376713438167760,+0000.0000132798245586,+0000.0000059011323356,+0000.4303569895373217,+0000.4319524856890082
+0000.1363023950578416,+0000.0000131477752966,+0000.0000058424538368,+0000.4310449055203521,+0000.4326337091926726
+0000.1349523651114478,+0000.0000130175509497,+0000.0000057845862723,+0000.4317233408354533,+0000.4333054919158771
+0000.1336209302908940,+0000.0000128891202949,+0000.0000057275157676,+0000.4323924573813713,+0000.4339679956916720
+0000.1323077732319768,+0000.0000127624527192,+0000.0000056712287193,+0000.4330524139003049,+0000.4346213791862798
+0000.1310125827630615,+0000.0000126375182069,+0000.0000056157117893,+0000.4337033660426144,+0000.4352657979643276
+0000.1297350537775805,+0000.0000125142873273,+0000.0000055609518996,+0000.4343454664303320,+0000.4359014045528604
+0000.1284748871089398,+0000.0000123927312227,+0000.0000055069362267,+0000.4349788647194739,+0000.4365283485041370
+0000.1272317894078127,+0000.0000122728215965,+0000.0000054536521965,+0000.4356037076611725,+0000.4371467764572218
+0000.1260054730217976,+0000.0000121545307016,+0000.0000054010874791,+0000.4362201391616345,+0000.4377568321983873
+0000.1247956558774153,+0000.0000120378313291,+0000.0000053492299837,+0000.4368283003409379,+0000.4383586567203339
+0000.1236020613644202,+0000.0000119226967972,+0000.0000052980678538,+0000.4374283295906811,+0000.4389523882802477
+0000.1224244182223982,+0000.0000118091009400,+0000.0000052475894621,+0000.4380203626304977,+0000.4395381624567017
+0000.1212624604296225,+0000.0000116970180969,+0000.0000051977834058,+0000.4386045325634502,+0000.4401161122054247
+0000.1201159270941369,+0000.0000115864231021,+0000.0000051486385020,+0000.4391809699303161,+0000.4406863679139428
+0000.1189845623470393,+0000.0000114772912746,+0000.0000051001437833,+0000.4397498027627836,+0000.4412490574551192
+0000.1178681152379298,+0000.0000113695984074,+0000.0000050522884929,+0000.4403111566355709,+0000.4418043062395990
+0000.1167663396324959,+0000.0000112633207585,+0000.0000050050620806,+0000.4408651547174831,+0000.4423522372671819
+0000.1156789941121998,+0000.0000111584350405,+0000.0000049584541981,+0000.4414119178214266,+0000.4428929711771349
+0000.1146058418760352,+0000.0000110549184115,+0000.0000049124546954,+0000.4419515644533928,+0000.4434266262974653
+0000.1135466506443224,+0000.0000109527484658,+0000.0000048670536158,+0000.4424842108604297,+0000.4439533186931661
+0000.1125011925645058,+0000.0000108519032245,+0000.0000048222411929,+0000.4430099710776188,+0000.4444731622134577
+0000.1114692441189219,+0000.0000107523611271,+0000.0000047780078458,+0000.4435289569740709,+0000.4449862685380342
+0000.1104505860345032,+0000.0000106541010225,+0000.0000047343441756,+0000.4440412782979595,+0000.4454927472223392
+0000.1094450031943851,+0000.0000105571021604,+0000.0000046912409614,+0000.4445470427206087,+0000.4459927057418843
+0000.1084522845513803,+0000.0000104613441831,+0000.0000046486891571,+0000.4450463558796512,+0000.4464862495356280
+0000.1074722230432893,+0000.0000103668071173,+0000.0000046066798871,+0000.4455393214212742,+0000.4469734820484322
+0000.1065046155100110,+0000.0000102734713662,+0000.0000045652044431,+0000.4460260410415672,+0000.4474545047726123
+0000.1055492626124221,+0000.0000101813177014,+0000.0000045242542808,+0000.4465066145269935,+0000.4479294172886025
+0000.1046059687529892,+0000.0000100903272555,+0000.0000044838210160,+0000.4469811397939957,+0000.4483983173047437
+0000.1036745419980840,+0000.0000100004815146,+0000.0000044438964218,+0000.4474497129277564,+0000.4488613006962233
+0000.1027547940019655,+0000.0000099117623106,+0000.0000044044724248,+0000.4479124282201275,+0000.4493184615431716
+0000.1018465399323978,+0000.0000098241518148,+0000.0000043655411025,+0000.4483693782067459,+0000.4497698921679390
+0000.1009495983978730,+0000.0000097376325299,+0000.0000043270946797,+0000.4488206537033505,+0000.4502156831715668
+0000.1000637913764035,+0000.0000096521872839,+0000.0000042891255257,+0000.4492663438413173,+0000.4506559234694699
+0000.0991889441458558,+0000.0000095677992230,+0000.0000042516261512,+0000.4497065361024267,+0000.4510907003263433
+0000.0983248852157923,+0000.0000094844518053,+0000.0000042145892054,+0000.4501413163528815,+0000.4515200993903153
+0000.0974714462607911,+0000.0000094021287940,+0000.0000041780074733,+0000.4505707688765869,+0000.4519442047263548
+0000.0966284620552134,+0000.0000093208142514,+0000.0000041418738727,+0000.4509949764077098,+0000.4523630988489529
+0000.0957957704093882,+0000.0000092404925326,+0000.0000041061814515,+0000.4514140201625335,+0000.4527768627540940
+0000.0949732121071850,+0000.0000091611482795,+0000.0000040709233850,+0000.4518279798706208,+0000.4531855759505294
+0000.0941606308449450,+0000.0000090827664151,+0000.0000040360929734,+0000.4522369338052982,+0000.4535893164903684
+0000.0933578731717429,+0000.0000090053321375,+0000.0000040016836394,+0000.4526409588134787,+0000.4539881609990016
+0000.0925647884309499,+0000.0000089288309141,+0000.0000039676889250,+0000.4530401303448380,+0000.4543821847043730
+0000.0917812287030714,+0000.0000088532484768,+0000.0000039341024900,+0000.4534345224803524,+0000.4547714614656096
+0000.0910070487498305,+0000.0000087785708157,+0000.0000039009181087,+0000.4538242079602174,+0000.4551560638010276
+0000.0902421059594724,+0000.0000087047841745,+0000.0000038681296685,+0000.4542092582111587,+0000.4555360629155260
+0000.0894862602932617,+0000.0000086318750449,+0000.0000038357311665,+0000.4545897433731467,+0000.4559115287273801
+0000.0887393742331477,+0000.0000085598301620,+0000.0000038037167083,+0000.4549657323255309,+0000.4562825298944511
+0000.0880013127305708,+0000.0000084886364990,+0000.0000037720805052,+0000.4553372927126033,+0000.4566491338398217
+0000.0872719431563876,+0000.0000084182812622,+0000.0000037408168721,+0000.4557044909686069,+0000.4570114067768711
+0000.0865511352518878,+0000.0000083487518871,+0000.0000037099202257,+0000.4560673923421975,+0000.4573694137338022
+0000.0858387610808792,+0000.0000082800360327,+0000.0000036793850821,+0000.4564260609203736,+0000.4577232185776324
+0000.0851346949828189,+0000.0000082121215779,+0000.0000036492060549,+0000.4567805596518864,+0000.4580728840376619
+0000.0844388135269655,+0000.0000081449966165,+0000.0000036193778536,+0000.4571309503701378,+0000.4584184717284265
+0000.0837509954675308,+0000.0000080786494530,+0000.0000035898952810,+0000.4574772938155832,+0000.4587600421721522
+0000.0830711216998086,+0000.0000080130685985,+0000.0000035607532318,+0000.4578196496576432,+0000.4590976548207181
+0000.0823990752172583,+0000.0000079482427667,+0000.0000035319466907,+0000.4581580765161435,+0000.4594313680771405
+0000.0817347410695235,+0000.0000078841608693,+0000.0000035034707304,+0000.4584926319822861,+0000.4597612393165905
+0000.0810780063213621,+0000.0000078208120125,+0000.0000034753205101,+0000.4588233726391650,+0000.4600873249069504
+0000.0804287600124699,+0000.0000077581854932,+0000.0000034474912735,+0000.4591503540818381,+0000.4604096802289253
+0000.0797868931181768,+0000.0000076962707947,+0000.0000034199783476,+0000.4594736309369638,+0000.4607283596957171
+0000.0791522985109956,+0000.0000076350575835,+0000.0000033927771404,+0000.4597932568820112,+0000.4610434167722696
+0000.0785248709230043,+0000.0000075745357053,+0000.0000033658831396,+0000.4601092846640543,+0000.4613549039940966
+0000.0779045069090441,+0000.0000075146951820,+0000.0000033392919112,+0000.4604217661181617,+0000.4616628729857009
+0000.0772911048107133,+0000.0000074555262073,+0000.0000033129990978,+0000.4607307521853862,+0000.4619673744785954
+0000.0766845647211399,+0000.0000073970191444,+0000.0000032870004169,+0000.4610362929303675,+0000.4622684583289313
+0000.0760847884505157,+0000.0000073391645217,+0000.0000032612916597,+0000.4613384375585551,+0000.4625661735347477
+0000.0754916794923735,+0000.0000072819530303,+0000.0000032358686897,+0000.4616372344330596,+0000.4628605682528468
+0000.0749051429905916,+0000.0000072253755202,+0000.0000032107274408,+0000.4619327310911417,+0000.4631516898153055
+0000.0743250857071090,+0000.0000071694229977,+0000.0000031858639166,+0000.4622249742603469,+0000.4634395847456300
+0000.0737514159903346,+0000.0000071140866221,+0000.0000031612741885,+0000.4625140098742915,+0000.4637242987745633
+0000.0731840437442356,+0000.0000070593577027,+0000.0000031369543946,+0000.4627998830881143,+0000.4640058768555528
+0000.0726228803980886,+0000.0000070052276958,+0000.0000031129007384,+0000.4630826382935924,+0000.4642843631798847
+0000.0720678388768795,+0000.0000069516882023,+0000.0000030891094876,+0000.4633623191339366,+0000.4645598011914941
+0000.0715188335723363,+0000.0000068987309642,+0000.0000030655769727,+0000.4636389685182695,+0000.4648322336014571
+0000.0709757803145823,+0000.0000068463478626,+0000.0000030422995857,+0000.4639126286357953,+0000.4651017024021740
+0000.0704385963443933,+0000.0000067945309145,+0000.0000030192737794,+0000.4641833409696654,+0000.4653682488812476
+0000.0699072002860463,+0000.0000067432722703,+0000.0000029964960657,+0000.4644511463105513,+0000.4656319136350662
+0000.0693815121207474,+0000.0000066925642115,+0000.0000029739630145,+0000.4647160847699285,+0000.4658927365820978
+0000.0688614531606231,+0000.0000066423991476,+0000.0000029516712531,+0000.4649781957930769,+0000.4661507569758995
+0000.0683469460232650,+0000.0000065927696145,+0000.0000029296174646,+0000.4652375181718058,+0000.4664060134178503
+0000.0678379146068132,+0000.0000065436682713,+0000.0000029077983869,+0000.4654940900569119,+0000.4666585438696166
+0000.0673342840655676,+0000.0000064950878983,+0000.0000028862108118,+0000.4657479489703716,+0000.4669083856653507
+0000.0668359807861147,+0000.0000064470213948,+0000.0000028648515840,+0000.4659991318172754,+0000.4671555755236309
+0000.0663429323639579,+0000.0000063994617766,+0000.0000028437175999,+0000.4662476748975141,+0000.4674001495591515
+0000.0658550675806403,+0000.0000063524021740,+0000.0000028228058069,+0000.4664936139172148,+0000.4676421432941643
+0000.0653723163813489,+0000.0000063058358295,+0000.0000028021132021,+0000.4667369839999400,+0000.4678815916696797
+0000.0648946098529892,+0000.0000062597560956,+0000.0000027816368316,+0000.4669778196976506,+0000.4681185290564333
+0000.0644218802027193,+0000.0000062141564330,+0000.0000027613737895,+0000.4672161550014384,+0000.4683529892656196
+0000.0639540607369339,+0000.0000061690304086,+0000.0000027413212172,+0000.4674520233520363,+0000.4685850055594037
+0000.0634910858406873,+0000.0000061243716929,+0000.0000027214763021,+0000.4676854576501065,+0000.4688146106612111
+0000.0630328909575454,+0000.0000060801740589,+0000.0000027018362771,+0000.4679164902663161,+0000.4690418367658026
+0000.0625794125698582,+0000.0000060364313797,+0000.0000026823984195,+0000.4681451530512025,+0000.4692667155491401
+0000.0621305881794421,+0000.0000059931376267,+0000.0000026631600504,+0000.4683714773448346,+0000.4694892781780461
+0000.0616863562886636,+0000.0000059502868677,+0000.0000026441185338,+0000.4685954939862720,+0000.4697095553196629
+0000.0612466563819141,+0000.0000059078732654,+0000.0000026252712758,+0000.4688172333228299,+0000.4699275771507148
+0000.0608114289074696,+0000.0000058658910755,+0000.0000026066157238,+0000.4690367252191521,+0000.4701433733665791
+0000.0603806152597237,+0000.0000058243346448,+0000.0000025881493656,+0000.4692539990660963,+0000.4703569731901697
+0000.0599541577617874,+0000.0000057831984098,+0000.0000025698697290,+0000.4694690837894377,+0000.4705684053806362
+0000.0595319996484468,+0000.0000057424768949,+0000.0000025517743809,+0000.4696820078583921,+0000.4707776982418853
+0000.0591140850494719,+0000.0000057021647108,+0000.0000025338609264,+0000.4698927992939654,+0000.4709848796309256
+0000.0587003589732658,+0000.0000056622565530,+0000.0000025161270083,+0000.4701014856771314,+0000.4711899769660416
+0000.0582907672908504,+0000.0000056227472003,+0000.0000024985703066,+0000.4703080941568424,+0000.4713930172348006
+0000.0578852567201785,+0000.0000055836315130,+0000.0000024811885373,+0000.4705126514578770,+0000.4715940270018945
+0000.0574837748107658,+0000.0000055449044317,+0000.0000024639794521,+0000.4707151838885267,+0000.4717930324168236
+0000.0570862699286357,+0000.0000055065609759,+0000.0000024469408379,+0000.4709157173481286,+0000.4719900592214217
+0000.0566926912415706,+0000.0000054685962421,+0000.0000024300705158,+0000.4711142773344419,+0000.4721851327572295
+0000.0563029887046616,+0000.0000054310054031,+0000.0000024133663406,+0000.4713108889508774,+0000.4723782779727171
+0000.0559171130461514,+0000.0000053937837061,+0000.0000023968262005,+0000.4715055769135806,+0000.4725695194303613
+0000.0555350157535624,+0000.0000053569264715,+0000.0000023804480158,+0000.4716983655583710,+0000.4727588813135792
+0000.0551566490601054,+0000.0000053204290918,+0000.0000023642297393,+0000.4718892788475422,+0000.4729463874335215
+0000.0547819659313612,+0000.0000052842870301,+0000.0000023481693547,+0000.4720783403765245,+0000.4731320612357295
+0000.0544109200522304,+0000.0000052484958186,+0000.0000023322648768,+0000.4722655733804155,+0000.4733159258066585
+0000.0540434658141444,+0000.0000052130510581,+0000.0000023165143508,+0000.4724510007403780,+0000.4734980038800688
+0000.0536795583025322,+0000.0000051779484160,+0000.0000023009158513,+0000.4726346449899107,+0000.4736783178432898
+0000.0533191532845384,+0000.0000051431836256,+0000.0000022854674824,+0000.4728165283209946,+0000.4738568897433590
+0000.0529622071969849,+0000.0000051087524848,+0000.0000022701673768,+0000.4729966725901156,+0000.4740337412930375
+0000.0526086771345730,+0000.0000050746508550,+0000.0000022550136954,+0000.4731750993241690,+0000.4742088938767074
+0000.0522585208383191,+0000.0000050408746598,+0000.0000022400046268,+0000.4733518297262451,+0000.4743823685561491
+0000.0519116966842205,+0000.0000050074198841,+0000.0000022251383869,+0000.4735268846813016,+0000.4745541860762070
+0000.0515681636721442,+0000.0000049742825732,+0000.0000022104132182,+0000.4737002847617232,+0000.4747243668703414
+0000.0512278814149360,+0000.0000049414588311,+0000.0000021958273895,+0000.4738720502327726,+0000.4748929310660709
+0000.0508908101277438,+0000.0000049089448203,+0000.0000021813791956,+0000.4740422010579327,+0000.4750598984903074
+0000.0505569106175507,+0000.0000048767367602,+0000.0000021670669565,+0000.4742107569041454,+0000.4752252886745873
+0000.0502261442729135,+0000.0000048448309264,+0000.0000021528890170,+0000.4743777371469462,+0000.4753891208601966
+0000.0498984730539028,+0000.0000048132236493,+0000.0000021388437468,+0000.4745431608755004,+0000.4755514140032010
+0000.0495738594822383,+0000.0000047819113140,+0000.0000021249295393,+0000.4747070468975371,+0000.4757121867793710
+0000.0492522666316185,+0000.0000047508903585,+0000.0000021111448117,+0000.4748694137441938,+0000.4758714575890176
+0000.0489336581182366,+0000.0000047201572731,+0000.0000020974880045,+0000.4750302796747585,+0000.4760292445617274
+0000.0486179980914821,+0000.0000046897085998,+0000.0000020839575810,+0000.4751896626813270,+0000.4761855655610101
+0000.0483052512248220,+0000.0000046595409309,+0000.0000020705520269,+0000.4753475804933657,+0000.4763404381888547
+0000.0479953827068584,+0000.0000046296509084,+0000.0000020572698501,+0000.4755040505821871,+0000.4764938797901960
+0000.0476883582325595,+0000.0000046000352234,+0000.0000020441095801,+0000.4756590901653404,+0000.4766459074572964
+0000.0473841439946583,+0000.0000045706906148,+0000.0000020310697678,+0000.4758127162109163,+0000.4767965380340426
+0000.0470827066752182,+0000.0000045416138686,+0000.0000020181489852,+0000.4759649454417685,+0000.4769457881201593
+0000.0467840134373592,+0000.0000045128018175,+0000.0000020053458246,+0000.4761157943396563,+0000.4770936740753425
+0000.0464880319171428,+0000.0000044842513396,+0000.0000019926588988,+0000.4762652791493057,+0000.4772402120233131
+0000.0461947302156133,+0000.0000044559593579,+0000.0000019800868405,+0000.4764134158823949,+0000.4773854178557934
+0000.0459040768909889,+0000.0000044279228395,+0000.0000019676283021,+0000.4765602203214627,+0000.4775293072364071
+0000.0456160409510026,+0000.0000044001387950,+0000.0000019552819550,+0000.4767057080237426,+0000.4776718956045048
+0000.0453305918453890,+0000.0000043726042774,+0000.0000019430464897,+0000.4768498943249248,+0000.4778131981789189
+0000.0450476994585120,+0000.0000043453163817,+0000.0000019309206154,+0000.4769927943428469,+0000.4779532299616440
+0000.0447673341021338,+0000.0000043182722442,+0000.0000019189030595,+0000.4771344229811130,+0000.4780920057414496
+0000.0444894665083189,+0000.0000042914690418,+0000.0000019069925674,+0000.4772747949326481,+0000.4782295400974237
+0000.0442140678224725,+0000.0000042649039911,+0000.0000018951879025,+0000.4774139246831824,+0000.4783658474024516
+0000.0439411095965099,+0000.0000042385743480,+0000.0000018834878451,+0000.4775518265146715,+0000.4785009418266256
+0000.0436705637821538,+0000.0000042124774069,+0000.0000018718911932,+0000.4776885145086526,+0000.4786348373405938
+0000.0434024027243568,+0000.0000041866105002,+0000.0000018603967613,+0000.4778240025495374,+0000.4787675477188443
+0000.0431365991548478,+0000.0000041609709977,+0000.0000018490033806,+0000.4779583043278441,+0000.4788990865429301
+0000.0428731261857971,+0000.0000041355563056,+0000.0000018377098985,+0000.4780914333433686,+0000.4790294672046302
+0000.0426119573036014,+0000.0000041103638666,+0000.0000018265151785,+0000.4782234029082976,+0000.4791587029090558
+0000.0423530663627824,+0000.0000040853911585,+0000.0000018154181001,+0000.4783542261502624,+0000.4792868066776967
+0000.0420964275799996,+0000.0000040606356944,+0000.0000018044175579,+0000.4784839160153382,+0000.4794137913514099
+0000.0418420155281732,+0000.0000040360950216,+0000.0000017935124622,+0000.4786124852709865,+0000.4795396695933564
+0000.0415898051307160,+0000.0000040117667210,+0000.0000017827017380,+0000.4787399465089443,+0000.4796644538918807
+0000.0413397716558706,+0000.0000039876484071,+0000.0000017719843252,+0000.4788663121480584,+0000.4797881565633388
+0000.0410918907111520,+0000.0000039637377271,+0000.0000017613591782,+0000.4789915944370697,+0000.4799107897548729
+0000.0408461382378910,+0000.0000039400323601,+0000.0000017508252659,+0000.4791158054573460,+0000.4800323654471371
+0000.0406024905058779,+0000.0000039165300171,+0000.0000017403815710,+0000.4792389571255636,+0000.4801528954569704
+0000.0403609241081038,+0000.0000038932284404,+0000.0000017300270902,+0000.4793610611963413,+0000.4802723914400243
+0000.0401214159555982,+0000.0000038701254027,+0000.0000017197608339,+0000.4794821292648263,+0000.4803908648933389
+0000.0398839432723603,+0000.0000038472187071,+0000.0000017095818258,+0000.4796021727692319,+0000.4805083271578750
+0000.0396484835903815,+0000.0000038245061862,+0000.0000016994891027,+0000.4797212029933314,+0000.4806247894209984
+0000.0394150147447595,+0000.0000038019857021,+0000.0000016894817147,+0000.4798392310689040,+0000.4807402627189196
+0000.0391835148688998,+0000.0000037796551455,+0000.0000016795587245,+0000.4799562679781402,+0000.4808547579390902
+0000.0389539623898033,+0000.0000037575124355,+0000.0000016697192073,+0000.4800723245559995,+0000.4809682858225545
+0000.0387263360234401,+0000.0000037355555189,+0000.0000016599622508,+0000.4801874114925299,+0000.4810808569662601
+0000.0385006147702052,+0000.0000037137823702,+0000.0000016502869549,+0000.4803015393351429,+0000.4811924818253270
+0000.0382767779104560,+0000.0000036921909907,+0000.0000016406924315,+0000.4804147184908485,+0000.4813031707152735
