+0001.0000000000000000,+0000.0000000000000000,+0000.0000000000000000,+0000.0000000000000000,+0000.0000000000000000
+0000.9999036140481081,+0000.0000240964879729,+0000.0000240964879729,+0000.0000240964879729,+0000.0000240964879729
+0000.9995903858418970,+0000.0000542105647551,+0000.0000542105647551,+0000.0001505965142964,+0000.0001505965142964
+0000.9989822886165176,+0000.0000737549199920,+0000.0000737549199920,+0000.0004351007717492,+0000.0004351007717492
+0000.9980245189606485,+0000.0000845982344889,+0000.0000845982344889,+0000.0009031422851867,+0000.0009031422851867
+0000.9966928879785129,+0000.0000902204172258,+0000.0000902204172258,+0000.0015633355935177,+0000.0015633355935177
+0000.9949806058524346,+0000.0000930001795118,+0000.0000930001795118,+0000.0024166968942709,+0000.0024166968942709
+0000.9928889129067568,+0000.0000942874187950,+0000.0000942874187950,+0000.0034612561278266,+0000.0034612561278266
+0000.9904224422860624,+0000.0000947975523908,+0000.0000947975523908,+0000.0046939813045782,+0000.0046939813045782
+0000.9875872796297391,+0000.0000948986114909,+0000.0000948986114909,+0000.0061114615736395,+0000.0061114615736396
+0000.9843902649297366,+0000.0000947773965787,+0000.0000947773965787,+0000.0077100901385529,+0000.0077100901385530
+0000.9808387926664928,+0000.0000945282414105,+0000.0000945282414105,+0000.0094860754253430,+0000.0094860754253431
+0000.9769407813923385,+0000.0000941988211865,+0000.0000941988211865,+0000.0114354104826442,+0000.0114354104826442
+0000.9727046830761890,+0000.0000938134094919,+0000.0000938134094919,+0000.0135538450524134,+0000.0135538450524135
+0000.9681394881825122,+0000.0000933845898395,+0000.0000933845898395,+0000.0158368713189045,+0000.0158368713189045
+0000.9632547158462594,+0000.0000929191275532,+0000.0000929191275532,+0000.0182797229493170,+0000.0182797229493171
+0000.9580603898403751,+0000.0000924209058975,+0000.0000924209058975,+0000.0208773841739149,+0000.0208773841739149
+0000.9525670038545538,+0000.0000918923910315,+0000.0000918923910315,+0000.0236246056816916,+0000.0236246056816917
+0000.9467854795481402,+0000.0000913353610335,+0000.0000913353610335,+0000.0265159248648964,+0000.0265159248648965
+0000.9407271200651908,+0000.0000907512671873,+0000.0000907512671873,+0000.0295456887002172,+0000.0295456887002173
+0000.9344035609321131,+0000.0000901414116596,+0000.0000901414116596,+0000.0327080781222838,+0000.0327080781222839
+0000.9278267196785692,+0000.0000895070335730,+0000.0000895070335730,+0000.0359971331271424,+0000.0359971331271425
+0000.9210087451280564,+0000.0000888493494246,+0000.0000888493494246,+0000.0394067780865472,+0000.0394067780865473
+0000.9139619670479793,+0000.0000881695707999,+0000.0000881695707999,+0000.0429308469052104,+0000.0429308469052105
+0000.9066988466831506,+0000.0000874689108381,+0000.0000874689108381,+0000.0465631077475866,+0000.0465631077475867
+0000.8992319285865478,+0000.0000867485851793,+0000.0000867485851793,+0000.0502972871215467,+0000.0502972871215468
+0000.8915737940839344,+0000.0000860098102584,+0000.0000860098102584,+0000.0541270931477742,+0000.0541270931477743
+0000.8837370166505396,+0000.0000852538003848,+0000.0000852538003848,+0000.0580462378743454,+0000.0580462378743455
+0000.8757341194302647,+0000.0000844817643325,+0000.0000844817643325,+0000.0620484585205350,+0000.0620484585205352
+0000.8675775350863051,+0000.0000836949018090,+0000.0000836949018090,+0000.0661275375550384,+0000.0661275375550385
+0000.8592795681343002,+0000.0000828943999921,+0000.0000828943999921,+0000.0702773215328577,+0000.0702773215328579
+0000.8508523598740362,+0000.0000820814302306,+0000.0000820814302306,+0000.0744917386327512,+0000.0744917386327514
+0000.8423078560028151,+0000.0000812571449625,+0000.0000812571449625,+0000.0787648148536298,+0000.0787648148536300
+0000.8336577769628057,+0000.0000804226748748,+0000.0000804226748748,+0000.0830906888437221,+0000.0830906888437224
+0000.8249135910459910,+0000.0000795791263197,+0000.0000795791263197,+0000.0874636253506846,+0000.0874636253506849
+0000.8160864902538760,+0000.0000787275789907,+0000.0000787275789907,+0000.0918780272940712,+0000.0918780272940715
+0000.8071873688849838,+0000.0000778690838594,+0000.0000778690838594,+0000.0963284464736487,+0000.0963284464736490
+0000.7982268048014544,+0000.0000770046613696,+0000.0000770046613696,+0000.1008095929379032,+0000.1008095929379036
+0000.7892150433068217,+0000.0000761352998829,+0000.0000761352998829,+0000.1053163430467062,+0000.1053163430467065
+0000.7801619835502774,+0000.0000752619543669,+0000.0000752619543669,+0000.1098437462704941,+0000.1098437462704945
+0000.7710771673584198,+0000.0000743855453186,+0000.0000743855453186,+0000.1143870307754714,+0000.1143870307754718
+0000.7619697703835744,+0000.0000735069579099,+0000.0000735069579099,+0000.1189416078503027,+0000.1189416078503031
+0000.7528485954481600,+0000.0000726270413461,+0000.0000726270413461,+0000.1235030752345736,+0000.1235030752345740
+0000.7437220679571388,+0000.0000717466084232,+0000.0000717466084232,+0000.1280672194130072,+0000.1280672194130076
+0000.7345982332452152,+0000.0000708664352717,+0000.0000708664352717,+0000.1326300169421205,+0000.1326300169421209
+0000.7254847557219545,+0000.0000699872612746,+0000.0000699872612746,+0000.1371876348777480,+0000.1371876348777484
+0000.7163889196762326,+0000.0000691097891446,+0000.0000691097891446,+0000.1417364303727388,+0000.1417364303727393
+0000.7073176316012308,+0000.0000682346851489,+0000.0000682346851489,+0000.1462729495142356,+0000.1462729495142361
+0000.6982774239023650,+0000.0000673625794661,+0000.0000673625794661,+0000.1507939254693512,+0000.1507939254693516
+0000.6892744598529487,+0000.0000664940666653,+0000.0000664940666653,+0000.1552962760068601,+0000.1552962760068606
+0000.6803145396658155,+0000.0000656297062908,+0000.0000656297062908,+0000.1597771004608011,+0000.1597771004608016
+0000.6714031075534631,+0000.0000647700235440,+0000.0000647700235440,+0000.1642336761997241,+0000.1642336761997247
+0000.6625452596543264,+0000.0000639155100475,+0000.0000639155100475,+0000.1686634546627889,+0000.1686634546627895
+0000.6537457527084279,+0000.0000630666246824,+0000.0000630666246824,+0000.1730640570211033,+0000.1730640570211039
+0000.6450090133717351,+0000.0000622237944867,+0000.0000622237944867,+0000.1774332695196454,+0000.1774332695196460
+0000.6363391480649738,+0000.0000613874156054,+0000.0000613874156054,+0000.1817690385519074,+0000.1817690385519080
+0000.6277399532592732,+0000.0000605578542826,+0000.0000605578542826,+0000.1860694655160806,+0000.1860694655160811
+0000.6192149261077694,+0000.0000597354478875,+0000.0000597354478875,+0000.1903328014982274,+0000.1903328014982280
+0000.6107672753390754,+0000.0000589205059651,+0000.0000589205059651,+0000.1945574418244969,+0000.1945574418244976
+0000.6023999323352522,+0000.0000581133113048,+0000.0000581133113048,+0000.1987419205210688,+0000.1987419205210694
+0000.5941155623235539,+0000.0000573141210200,+0000.0000573141210200,+0000.2028849047172029,+0000.2028849047172035
+0000.5859165756176603,+0000.0000565231676330,+0000.0000565231676330,+0000.2069851890235366,+0000.2069851890235372
+0000.5778051388503802,+0000.0000557406601580,+0000.0000557406601580,+0000.2110416899146516,+0000.2110416899146523
+0000.5697831861457892,+0000.0000549667851793,+0000.0000549667851793,+0000.2150534401419258,+0000.2150534401419265
+0000.5618524301845103,+0000.0000542017079187,+0000.0000542017079187,+0000.2190195831998259,+0000.2190195831998266
+0000.5540143731212677,+0000.0000534455732883,+0000.0000534455732883,+0000.2229393678660775,+0000.2229393678660782
+0000.5462703173189601,+0000.0000526985069269,+0000.0000526985069269,+0000.2268121428335927,+0000.2268121428335935
+0000.5386213758683093,+0000.0000519606162137,+0000.0000519606162137,+0000.2306373514496312,+0000.2306373514496321
+0000.5310684828666030,+0000.0000512319912609,+0000.0000512319912609,+0000.2344145265754372,+0000.2344145265754380
+0000.5236124034332094,+0000.0000505127058793,+0000.0000505127058793,+0000.2381432855775155,+0000.2381432855775164
+0000.5162537434433669,+0000.0000498028185174,+0000.0000498028185174,+0000.2418233254597988,+0000.2418233254597996
+0000.5089929589652656,+0000.0000491023731720,+0000.0000491023731720,+0000.2454544181441947,+0000.2454544181441955
+0000.5018303653886587,+0000.0000484114002685,+0000.0000484114002685,+0000.2490364059054016,+0000.2490364059054026
+0000.4947661462361432,+0000.0000477299175115,+0000.0000477299175115,+0000.2525691969644165,+0000.2525691969644175
+0000.4878003616509050,+0000.0000470579307028,+0000.0000470579307028,+0000.2560527612438441,+0000.2560527612438451
+0000.4809329565570790,+0000.0000463954345293,+0000.0000463954345293,+0000.2594871262869306,+0000.2594871262869315
+0000.4741637684909983,+0000.0000457424133182,+0000.0000457424133182,+0000.2628723733411822,+0000.2628723733411831
+0000.4674925351034885,+0000.0000450988417608,+0000.0000450988417608,+0000.2662086336064945,+0000.2662086336064954
+0000.4609189013350212,+0000.0000444646856046,+0000.0000444646856046,+0000.2694960846468845,+0000.2694960846468851
+0000.4544424262669886,+0000.0000438399023144,+0000.0000438399023144,+0000.2727349469641910,+0000.2727349469641918
+0000.4480625896536289,+0000.0000432244417021,+0000.0000432244417021,+0000.2759254807314830,+0000.2759254807314839
+0000.4417787981402128,+0000.0000426182465271,+0000.0000426182465271,+0000.2790679826833660,+0000.2790679826833669
+0000.4355903911740231,+0000.0000420212530661,+0000.0000420212530661,+0000.2821627831599218,+0000.2821627831599227
+0000.4294966466154376,+0000.0000414333916545,+0000.0000414333916545,+0000.2852102433006262,+0000.2852102433006269
+0000.4234967860570620,+0000.0000408545871997,+0000.0000408545871997,+0000.2882107523842688,+0000.2882107523842695
+0000.4175899798593787,+0000.0000402847596666,+0000.0000402847596666,+0000.2911647253106437,+0000.2911647253106444
+0000.4117753519117842,+0000.0000397238245372,+0000.0000397238245372,+0000.2940726002195702,+0000.2940726002195710
+0000.4060519841281984,+0000.0000391716932439,+0000.0000391716932439,+0000.2969348362426565,+0000.2969348362426574
+0000.4004189206866446,+0000.0000386282735789,+0000.0000386282735789,+0000.2997519113830981,+0000.2997519113830989
+0000.3948751720223489,+0000.0000380934700794,+0000.0000380934700794,+0000.3025243205187456,+0000.3025243205187463
+0000.3894197185839695,+0000.0000375671843895,+0000.0000375671843895,+0000.3052525735236254,+0000.3052525735236261
+0000.3840515143625882,+0000.0000370493156012,+0000.0000370493156012,+0000.3079371935031044,+0000.3079371935031051
+0000.3787694902030468,+0000.0000365397605733,+0000.0000365397605733,+0000.3105787151379029,+0000.3105787151379036
+0000.3735725569071267,+0000.0000360384142314,+0000.0000360384142314,+0000.3131776831322047,+0000.3131776831322055
+0000.3684596081379397,+0000.0000355451698475,+0000.0000355451698475,+0000.3157346507611823,+0000.3157346507611829
+0000.3634295231347381,+0000.0000350599193021,+0000.0000350599193021,+0000.3182501785133286,+0000.3182501785133293
+0000.3584811692471603,+0000.0000345825533290,+0000.0000345825533290,+0000.3207248328230904,+0000.3207248328230912
+0000.3536134042977174,+0000.0000341129617426,+0000.0000341129617426,+0000.3231591848893984,+0000.3231591848893992
+0000.3488250787810830,+0000.0000336510336506,+0000.0000336510336506,+0000.3255538095758075,+0000.3255538095758083
+0000.3441150379085159,+0000.0000331966576509,+0000.0000331966576509,+0000.3279092843880909,+0000.3279092843880916
+0000.3394821235054651,+0000.0000327497220147,+0000.0000327497220147,+0000.3302261885252524,+0000.3302261885252531
+0000.3349251757701537,+0000.0000323101148566,+0000.0000323101148566,+0000.3325051020000662,+0000.3325051020000669
+0000.3304430349006497,+0000.0000318777242906,+0000.0000318777242906,+0000.3347466048253841,+0000.3347466048253849
+0000.3260345425976585,+0000.0000314524385762,+0000.0000314524385762,+0000.3369512762625941,+0000.3369512762625951
+0000.3216985434499855,+0000.0000310341462512,+0000.0000310341462512,+0000.3391196941287555,+0000.3391196941287565
+0000.3174338862093399,+0000.0000306227362551,+0000.0000306227362551,+0000.3412524341590745,+0000.3412524341590754
+0000.3132394249608654,+0000.0000302180980418,+0000.0000302180980418,+0000.3433500694215249,+0000.3433500694215258
+0000.3091140201955108,+0000.0000298201216834,+0000.0000298201216834,+0000.3454131697805609,+0000.3454131697805617
+0000.3050565397900760,+0000.0000294286979642,+0000.0000294286979642,+0000.3474423014069974,+0000.3474423014069982
+0000.3010658599005062,+0000.0000290437184676,+0000.0000290437184676,+0000.3494380263312789,+0000.3494380263312798
+0000.2971408657737378,+0000.0000286650756535,+0000.0000286650756535,+0000.3514009020374770,+0000.3514009020374780
+0000.2932804524831516,+0000.0000282926629302,+0000.0000282926629302,+0000.3533314810954935,+0000.3533314810954945
+0000.2894835255924330,+0000.0000279263747178,+0000.0000279263747178,+0000.3552303108290652,+0000.3552303108290662
+0000.2857490017524040,+0000.0000275661065058,+0000.0000275661065058,+0000.3570979330172916,+0000.3570979330172926
+0000.2820758092351549,+0000.0000272117549052,+0000.0000272117549052,+0000.3589348836275169,+0000.3589348836275177
+0000.2784628884095784,+0000.0000268632176937,+0000.0000268632176937,+0000.3607416925775169,+0000.3607416925775175
+0000.2749091921621951,+0000.0000265203938565,+0000.0000265203938565,+0000.3625188835250455,+0000.3625188835250462
+0000.2714136862669457,+0000.0000261831836223,+0000.0000261831836223,+0000.3642669736829045,+0000.3642669736829052
+0000.2679753497074296,+0000.0000258514884940,+0000.0000258514884940,+0000.3659864736577909,+0000.3659864736577916
+0000.2645931749548736,+0000.0000255252112756,+0000.0000255252112756,+0000.3676778873112871,+0000.3676778873112878
+0000.2612661682049342,+0000.0000252042560952,+0000.0000252042560952,+0000.3693417116414375,+0000.3693417116414381
+0000.2579933495762555,+0000.0000248885284239,+0000.0000248885284239,+0000.3709784366834479,+0000.3709784366834487
+0000.2547737532735441,+0000.0000245779350919,+0000.0000245779350919,+0000.3725885454281357,+0000.3725885454281364
+0000.2516064277177552,+0000.0000242723843005,+0000.0000242723843005,+0000.3741725137568214,+0000.3741725137568221
+0000.2484904356458362,+0000.0000239717856325,+0000.0000239717856325,+0000.3757308103914490,+0000.3757308103914498
+0000.2454248541823269,+0000.0000236760500582,+0000.0000236760500582,+0000.3772638968587781,+0000.3772638968587788
+0000.2424087748849758,+0000.0000233850899406,+0000.0000233850899406,+0000.3787722274675710,+0000.3787722274675719
+0000.2394413037664070,+0000.0000230988190371,+0000.0000230988190371,+0000.3802562492977589,+0000.3802562492977598
+0000.2365215612937375,+0000.0000228171524995,+0000.0000228171524995,+0000.3817164022006313,+0000.3817164022006321
+0000.2336486823679368,+0000.0000225400068718,+0000.0000225400068718,+0000.3831531188091593,+0000.3831531188091601
+0000.2308218162846034,+0000.0000222673000870,+0000.0000222673000870,+0000.3845668245576108,+0000.3845668245576117
+0000.2280401266777267,+0000.0000219989514611,+0000.0000219989514611,+0000.3859579377096751,+0000.3859579377096761
+0000.2253027914479061,+0000.0000217348816865,+0000.0000217348816865,+0000.3873268693943600,+0000.3873268693943609
+0000.2226090026764012,+0000.0000214750128235,+0000.0000214750128235,+0000.3886740236489756,+0000.3886740236489765
+0000.2199579665262977,+0000.0000212192682910,+0000.0000212192682910,+0000.3899997974685596,+0000.3899997974685605
+0000.2173489031319929,+0000.0000209675728556,+0000.0000209675728556,+0000.3913045808611475,+0000.3913045808611484
+0000.2147810464781191,+0000.0000207198526201,+0000.0000207198526201,+0000.3925887569083200,+0000.3925887569083208
+0000.2122536442689537,+0000.0000204760350108,+0000.0000204760350108,+0000.3938527018305119,+0000.3938527018305128
+0000.2097659577892903,+0000.0000202360487640,+0000.0000202360487640,+0000.3950967850565905,+0000.3950967850565915
+0000.2073172617576793,+0000.0000199998239121,+0000.0000199998239121,+0000.3963213692972476,+0000.3963213692972486
+0000.2049068441728860,+0000.0000197672917687,+0000.0000197672917687,+0000.3975268106217879,+0000.3975268106217889
+0000.2025340061543507,+0000.0000195383849129,+0000.0000195383849129,+0000.3987134585379113,+0000.3987134585379122
+0000.2001980617773843,+0000.0000193130371738,+0000.0000193130371738,+0000.3998816560741335,+0000.3998816560741344
+0000.1978983379037781,+0000.0000190911836140,+0000.0000190911836140,+0000.4010317398644966,+0000.4010317398644975
+0000.1956341740084574,+0000.0000188727605130,+0000.0000188727605130,+0000.4021640402352580,+0000.4021640402352588
+0000.1934049220027650,+0000.0000186577053498,+0000.0000186577053498,+0000.4032788812932674,+0000.4032788812932684
+0000.1912099460549138,+0000.0000184459567859,+0000.0000184459567859,+0000.4043765810157567,+0000.4043765810157578
+0000.1890486224081099,+0000.0000182374546477,+0000.0000182374546477,+0000.4054574513412969,+0000.4054574513412979
+0000.1869203391968098,+0000.0000180321399088,+0000.0000180321399088,+0000.4065217982616858,+0000.4065217982616867
+0000.1848244962615369,+0000.0000178299546721,+0000.0000178299546721,+0000.4075699219145590,+0000.4075699219145601
+0000.1827605049626524,+0000.0000176308421516,+0000.0000176308421516,+0000.4086021166765217,+0000.4086021166765227
+0000.1807277879934436,+0000.0000174347466547,+0000.0000174347466547,+0000.4096186712566230,+0000.4096186712566240
+0000.1787257791928608,+0000.0000172416135642,+0000.0000172416135642,+0000.4106198687900050,+0000.4106198687900059
+0000.1767539233582113,+0000.0000170513893198,+0000.0000170513893198,+0000.4116059869315742,+0000.4116059869315751
+0000.1748116760580902,+0000.0000168640214004,+0000.0000168640214004,+0000.4125772979495542,+0000.4125772979495552
+0000.1728985034458037,+0000.0000166794583059,+0000.0000166794583059,+0000.4135340688187917,+0000.4135340688187926
+0000.1710138820735214,+0000.0000164976495397,+0000.0000164976495397,+0000.4144765613136994,+0000.4144765613137002
+0000.1691572987073690,+0000.0000163185455901,+0000.0000163185455901,+0000.4154050321007250,+0000.4154050321007259
+0000.1673282501436587,+0000.0000161420979132,+0000.0000161420979132,+0000.4163197328302570,+0000.4163197328302578
+0000.1655262430264299,+0000.0000159682589153,+0000.0000159682589153,+0000.4172209102278693,+0000.4172209102278702
+0000.1637507936664634,+0000.0000157969819350,+0000.0000157969819350,+0000.4181088061848329,+0000.4181088061848336
+0000.1620014278619101,+0000.0000156282212262,+0000.0000156282212262,+0000.4189836578478184,+0000.4189836578478190
+0000.1602776807206648,+0000.0000154619319408,+0000.0000154619319408,+0000.4198456977077265,+0000.4198456977077272
+0000.1585790964846002,+0000.0000152980701122,+0000.0000152980701122,+0000.4206951536875875,+0000.4206951536875882
+0000.1569052283557651,+0000.0000151365926378,+0000.0000151365926378,+0000.4215322492294795,+0000.4215322492294802
+0000.1552556383246367,+0000.0000149774572630,+0000.0000149774572630,+0000.4223572033804182,+0000.4223572033804189
+0000.1536298970005086,+0000.0000148206225646,+0000.0000148206225646,+0000.4231702308771806,+0000.4231702308771813
+0000.1520275834440846,+0000.0000146660479349,+0000.0000146660479349,+0000.4239715422300225,+0000.4239715422300233
+0000.1504482850023389,+0000.0000145136935652,+0000.0000145136935652,+0000.4247613438052650,+0000.4247613438052657
+0000.1488915971456967,+0000.0000143635204308,+0000.0000143635204308,+0000.4255398379067206,+0000.4255398379067213
+0000.1473571233075771,+0000.0000142154902750,+0000.0000142154902750,+0000.4263072228559361,+0000.4263072228559368
+0000.1458444747263385,+0000.0000140695655941,+0000.0000140695655941,+0000.4270636930712364,+0000.4270636930712370
+0000.1443532702896536,+0000.0000139257096223,+0000.0000139257096223,+0000.4278094391455505,+0000.4278094391455512
+0000.1428831363813404,+0000.0000137838863171,+0000.0000137838863171,+0000.4285446479230123,+0000.4285446479230130
+0000.1414337067306662,+0000.0000136440603444,+0000.0000136440603444,+0000.4292695025743222,+0000.4292695025743229
+0000.1400046222641373,+0000.0000135061970645,+0000.0000135061970645,+0000.4299841826708665,+0000.4299841826708674
+0000.1385955309597832,+0000.0000133702625179,+0000.0000133702625179,+0000.4306888642575901,+0000.4306888642575909
+0000.1372060877039380,+0000.0000132362234118,+0000.0000132362234118,+0000.4313837199246190,+0000.4313837199246197
+0000.1358359541505185,+0000.0000131040471059,+0000.0000131040471059,+0000.4320689188776345,+0000.4320689188776352
+0000.1344847985827944,+0000.0000129737015997,+0000.0000129737015997,+0000.4327446270070028,+0000.4327446270070034
+0000.1331522957776435,+0000.0000128451555190,+0000.0000128451555190,+0000.4334110069556590,+0000.4334110069556597
+0000.1318381268722794,+0000.0000127183781032,+0000.0000127183781032,+0000.4340682181857568,+0000.4340682181857575
+0000.1305419792334398,+0000.0000125933391927,+0000.0000125933391927,+0000.4347164170440872,+0000.4347164170440880
+0000.1292635463290162,+0000.0000124700092164,+0000.0000124700092164,+0000.4353557568262751,+0000.4353557568262759
+0000.1280025276021096,+0000.0000123483591798,+0000.0000123483591798,+0000.4359863878397650,+0000.4359863878397658
+0000.1267586283474886,+0000.0000122283606526,+0000.0000122283606526,+0000.4366084574656027,+0000.4366084574656036
+0000.1255315595904272,+0000.0000121099857578,+0000.0000121099857578,+0000.4372221102190283,+0000.4372221102190292
+0000.1243210379679005,+0000.0000119932071592,+0000.0000119932071592,+0000.4378274878088902,+0000.4378274878088911
+0000.1231267856121088,+0000.0000118779980511,+0000.0000118779980511,+0000.4384247291958941,+0000.4384247291958950
+0000.1219485300363044,+0000.0000117643321467,+0000.0000117643321467,+0000.4390139706497007,+0000.4390139706497016
+0000.1207860040228932,+0000.0000116521836678,+0000.0000116521836678,+0000.4395953458048851,+0000.4395953458048861
+0000.1196389455137798,+0000.0000115415273336,+0000.0000115415273336,+0000.4401689857157759,+0000.4401689857157769
+0000.1185070975029275,+0000.0000114323383509,+0000.0000114323383509,+0000.4407350189101850,+0000.4407350189101858
+0000.1173902079310992,+0000.0000113245924036,+0000.0000113245924036,+0000.4412935714420465,+0000.4412935714420473
+0000.1162880295827510,+0000.0000112182656428,+0000.0000112182656428,+0000.4418447669429813,+0000.4418447669429821
+0000.1152003199850427,+0000.0000111133346774,+0000.0000111133346774,+0000.4423887266728009,+0000.4423887266728017
+0000.1141268413089334,+0000.0000110097765641,+0000.0000110097765641,+0000.4429255695689688,+0000.4429255695689696
+0000.1130673602723296,+0000.0000109075687981,+0000.0000109075687981,+0000.4434554122950368,+0000.4434554122950377
+0000.1120216480452507,+0000.0000108066893044,+0000.0000108066893044,+0000.4439783692880698,+0000.4439783692880708
+0000.1109894801569799,+0000.0000107071164283,+0000.0000107071164283,+0000.4444945528050813,+0000.4444945528050823
+0000.1099706364051645,+0000.0000106088289270,+0000.0000106088289270,+0000.4450040729684904,+0000.4450040729684913
+0000.1089649007668332,+0000.0000105118059609,+0000.0000105118059609,+0000.4455070378106221,+0000.4455070378106230
+0000.1079720613112956,+0000.0000104160270850,+0000.0000104160270850,+0000.4460035533172669,+0000.4460035533172677
+0000.1069919101148900,+0000.0000103214722410,+0000.0000103214722410,+0000.4464937234703137,+0000.4464937234703146
+0000.1060242431775459,+0000.0000102281217492,+0000.0000102281217492,+0000.4469776502894776,+0000.4469776502894784
+0000.1050688603411269,+0000.0000101359563003,+0000.0000101359563003,+0000.4474554338731357,+0000.4474554338731367
+0000.1041255652095209,+0000.0000100449569480,+0000.0000100449569480,+0000.4479271724382911,+0000.4479271724382920
+0000.1031941650704436,+0000.0000099551051016,+0000.0000099551051016,+0000.4483929623596762,+0000.4483929623596770
+0000.1022744708189239,+0000.0000098663825180,+0000.0000098663825180,+0000.4488528982080197,+0000.4488528982080205
+0000.1013662968824354,+0000.0000097787712952,+0000.0000097787712952,+0000.4493070727874865,+0000.4493070727874875
+0000.1004694611476446,+0000.0000096922538647,+0000.0000096922538647,+0000.4497555771723124,+0000.4497555771723134
+0000.0995837848887411,+0000.0000096068129850,+0000.0000096068129850,+0000.4501985007426440,+0000.4501985007426449
+0000.0987090926973201,+0000.0000095224317345,+0000.0000095224317345,+0000.4506359312196049,+0000.4506359312196059
+0000.0978452124137842,+0000.0000094390935049,+0000.0000094390935049,+0000.4510679546996026,+0000.4510679546996036
+0000.0969919750602335,+0000.0000093567819951,+0000.0000093567819951,+0000.4514946556878877,+0000.4514946556878887
+0000.0961492147748145,+0000.0000092754812044,+0000.0000092754812044,+0000.4519161171313877,+0000.4519161171313889
+0000.0953167687474970,+0000.0000091951754266,+0000.0000091951754266,+0000.4523324204508244,+0000.4523324204508254
+0000.0944944771572479,+0000.0000091158492438,+0000.0000091158492438,+0000.4527436455721317,+0000.4527436455721329
+0000.0936821831105750,+0000.0000090374875205,+0000.0000090374875205,+0000.4531498709571914,+0000.4531498709571924
+0000.0928797325814096,+0000.0000089600753979,+0000.0000089600753979,+0000.4535511736338967,+0000.4535511736338978
+0000.0920869743523011,+0000.0000088835982881,+0000.0000088835982881,+0000.4539476292255609,+0000.4539476292255619
+0000.0913037599568946,+0000.0000088080418686,+0000.0000088080418686,+0000.4543393119796837,+0000.4543393119796847
+0000.0905299436236638,+0000.0000087333920769,+0000.0000087333920769,+0000.4547262947960906,+0000.4547262947960915
+0000.0897653822208740,+0000.0000086596351052,+0000.0000086596351052,+0000.4551086492544574,+0000.4551086492544584
+0000.0890099352027454,+0000.0000085867573949,+0000.0000085867573949,+0000.4554864456412321,+0000.4554864456412331
+0000.0882634645567939,+0000.0000085147456321,+0000.0000085147456321,+0000.4558597529759704,+0000.4558597529759713
+0000.0875258347523216,+0000.0000084435867422,+0000.0000084435867422,+0000.4562286390370964,+0000.4562286390370975
+0000.0867969126900326,+0000.0000083732678852,+0000.0000083732678852,+0000.4565931703870978,+0000.4565931703870989
+0000.0860765676527490,+0000.0000083037764507,+0000.0000083037764507,+0000.4569534123971741,+0000.4569534123971752
+0000.0853646712572037,+0000.0000082351000538,+0000.0000082351000538,+0000.4573094292713437,+0000.4573094292713448
+0000.0846610974068853,+0000.0000081672265300,+0000.0000081672265300,+0000.4576612840700269,+0000.4576612840700279
+0000.0839657222459120,+0000.0000081001439308,+0000.0000081001439308,+0000.4580090387331127,+0000.4580090387331138
+0000.0832784241139124,+0000.0000080338405198,+0000.0000080338405198,+0000.4583527541025234,+0000.4583527541025246
+0000.0825990835018895,+0000.0000079683047679,+0000.0000079683047679,+0000.4586924899442867,+0000.4586924899442879
+0000.0819275830090472,+0000.0000079035253497,+0000.0000079035253497,+0000.4590283049701261,+0000.4590283049701274
+0000.0812638073005572,+0000.0000078394911387,+0000.0000078394911387,+0000.4593602568585821,+0000.4593602568585833
+0000.0806076430662449,+0000.0000077761912039,+0000.0000077761912039,+0000.4596884022756730,+0000.4596884022756741
+0000.0799589789801750,+0000.0000077136148058,+0000.0000077136148058,+0000.4600127968951062,+0000.4600127968951073
+0000.0793177056611145,+0000.0000076517513925,+0000.0000076517513925,+0000.4603334954180497,+0000.4603334954180509
+0000.0786837156338556,+0000.0000075905905957,+0000.0000075905905957,+0000.4606505515924757,+0000.4606505515924769
+0000.0780569032913780,+0000.0000075301222277,+0000.0000075301222277,+0000.4609640182320828,+0000.4609640182320839
+0000.0774371648578307,+0000.0000074703362773,+0000.0000074703362773,+0000.4612739472348067,+0000.4612739472348080
+0000.0768243983523176,+0000.0000074112229063,+0000.0000074112229063,+0000.4615803896009345,+0000.4615803896009356
+0000.0762185035534655,+0000.0000073527724464,+0000.0000073527724464,+0000.4618833954508202,+0000.4618833954508214
+0000.0756193819647597,+0000.0000072949753958,+0000.0000072949753958,+0000.4621830140422239,+0000.4621830140422252
+0000.0750269367806267,+0000.0000072378224155,+0000.0000072378224155,+0000.4624792937872703,+0000.4624792937872717
+0000.0744410728532509,+0000.0000071813043269,+0000.0000071813043269,+0000.4627722822690467,+0000.4627722822690483
+0000.0738616966601049,+0000.0000071254121076,+0000.0000071254121076,+0000.4630620262578391,+0000.4630620262578405
+0000.0732887162721801,+0000.0000070701368895,+0000.0000070701368895,+0000.4633485717270195,+0000.4633485717270212
+0000.0727220413228997,+0000.0000070154699549,+0000.0000070154699549,+0000.4636319638685944,+0000.4636319638685961
+0000.0721615829777001,+0000.0000069614027338,+0000.0000069614027338,+0000.4639122471084151,+0000.4639122471084169
+0000.0716072539042645,+0000.0000069079268015,+0000.0000069079268015,+0000.4641894651210652,+0000.4641894651210671
+0000.0710589682433949,+0000.0000068550338751,+0000.0000068550338751,+0000.4644636608444265,+0000.4644636608444284
+0000.0705166415805064,+0000.0000068027158112,+0000.0000068027158112,+0000.4647348764939347,+0000.4647348764939366
+0000.0699801909177317,+0000.0000067509646029,+0000.0000067509646029,+0000.4650031535765302,+0000.4650031535765322
+0000.0694495346466206,+0000.0000066997723775,+0000.0000066997723775,+0000.4652685329043113,+0000.4652685329043132
+0000.0689245925214209,+0000.0000066491313939,+0000.0000066491313939,+0000.4655310546078947,+0000.4655310546078965
+0000.0684052856329287,+0000.0000065990340395,+0000.0000065990340395,+0000.4657907581494953,+0000.4657907581494969
+0000.0678915363828941,+0000.0000065494728286,+0000.0000065494728286,+0000.4660476823357234,+0000.4660476823357250
+0000.0673832684589697,+0000.0000065004403993,+0000.0000065004403993,+0000.4663018653301149,+0000.4663018653301167
+0000.0668804068101907,+0000.0000064519295115,+0000.0000064519295115,+0000.4665533446653923,+0000.4665533446653940
+0000.0663828776229729,+0000.0000064039330444,+0000.0000064039330444,+0000.4668021572554684,+0000.4668021572554701
+0000.0658906082976186,+0000.0000063564439943,+0000.0000063564439943,+0000.4670483394071956,+0000.4670483394071972
+0000.0654035274253177,+0000.0000063094554725,+0000.0000063094554725,+0000.4672919268318678,+0000.4672919268318695
+0000.0649215647656327,+0000.0000062629607029,+0000.0000062629607029,+0000.4675329546564799,+0000.4675329546564816
+0000.0644446512244582,+0000.0000062169530199,+0000.0000062169530199,+0000.4677714574347501,+0000.4677714574347518
+0000.0639727188324420,+0000.0000061714258667,+0000.0000061714258667,+0000.4680074691579114,+0000.4680074691579130
+0000.0635057007238592,+0000.0000061263727927,+0000.0000061263727927,+0000.4682410232652767,+0000.4682410232652785
+0000.0630435311159279,+0000.0000060817874519,+0000.0000060817874519,+0000.4684721526545833,+0000.4684721526545850
+0000.0625861452885575,+0000.0000060376636007,+0000.0000060376636007,+0000.4687008896921198,+0000.4687008896921216
+0000.0621334795645185,+0000.0000059939950962,+0000.0000059939950962,+0000.4689272662226437,+0000.4689272662226452
+0000.0616854712900265,+0000.0000059507758943,+0000.0000059507758943,+0000.4691513135790916,+0000.4691513135790933
+0000.0612420588157282,+0000.0000059080000476,+0000.0000059080000476,+0000.4693730625920876,+0000.4693730625920892
+0000.0608031814780831,+0000.0000058656617039,+0000.0000058656617039,+0000.4695925435992537,+0000.4695925435992554
+0000.0603687795811302,+0000.0000058237551045,+0000.0000058237551045,+0000.4698097864543295,+0000.4698097864543312
+0000.0599387943786319,+0000.0000057822745820,+0000.0000057822745820,+0000.4700248205361011,+0000.4700248205361029
+0000.0595131680565867,+0000.0000057412145592,+0000.0000057412145592,+0000.4702376747571466,+0000.4702376747571483
+0000.0590918437161014,+0000.0000057005695471,+0000.0000057005695471,+0000.4704483775724013,+0000.4704483775724031
+0000.0586747653566166,+0000.0000056603341433,+0000.0000056603341433,+0000.4706569569875475,+0000.4706569569875493
+0000.0582618778594758,+0000.0000056205030305,+0000.0000056205030305,+0000.4708634405672307,+0000.4708634405672325
+0000.0578531269718313,+0000.0000055810709750,+0000.0000055810709750,+0000.4710678554431085,+0000.4710678554431102
+0000.0574484592908798,+0000.0000055420328250,+0000.0000055420328250,+0000.4712702283217344,+0000.4712702283217360
+0000.0570478222484192,+0000.0000055033835092,+0000.0000055033835092,+0000.4714705854922804,+0000.4714705854922821
+0000.0566511640957205,+0000.0000054651180356,+0000.0000054651180356,+0000.4716689528341032,+0000.4716689528341049
+0000.0562584338887074,+0000.0000054272314896,+0000.0000054272314896,+0000.4718653558241557,+0000.4718653558241576
+0000.0558695814734368,+0000.0000053897190327,+0000.0000053897190327,+0000.4720598195442480,+0000.4720598195442498
+0000.0554845574718732,+0000.0000053525759016,+0000.0000053525759016,+0000.4722523686881608,+0000.4722523686881625
+0000.0551033132679514,+0000.0000053157974063,+0000.0000053157974063,+0000.4724430275686170,+0000.4724430275686188
+0000.0547258009939203,+0000.0000052793789289,+0000.0000052793789289,+0000.4726318201241100,+0000.4726318201241119
+0000.0543519735169617,+0000.0000052433159227,+0000.0000052433159227,+0000.4728187699255955,+0000.4728187699255973
+0000.0539817844260786,+0000.0000052076039102,+0000.0000052076039102,+0000.4730039001830496,+0000.4730039001830515
+0000.0536151880192462,+0000.0000051722384827,+0000.0000051722384827,+0000.4731872337518930,+0000.4731872337518949
+0000.0532521392908210,+0000.0000051372152986,+0000.0000051372152986,+0000.4733687931392899,+0000.4733687931392919
+0000.0528925939192008,+0000.0000051025300820,+0000.0000051025300820,+0000.4735486005103168,+0000.4735486005103187
+0000.0525365082547320,+0000.0000050681786222,+0000.0000050681786222,+0000.4737266776940107,+0000.4737266776940128
+0000.0521838393078566,+0000.0000050341567719,+0000.0000050341567719,+0000.4739030461892988,+0000.4739030461893008
+0000.0518345447374958,+0000.0000050004604466,+0000.0000050004604466,+0000.4740777271708045,+0000.4740777271708065
+0000.0514885828396637,+0000.0000049670856230,+0000.0000049670856230,+0000.4742507414945443,+0000.4742507414945463
+0000.0511459125363059,+0000.0000049340283384,+0000.0000049340283384,+0000.4744221097035076,+0000.4744221097035096
+0000.0508064933643600,+0000.0000049012846893,+0000.0000049012846893,+0000.4745918520331299,+0000.4745918520331319
+0000.0504702854650304,+0000.0000048688508305,+0000.0000048688508305,+0000.4747599884166531,+0000.4747599884166553
+0000.0501372495732753,+0000.0000048367229743,+0000.0000048367229743,+0000.4749265384903869,+0000.4749265384903892
+0000.0498073470074994,+0000.0000048048973888,+0000.0000048048973888,+0000.4750915215988602,+0000.4750915215988625
+0000.0494805396594493,+0000.0000047733703980,+0000.0000047733703980,+0000.4752549567998763,+0000.4752549567998786
+0000.0491567899843062,+0000.0000047421383798,+0000.0000047421383798,+0000.4754168628694660,+0000.4754168628694685
+0000.0488360609909724,+0000.0000047111977657,+0000.0000047111977657,+0000.4755772583067469,+0000.4755772583067495
+0000.0485183162325466,+0000.0000046805450397,+0000.0000046805450397,+0000.4757361613386856,+0000.4757361613386882
+0000.0482035197969848,+0000.0000046501767374,+0000.0000046501767374,+0000.4758935899247689,+0000.4758935899247715
+0000.0478916362979426,+0000.0000046200894450,+0000.0000046200894450,+0000.4760495617615824,+0000.4760495617615850
+0000.0475826308657944,+0000.0000045902797988,+0000.0000045902797988,+0000.4762040942873028,+0000.4762040942873054
+0000.0472764691388263,+0000.0000045607444838,+0000.0000045607444838,+0000.4763572046861017,+0000.4763572046861042
+0000.0469731172545995,+0000.0000045314802334,+0000.0000045314802334,+0000.4765089098924655,+0000.4765089098924681
+0000.0466725418414791,+0000.0000045024838282,+0000.0000045024838282,+0000.4766592265954311,+0000.4766592265954336
+0000.0463747100103262,+0000.0000044737520953,+0000.0000044737520953,+0000.4768081712427404,+0000.4768081712427431
+0000.0460795893463491,+0000.0000044452819078,+0000.0000044452819078,+0000.4769557600449163,+0000.4769557600449189
+0000.0457871479011103,+0000.0000044170701836,+0000.0000044170701836,+0000.4771020089792600,+0000.4771020089792625
+0000.0454973541846866,+0000.0000043891138849,+0000.0000043891138849,+0000.4772469337937705,+0000.4772469337937730
+0000.0452101771579781,+0000.0000043614100173,+0000.0000043614100173,+0000.4773905500109924,+0000.4773905500109950
+0000.0449255862251633,+0000.0000043339556293,+0000.0000043339556293,+0000.4775328729317876,+0000.4775328729317903
+0000.0446435512262982,+0000.0000043067478114,+0000.0000043067478114,+0000.4776739176390381,+0000.4776739176390409
+0000.0443640424300547,+0000.0000042797836953,+0000.0000042797836953,+0000.4778136990012758,+0000.4778136990012786
+0000.0440870305265967,+0000.0000042530604536,+0000.0000042530604536,+0000.4779522316762466,+0000.4779522316762493
+0000.0438124866205906,+0000.0000042265752988,+0000.0000042265752988,+0000.4780895301144046,+0000.4780895301144072
+0000.0435403822243466,+0000.0000042003254826,+0000.0000042003254826,+0000.4782256085623428,+0000.4782256085623454
+0000.0432706892510903,+0000.0000041743082956,+0000.0000041743082956,+0000.4783604810661579,+0000.4783604810661607
+0000.0430033800083588,+0000.0000041485210662,+0000.0000041485210662,+0000.4784941614747531,+0000.4784941614747559
+0000.0427384271915213,+0000.0000041229611604,+0000.0000041229611604,+0000.4786266634430774,+0000.4786266634430802
+0000.0424758038774204,+0000.0000040976259809,+0000.0000040976259809,+0000.4787580004353074,+0000.4787580004353103
+0000.0422154835181319,+0000.0000040725129667,+0000.0000040725129667,+0000.4788881857279658,+0000.4788881857279688
+0000.0419574399348405,+0000.0000040476195922,+0000.0000040476195922,+0000.4790172324129861,+0000.4790172324129889
+0000.0417016473118288,+0000.0000040229433671,+0000.0000040229433671,+0000.4791451534007171,+0000.4791451534007198
+0000.0414480801905787,+0000.0000039984818354,+0000.0000039984818354,+0000.4792719614228739,+0000.4792719614228768
+0000.0411967134639800,+0000.0000039742325750,+0000.0000039742325750,+0000.4793976690354336,+0000.4793976690354364
+0000.0409475223706476,+0000.0000039501931972,+0000.0000039501931972,+0000.4795222886214777,+0000.4795222886214805
+0000.0407004824893419,+0000.0000039263613460,+0000.0000039263613460,+0000.4796458323939818,+0000.4796458323939845
+0000.0404555697334922,+0000.0000039027346979,+0000.0000039027346979,+0000.4797683123985547,+0000.4797683123985572
+0000.0402127603458204,+0000.0000038793109610,+0000.0000038793109610,+0000.4798897405161275,+0000.4798897405161301
+0000.0399720308930631,+0000.0000038560878747,+0000.0000038560878747,+0000.4800101284655923,+0000.4800101284655950
+0000.0397333582607894,+0000.0000038330632091,+0000.0000038330632091,+0000.4801294878063948,+0000.4801294878063975
+0000.0394967196483140,+0000.0000038102347647,+0000.0000038102347647,+0000.4802478299410770,+0000.4802478299410797
+0000.0392620925637019,+0000.0000037876003717,+0000.0000037876003717,+0000.4803651661177760,+0000.4803651661177786
+0000.0390294548188640,+0000.0000037651578896,+0000.0000037651578896,+0000.4804815074326770,+0000.4804815074326795
+0000.0387987845247413,+0000.0000037429052068,+0000.0000037429052068,+0000.4805968648324212,+0000.4805968648324238
+0000.0385700600865766,+0000.0000037208402401,+0000.0000037208402401,+0000.4807112491164702,+0000.4807112491164728
+0000.0383432601992702,+0000.0000036989609341,+0000.0000036989609341,+0000.4808246709394295,+0000.4808246709394319
+0000.0381183638428207,+0000.0000036772652610,+0000.0000036772652610,+0000.4809371408133274,+0000.4809371408133299
+0000.0378953502778461,+0000.0000036557512202,+0000.0000036557512202,+0000.4810486691098554,+0000.4810486691098579
