+0001.0000000000000000,+0000.0000000000000000,+0000.0000000000000000,+0000.0000000000000000,+0000.0000000000000000
+0000.9810072167468693,+0000.0000000000000000,+0000.0000000000000000,+0000.0094912401073488,+0000.0095015431457820
+0000.9284996175090584,+0000.0000000000000000,+0000.0000000000000000,+0000.0360346124388117,+0000.0354657700521300
+0000.8542963887049412,+0000.0000000000000000,+0000.0000000000000000,+0000.0744715125941208,+0000.0712320987009380
+0000.7719206788771538,+0000.0000000000000000,+0000.0000000000000000,+0000.1188811715831229,+0000.1091981495397233
+0000.6918455708020870,+0000.0000000000000000,+0000.0000000000000000,+0000.1646844285088134,+0000.1434700006890998
+0000.6200792564142952,+0000.0000000000000000,+0000.0000000000000000,+0000.2092729646066288,+0000.1706477789790763
+0000.5589988708344169,+0000.0000000000000000,+0000.0000000000000000,+0000.2516384558352615,+0000.1893626733303217
+0000.5087701877695525,+0000.0000000000000000,+0000.0000000000000000,+0000.2917343909138392,+0000.1994954213166083
+0000.4684890435808681,+0000.0000000000000000,+0000.0000000000000000,+0000.3299527552693354,+0000.2015582011497963
+0000.4368743905132125,+0000.0000000000000000,+0000.0000000000000000,+0000.3667910446950000,+0000.1963345647917874
+0000.4126167212960706,+0000.0000000000000000,+0000.0000000000000000,+0000.4026637161216631,+0000.1847195625822664
+0000.3945196939996403,+0000.0000000000000000,+0000.0000000000000000,+0000.4377976346990231,+0000.1676826713013367
+0000.3815344274442767,+0000.0000000000000000,+0000.0000000000000000,+0000.4721698762613509,+0000.1462956962943725
+0000.3727452554396620,+0000.0000000000000000,+0000.0000000000000000,+0000.5054676297706487,+0000.1217871147896893
+0000.3673389771442437,+0000.0000000000000000,+0000.0000000000000000,+0000.5370666098150838,+0000.0955944130406725
+0000.3645751697124923,+0000.0000000000000000,+0000.0000000000000000,+0000.5660360896626639,+0000.0693887406248434
+0000.3637680087132006,+0000.0000000000000000,+0000.0000000000000000,+0000.5911851619728693,+0000.0450468293139302
+0000.3642859735384483,+0000.0000000000000000,+0000.0000000000000000,+0000.6111641217276068,+0000.0245499047339448
+0000.3655717657489163,+0000.0000000000000000,+0000.0000000000000000,+0000.6246243379909787,+0000.0098038962601052
+0000.3671792899029321,+0000.0000000000000000,+0000.0000000000000000,+0000.6304197014587496,+0000.0024010086383183
+0000.3688182959713633,+0000.0000000000000000,+0000.0000000000000000,+0000.6278090306533505,+0000.0033726733752860
+0000.3703929605315434,+0000.0000000000000000,+0000.0000000000000000,+0000.6166043593057704,+0000.0130026801626866
+0000.3720214472568245,+0000.0000000000000000,+0000.0000000000000000,+0000.5972172044427251,+0000.0307613483004504
+0000.3740302614697675,+0000.0000000000000000,+0000.0000000000000000,+0000.5705854382701411,+0000.0553843002600912
+0000.3769271487066012,+0000.0000000000000000,+0000.0000000000000000,+0000.5380036857055341,+0000.0850691655878647
+0000.3813642885947522,+0000.0000000000000000,+0000.0000000000000000,+0000.5009094618567459,+0000.1177262495485019
+0000.3881058147835661,+0000.0000000000000000,+0000.0000000000000000,+0000.4606824543846326,+0000.1512117308318012
+0000.3980100164461685,+0000.0000000000000000,+0000.0000000000000000,+0000.4184980898592253,+0000.1834918936946063
+0000.4120293265253065,+0000.0000000000000000,+0000.0000000000000000,+0000.3752523216746202,+0000.2127183518000731
+0000.4312225318199830,+0000.0000000000000000,+0000.0000000000000000,+0000.3315560038639199,+0000.2372214643160969
+0000.4567631285408759,+0000.0000000000000000,+0000.0000000000000000,+0000.2877910748159782,+0000.2554457966431459
+0000.4899114994131450,+0000.0000000000000000,+0000.0000000000000000,+0000.2442272231968021,+0000.2658612773900529
+0000.5318896909972367,+0000.0000000000000000,+0000.0000000000000000,+0000.2012132170132144,+0000.2668970919895488
+0000.5835497055787325,+0000.0000000000000000,+0000.0000000000000000,+0000.1594743727260537,+0000.2569759216952139
+0000.6446691557890705,+0000.0000000000000000,+0000.0000000000000000,+0000.1205472324595445,+0000.2347836117513852
+0000.7127145566382290,+0000.0000000000000000,+0000.0000000000000000,+0000.0873132005779185,+0000.1999722427838524
+0000.7812004540025346,+0000.0000000000000000,+0000.0000000000000000,+0000.0643632270438922,+0000.1544363189535731
+0000.8386621648987765,+0000.0000000000000000,+0000.0000000000000000,+0000.0575171219574633,+0000.1038207131437601
+0000.8704638390618238,+0000.0000000000000000,+0000.0000000000000000,+0000.0716844180894839,+0000.0578517428486921
+0000.8649809829958800,+0000.0000000000000000,+0000.0000000000000000,+0000.1074694799479596,+0000.0275495370561603
+0000.8209252811580213,+0000.0000000000000000,+0000.0000000000000000,+0000.1593030559837612,+0000.0197716628582172
+0000.7487082595410847,+0000.0000000000000000,+0000.0000000000000000,+0000.2177299347379844,+0000.0335618057209308
+0000.6640733826533537,+0000.0000000000000000,+0000.0000000000000000,+0000.2741227294941471,+0000.0618038878524992
+0000.5804694597671818,+0000.0000000000000000,+0000.0000000000000000,+0000.3236496530322501,+0000.0958808872005682
+0000.5057575733138036,+0000.0000000000000000,+0000.0000000000000000,+0000.3651749864278860,+0000.1290674402583102
+0000.4428965502731397,+0000.0000000000000000,+0000.0000000000000000,+0000.3997189704658058,+0000.1573844792610548
+0000.3919151378280430,+0000.0000000000000000,+0000.0000000000000000,+0000.4290686542123214,+0000.1790162079596355
+0000.3515415412820954,+0000.0000000000000000,+0000.0000000000000000,+0000.4550055017647899,+0000.1934529569531149
+0000.3201490300219798,+0000.0000000000000000,+0000.0000000000000000,+0000.4790040014086905,+0000.2008469685693298
+0000.2961925360795351,+0000.0000000000000000,+0000.0000000000000000,+0000.5021681850159733,+0000.2016392789044917
+0000.2783622129842258,+0000.0000000000000000,+0000.0000000000000000,+0000.5252545052605957,+0000.1963832817551785
+0000.2656042757997283,+0000.0000000000000000,+0000.0000000000000000,+0000.5487083623848360,+0000.1856873618154355
+0000.2570885586395811,+0000.0000000000000000,+0000.0000000000000000,+0000.5726864695744973,+0000.1702249717859214
+0000.2521593403622295,+0000.0000000000000000,+0000.0000000000000000,+0000.5970584410654235,+0000.1507822185723468
+0000.2502843500962412,+0000.0000000000000000,+0000.0000000000000000,+0000.6213910731434006,+0000.1283245767603584
+0000.2510074453066996,+0000.0000000000000000,+0000.0000000000000000,+0000.6449253713427505,+0000.1040671833505501
+0000.2539074458111616,+0000.0000000000000000,+0000.0000000000000000,+0000.6665628141234342,+0000.0795297400654041
+0000.2585658494541148,+0000.0000000000000000,+0000.0000000000000000,+0000.6848837495781956,+0000.0565504009676896
+0000.2645477369783935,+0000.0000000000000000,+0000.0000000000000000,+0000.6982242347188065,+0000.0372280283027998
+0000.2714013692458676,+0000.0000000000000000,+0000.0000000000000000,+0000.7048323980502786,+0000.0237662327038539
+0000.2786808815271168,+0000.0000000000000000,+0000.0000000000000000,+0000.7031057332006398,+0000.0182133852722434
+0000.2859916294199563,+0000.0000000000000000,+0000.0000000000000000,+0000.6918764646025098,+0000.0221319059775339
+0000.2930496496569309,+0000.0000000000000000,+0000.0000000000000000,+0000.6706751662603274,+0000.0362751840827418
+0000.2997389595552231,+0000.0000000000000000,+0000.0000000000000000,+0000.6398863009448787,+0000.0603747394998983
+0000.3061483609444723,+0000.0000000000000000,+0000.0000000000000000,+0000.6007333100644736,+0000.0931183289910538
+0000.3125759876837752,+0000.0000000000000000,+0000.0000000000000000,+0000.5550919758708962,+0000.1323320364453288
+0000.3195021308688427,+0000.0000000000000000,+0000.0000000000000000,+0000.5051975251420922,+0000.1753003439890653
+0000.3275414988172263,+0000.0000000000000000,+0000.0000000000000000,+0000.4533456801355129,+0000.2191128210472610
+0000.3373886778189658,+0000.0000000000000000,+0000.0000000000000000,+0000.4016762482627176,+0000.2609350739183164
+0000.3497639630969367,+0000.0000000000000000,+0000.0000000000000000,+0000.3520862634942680,+0000.2981497734087951
+0000.3653539042965538,+0000.0000000000000000,+0000.0000000000000000,+0000.3062763608536901,+0000.3283697348497560
+0000.3847252852573438,+0000.0000000000000000,+0000.0000000000000000,+0000.2659059946567732,+0000.3493687200858828
+0000.4081752103494807,+0000.0000000000000000,+0000.0000000000000000,+0000.2328171873507107,+0000.3590076022998086
+0000.4354688813937582,+0000.0000000000000000,+0000.0000000000000000,+0000.2092633716137395,+0000.3552677469925022
+0000.4654299341566133,+0000.0000000000000000,+0000.0000000000000000,+0000.1980234669972167,+0000.3365465988461703
+0000.4954331694674495,+0000.0000000000000000,+0000.0000000000000000,+0000.2021816321481665,+0000.3023851983843841
+0000.5210672287768066,+0000.0000000000000000,+0000.0000000000000000,+0000.2242797194685779,+0000.2546530517546156
+0000.5365358704322090,+0000.0000000000000000,+0000.0000000000000000,+0000.2647397655416978,+0000.1987243640260934
+0000.5363501014303382,+0000.0000000000000000,+0000.0000000000000000,+0000.3201864846129695,+0000.1434634139566921
+0000.5179280572183196,+0000.0000000000000000,+0000.0000000000000000,+0000.3831909544523901,+0000.0988809883292901
+0000.4833036839360023,+0000.0000000000000000,+0000.0000000000000000,+0000.4445257416812817,+0000.0721705743827159
+0000.4382938249393398,+0000.0000000000000000,+0000.0000000000000000,+0000.4967457427649665,+0000.0649604322956938
+0000.3897606878441652,+0000.0000000000000000,+0000.0000000000000000,+0000.5364397794377063,+0000.0737995327181287
+0000.3431677130080705,+0000.0000000000000000,+0000.0000000000000000,+0000.5639909240503741,+0000.0928413629415555
+0000.3016886518340842,+0000.0000000000000000,+0000.0000000000000000,+0000.5819246565169376,+0000.1163866916489782
+0000.2665427915299777,+0000.0000000000000000,+0000.0000000000000000,+0000.5933301001200110,+0000.1401271083500112
+0000.2377323727418456,+0000.0000000000000000,+0000.0000000000000000,+0000.6009678776523624,+0000.1612997496057922
+0000.2146759368988148,+0000.0000000000000000,+0000.0000000000000000,+0000.6069690384537806,+0000.1783550246474047
+0000.1966058709609711,+0000.0000000000000000,+0000.0000000000000000,+0000.6128460378772745,+0000.1905480911617546
+0000.1827720583767485,+0000.0000000000000000,+0000.0000000000000000,+0000.6196105186041259,+0000.1976174230191256
+0000.1725261005117569,+0000.0000000000000000,+0000.0000000000000000,+0000.6278964839224623,+0000.1995774155657806
+0000.1653429690303029,+0000.0000000000000000,+0000.0000000000000000,+0000.6380523025761806,+0000.1966047283935166
+0000.1608137129341576,+0000.0000000000000000,+0000.0000000000000000,+0000.6501943884582619,+0000.1889918986075804
+0000.1586262857719207,+0000.0000000000000000,+0000.0000000000000000,+0000.6642256407740356,+0000.1771480734540437
+0000.1585419179367805,+0000.0000000000000000,+0000.0000000000000000,+0000.6798243672065369,+0000.1616337148566826
+0000.1603694718105640,+0000.0000000000000000,+0000.0000000000000000,+0000.6964106215564414,+0000.1432199066329946
+0000.1639380482711123,+0000.0000000000000000,+0000.0000000000000000,+0000.7130998190411448,+0000.1229621326877429
+0000.1690678074402382,+0000.0000000000000000,+0000.0000000000000000,+0000.7286597465413629,+0000.1022724460183992
+0000.1755402208491625,+0000.0000000000000000,+0000.0000000000000000,+0000.7414967300412593,+0000.0829630491095784
+0000.1830716835711021,+0000.0000000000000000,+0000.0000000000000000,+0000.7497069741019426,+0000.0672213423269552
+0000.1912980174756380,+0000.0000000000000000,+0000.0000000000000000,+0000.7512324597094195,+0000.0574695228149426
+0000.1997800968298876,+0000.0000000000000000,+0000.0000000000000000,+0000.7441452450689851,+0000.0560746581011272
+0000.2080394273178715,+0000.0000000000000000,+0000.0000000000000000,+0000.7270394948866696,+0000.0649210777954589
+0000.2156240455872925,+0000.0000000000000000,+0000.0000000000000000,+0000.6994434586451798,+0000.0849324957675277
+0000.2221905535332195,+0000.0000000000000000,+0000.0000000000000000,+0000.6621089599159777,+0000.1157004865508026
+0000.2275750449954457,+0000.0000000000000000,+0000.0000000000000000,+0000.6170446872981878,+0000.1553802677063664
+0000.2318246786247704,+0000.0000000000000000,+0000.0000000000000000,+0000.5672531517627915,+0000.2009221696124379
+0000.2351764458034777,+0000.0000000000000000,+0000.0000000000000000,+0000.5162635019731340,+0000.2485600522233882
+0000.2379914109029554,+0000.0000000000000000,+0000.0000000000000000,+0000.4676358459894703,+0000.2943727431075740
+0000.2406668509784882,+0000.0000000000000000,+0000.0000000000000000,+0000.4245952916806153,+0000.3347378573408966
+0000.2435481030759691,+0000.0000000000000000,+0000.0000000000000000,+0000.3898613667298010,+0000.3665905301942297
+0000.2468512335895208,+0000.0000000000000000,+0000.0000000000000000,+0000.3656378920606967,+0000.3875108743497825
+0000.2505970439364948,+0000.0000000000000000,+0000.0000000000000000,+0000.3536666512452406,+0000.3957363048182645
+0000.2545543132897092,+0000.0000000000000000,+0000.0000000000000000,+0000.3552316072937716,+0000.3902140794165193
+0000.2581986704948003,+0000.0000000000000000,+0000.0000000000000000,+0000.3710178778816318,+0000.3707834516235680
+0000.2607114142620827,+0000.0000000000000000,+0000.0000000000000000,+0000.4007825433532555,+0000.3385060423846616
+0000.2610604639960821,+0000.0000000000000000,+0000.0000000000000000,+0000.4429015623409546,+0000.2960379736629631
+0000.2582013630647696,+0000.0000000000000000,+0000.0000000000000000,+0000.4940179532605345,+0000.2477806836746956
+0000.2513835875298462,+0000.0000000000000000,+0000.0000000000000000,+0000.5491413393357603,+0000.1994750731343936
+0000.2404532806951963,+0000.0000000000000000,+0000.0000000000000000,+0000.6024516493509516,+0000.1570950699538522
+0000.2259841154301885,+0000.0000000000000000,+0000.0000000000000000,+0000.6486492696481232,+0000.1253666149216884
+0000.2091357977093299,+0000.0000000000000000,+0000.0000000000000000,+0000.6842383698335308,+0000.1066258324571392
+0000.1913099591261688,+0000.0000000000000000,+0000.0000000000000000,+0000.7081014592390251,+0000.1005885816348059
+0000.1737912911140069,+0000.0000000000000000,+0000.0000000000000000,+0000.7212018705777078,+0000.1050068383082854
+0000.1575272257088854,+0000.0000000000000000,+0000.0000000000000000,+0000.7257681511645191,+0000.1167046231265955
+0000.1430781473675810,+0000.0000000000000000,+0000.0000000000000000,+0000.7244486911211638,+0000.1324731615112552
+0000.1306810563022173,+0000.0000000000000000,+0000.0000000000000000,+0000.7197270581776481,+0000.1495918855201346
+0000.1203533829579436,+0000.0000000000000000,+0000.0000000000000000,+0000.7136421068388721,+0000.1660045102031843
+0000.1119892179987527,+0000.0000000000000000,+0000.0000000000000000,+0000.7077264883748674,+0000.1802842936263797
+0000.1054297013779590,+0000.0000000000000000,+0000.0000000000000000,+0000.7030578794796762,+0000.1915124191423646
+0000.1005070895912492,+0000.0000000000000000,+0000.0000000000000000,+0000.7003469556232034,+0000.1991459547855476
+0000.0970686648139824,+0000.0000000000000000,+0000.0000000000000000,+0000.7000207185392106,+0000.2029106166468068
+0000.0949871773260447,+0000.0000000000000000,+0000.0000000000000000,+0000.7022835009662733,+0000.2027293217076819
+0000.0941628029648905,+0000.0000000000000000,+0000.0000000000000000,+0000.7071504499653001,+0000.1986867470698092
+0000.0945195729958088,+0000.0000000000000000,+0000.0000000000000000,+0000.7144536274955200,+0000.1910267995086711
+0000.0959975703182133,+0000.0000000000000000,+0000.0000000000000000,+0000.7238230582259273,+0000.1801793714558594
+0000.0985410409401545,+0000.0000000000000000,+0000.0000000000000000,+0000.7346471230343685,+0000.1668118360254768
+0000.1020820249741178,+0000.0000000000000000,+0000.0000000000000000,+0000.7460210035643993,+0000.1518969714614829
+0000.1065193942643416,+0000.0000000000000000,+0000.0000000000000000,+0000.7567002690328046,+0000.1367803367028539
+0000.1116947118032483,+0000.0000000000000000,+0000.0000000000000000,+0000.7650896265550671,+0000.1232156616416845
+0000.1173694793711858,+0000.0000000000000000,+0000.0000000000000000,+0000.7693109896431840,+0000.1133195309856304
+0000.1232127531822160,+0000.0000000000000000,+0000.0000000000000000,+0000.7673997729586534,+0000.1093874738591306
+0000.1288115834936917,+0000.0000000000000000,+0000.0000000000000000,+0000.7576554003862083,+0000.1135330161201001
+0000.1337148092317144,+0000.0000000000000000,+0000.0000000000000000,+0000.7391060731089120,+0000.1271791176593734
+0000.1375091567188863,+0000.0000000000000000,+0000.0000000000000000,+0000.7119520925734576,+0000.1505387507076563
+0000.1399073651279261,+0000.0000000000000000,+0000.0000000000000000,+0000.6777882414930326,+0000.1823043933790416
+0000.1408134322435277,+0000.0000000000000000,+0000.0000000000000000,+0000.6394533713653977,+0000.2197331963910745
+0000.1403348980595171,+0000.0000000000000000,+0000.0000000000000000,+0000.6005238601800404,+0000.2591412417604426
+0000.1387372907879883,+0000.0000000000000000,+0000.0000000000000000,+0000.5646484101829091,+0000.2966142990291026
+0000.1363635081577775,+0000.0000000000000000,+0000.0000000000000000,+0000.5349766507288789,+0000.3286598411133436
+0000.1335513658053779,+0000.0000000000000000,+0000.0000000000000000,+0000.5138359419362172,+0000.3526126922584050
+0000.1305731891711879,+0000.0000000000000000,+0000.0000000000000000,+0000.5026573787510886,+0000.3667694320777236
+0000.1276045444373846,+0000.0000000000000000,+0000.0000000000000000,+0000.5020516415003063,+0000.3703438140623093
+0000.1247173208493757,+0000.0000000000000000,+0000.0000000000000000,+0000.5119204226944363,+0000.3633622564561882
+0000.1218890290975351,+0000.0000000000000000,+0000.0000000000000000,+0000.5315298135521607,+0000.3465811573503040
+0000.1190224331573228,+0000.0000000000000000,+0000.0000000000000000,+0000.5595288003436534,+0000.3214487664990237
+0000.1159730850703073,+0000.0000000000000000,+0000.0000000000000000,+0000.5939463021973521,+0000.2900806127323405
+0000.1125838416132941,+0000.0000000000000000,+0000.0000000000000000,+0000.6322332907785496,+0000.2551828676081561
+0000.1087237361007362,+0000.0000000000000000,+0000.0000000000000000,+0000.6714212671535145,+0000.2198549967457493
+0000.1043245189848544,+0000.0000000000000000,+0000.0000000000000000,+0000.7084325689252836,+0000.1872429120898619
+0000.0994048411806343,+0000.0000000000000000,+0000.0000000000000000,+0000.7405043610035998,+0000.1600907978157661
+0000.0940732555466255,+0000.0000000000000000,+0000.0000000000000000,+0000.7656106955737000,+0000.1403160488796743
+0000.0885082194967549,+0000.0000000000000000,+0000.0000000000000000,+0000.7827395404883516,+0000.1287522400148932
+0000.0829225717626454,+0000.0000000000000000,+0000.0000000000000000,+0000.7919334557014174,+0000.1251439725359373
+0000.0775255135492652,+0000.0000000000000000,+0000.0000000000000000,+0000.7941040656709967,+0000.1283704207797377
+0000.0724937279587407,+0000.0000000000000000,+0000.0000000000000000,+0000.7907151042339147,+0000.1367911678073445
+0000.0679569879479051,+0000.0000000000000000,+0000.0000000000000000,+0000.7834513032265876,+0000.1485917088255073
+0000.0639970997734880,+0000.0000000000000000,+0000.0000000000000000,+0000.7739568456251631,+0000.1620460546013488
+0000.0606554716599054,+0000.0000000000000000,+0000.0000000000000000,+0000.7636742560053505,+0000.1756702723347444
+0000.0579442336123295,+0000.0000000000000000,+0000.0000000000000000,+0000.7537738240299880,+0000.1882819423576824
+0000.0558572381746151,+0000.0000000000000000,+0000.0000000000000000,+0000.7451451922802881,+0000.1989975695450966
+0000.0543789884497305,+0000.0000000000000000,+0000.0000000000000000,+0000.7384214840310689,+0000.2071995275192007
+0000.0534908030897979,+0000.0000000000000000,+0000.0000000000000000,+0000.7340131225334384,+0000.2124960743767637
+0000.0531741824762230,+0000.0000000000000000,+0000.0000000000000000,+0000.7321366044459038,+0000.2146892130778730
+0000.0534115236548140,+0000.0000000000000000,+0000.0000000000000000,+0000.7328299677187969,+0000.2137585086263892
+0000.0541842473753483,+0000.0000000000000000,+0000.0000000000000000,+0000.7359511940350045,+0000.2098645585896471
+0000.0554682364946362,+0000.0000000000000000,+0000.0000000000000000,+0000.7411593135768237,+0000.2033724499285401
+0000.0572264258066404,+0000.0000000000000000,+0000.0000000000000000,+0000.7478821257151093,+0000.1948914484782502
+0000.0593986570392040,+0000.0000000000000000,+0000.0000000000000000,+0000.7552809159642574,+0000.1853204269965384
+0000.0618898043310712,+0000.0000000000000000,+0000.0000000000000000,+0000.7622323711812025,+0000.1758778244877261
+0000.0645589094526044,+0000.0000000000000000,+0000.0000000000000000,+0000.7673596638319868,+0000.1680814267154088
+0000.0672144351856360,+0000.0000000000000000,+0000.0000000000000000,+0000.7691517453004504,+0000.1636338195139140
+0000.0696225194403471,+0000.0000000000000000,+0000.0000000000000000,+0000.7661988916875941,+0000.1641785888720584
+0000.0715338133428602,+0000.0000000000000000,+0000.0000000000000000,+0000.7575293188961704,+0000.1709368677609694
+0000.0727277716808223,+0000.0000000000000000,+0000.0000000000000000,+0000.7429596542398658,+0000.1843125740793122
+0000.0730623524504391,+0000.0000000000000000,+0000.0000000000000000,+0000.7233118278645434,+0000.2036258196850177
+0000.0725090382526553,+0000.0000000000000000,+0000.0000000000000000,+0000.7003644273907565,+0000.2271265343565880
+0000.0711564584351142,+0000.0000000000000000,+0000.0000000000000000,+0000.6765209900871912,+0000.2523225514776949
+0000.0691810130308469,+0000.0000000000000000,+0000.0000000000000000,+0000.6543224883894359,+0000.2764964985797171
+0000.0667989909392471,+0000.0000000000000000,+0000.0000000000000000,+0000.6359959269124636,+0000.2972050821482893
+0000.0642201206694378,+0000.0000000000000000,+0000.0000000000000000,+0000.6231755130491560,+0000.3126043662814059
+0000.0616160778856585,+0000.0000000000000000,+0000.0000000000000000,+0000.6168200052515956,+0000.3215639168627460
+0000.0591069612742718,+0000.0000000000000000,+0000.0000000000000000,+0000.6172659793446956,+0000.3236270593810323
+0000.0567615333704305,+0000.0000000000000000,+0000.0000000000000000,+0000.6243355762987721,+0000.3189028903307974
+0000.0546050373801736,+0000.0000000000000000,+0000.0000000000000000,+0000.6374399309743500,+0000.3079550316454765
+0000.0526297353781146,+0000.0000000000000000,+0000.0000000000000000,+0000.6556542963120804,+0000.2917159683098053
+0000.0508055323782386,+0000.0000000000000000,+0000.0000000000000000,+0000.6777688442790517,+0000.2714256233427099
+0000.0490897667578929,+0000.0000000000000000,+0000.0000000000000000,+0000.7023349816510113,+0000.2485752515910959
+0000.0474360790339700,+0000.0000000000000000,+0000.0000000000000000,+0000.7277313599630189,+0000.2248325610030111
+0000.0458023539722913,+0000.0000000000000000,+0000.0000000000000000,+0000.7522676819380185,+0000.2019299640896901
+0000.0441573925432856,+0000.0000000000000000,+0000.0000000000000000,+0000.7743291946723662,+0000.1815134127843482
+0000.0424855969103337,+0000.0000000000000000,+0000.0000000000000000,+0000.7925443419495064,+0000.1649700611401599
+0000.0407888928072066,+0000.0000000000000000,+0000.0000000000000000,+0000.8059404718453103,+0000.1532706353474834
+0000.0390855348696849,+0000.0000000000000000,+0000.0000000000000000,+0000.8140473240135133,+0000.1468671411168019
+0000.0374062048255428,+0000.0000000000000000,+0000.0000000000000000,+0000.8169201171473535,+0000.1456736780271038
+0000.0357885374401586,+0000.0000000000000000,+0000.0000000000000000,+0000.8150787961059252,+0000.1491326664539163
+0000.0342715165560999,+0000.0000000000000000,+0000.0000000000000000,+0000.8093852264239504,+0000.1563432570199494
+0000.0328909535737217,+0000.0000000000000000,+0000.0000000000000000,+0000.8008941569484853,+0000.1662148894777932
+0000.0316766770679701,+0000.0000000000000000,+0000.0000000000000000,+0000.7907125979596811,+0000.1776107249723490
+0000.0306514397469637,+0000.0000000000000000,+0000.0000000000000000,+0000.7798902553443232,+0000.1894583049087133
+0000.0298311223243534,+0000.0000000000000000,+0000.0000000000000000,+0000.7693487306647773,+0000.2008201470108692
+0000.0292256471238669,+0000.0000000000000000,+0000.0000000000000000,+0000.7598455098077213,+0000.2109288430684118
+0000.0288400420181923,+0000.0000000000000000,+0000.0000000000000000,+0000.7519626043097759,+0000.2191973536720319
+0000.0286752121857421,+0000.0000000000000000,+0000.0000000000000000,+0000.7461083367672856,+0000.2252164510469719
+0000.0287281027829145,+0000.0000000000000000,+0000.0000000000000000,+0000.7425222893094766,+0000.2287496079076089
+0000.0289910379200794,+0000.0000000000000000,+0000.0000000000000000,+0000.7412762516201630,+0000.2297327104597575
+0000.0294501139842163,+0000.0000000000000000,+0000.0000000000000000,+0000.7422673520246661,+0000.2282825339911174
+0000.0300826579479756,+0000.0000000000000000,+0000.0000000000000000,+0000.7452034952846538,+0000.2247138467673708
+0000.0308540065547516,+0000.0000000000000000,+0000.0000000000000000,+0000.7495862877422681,+0000.2195597057029804
+0000.0317142873700058,+0000.0000000000000000,+0000.0000000000000000,+0000.7547031093069482,+0000.2135826033230459
+0000.0325964806424983,+0000.0000000000000000,+0000.0000000000000000,+0000.7596468639592582,+0000.2077566553982432
+0000.0334176130013402,+0000.0000000000000000,+0000.0000000000000000,+0000.7633854984784796,+0000.2031968885201800
+0000.0340849918535498,+0000.0000000000000000,+0000.0000000000000000,+0000.7648969693771639,+0000.2010180387692864
+0000.0345082795960599,+0000.0000000000000000,+0000.0000000000000000,+0000.7633627673526739,+0000.2021289530512663
+0000.0346156767926683,+0000.0000000000000000,+0000.0000000000000000,+0000.7583769910608400,+0000.2070073321464919
+0000.0343694705204375,+0000.0000000000000000,+0000.0000000000000000,+0000.7500971777145898,+0000.2155333517649727
+0000.0337748567012738,+0000.0000000000000000,+0000.0000000000000000,+0000.7392658880422387,+0000.2269592552564877
+0000.0328780171116720,+0000.0000000000000000,+0000.0000000000000000,+0000.7270802393932702,+0000.2400417434950581
+0000.0317541787799292,+0000.0000000000000000,+0000.0000000000000000,+0000.7149548476144518,+0000.2532909736056189
+0000.0304906678643924,+0000.0000000000000000,+0000.0000000000000000,+0000.7042656152643829,+0000.2652437168712249
+0000.0291710630673443,+0000.0000000000000000,+0000.0000000000000000,+0000.6961525534646915,+0000.2746763834679641
+0000.0278644755717289,+0000.0000000000000000,+0000.0000000000000000,+0000.6914156039285753,+0000.2807199204996961
+0000.0266208553335037,+0000.0000000000000000,+0000.0000000000000000,+0000.6904933088545919,+0000.2828858358119041
+0000.0254710132282889,+0000.0000000000000000,+0000.0000000000000000,+0000.6934922130263723,+0000.2810367737453390
+0000.0244293344430609,+0000.0000000000000000,+0000.0000000000000000,+0000.7002351993105866,+0000.2753354662463526
+0000.0234974784318710,+0000.0000000000000000,+0000.0000000000000000,+0000.7103086447346449,+0000.2661938768334840
+0000.0226680368652112,+0000.0000000000000000,+0000.0000000000000000,+0000.7231013628416569,+0000.2542306002931318
+0000.0219277200734050,+0000.0000000000000000,+0000.0000000000000000,+0000.7378379081191149,+0000.2402343718074801
+0000.0212600152112630,+0000.0000000000000000,+0000.0000000000000000,+0000.7536138867456265,+0000.2251260980431107
+0000.0206474169673127,+0000.0000000000000000,+0000.0000000000000000,+0000.7694417908766087,+0000.2099107921560786
+0000.0200733384012583,+0000.0000000000000000,+0000.0000000000000000,+0000.7843130650927651,+0000.1956135965059765
+0000.0195237341755897,+0000.0000000000000000,+0000.0000000000000000,+0000.7972763036369047,+0000.1831999621875058
+0000.0189883734650209,+0000.0000000000000000,+0000.0000000000000000,+0000.8075240884395770,+0000.1734875380954022
+0000.0184616391016067,+0000.0000000000000000,+0000.0000000000000000,+0000.8144744862131121,+0000.1670638746852813
+0000.0179427391616946,+0000.0000000000000000,+0000.0000000000000000,+0000.8178305569518947,+0000.1642267038864106
+0000.0174353010806368,+0000.0000000000000000,+0000.0000000000000000,+0000.8176042860604277,+0000.1649604128589357
+0000.0169464427102461,+0000.0000000000000000,+0000.0000000000000000,+0000.8140995772446006,+0000.1689539800451535
+0000.0164855233628849,+0000.0000000000000000,+0000.0000000000000000,+0000.8078591897516859,+0000.1756552868854292
+0000.0160628229050730,+0000.0000000000000000,+0000.0000000000000000,+0000.7995886354469235,+0000.1843485416480036
+0000.0156883641295121,+0000.0000000000000000,+0000.0000000000000000,+0000.7900732044443979,+0000.1942384314260902
+0000.0153710052148888,+0000.0000000000000000,+0000.0000000000000000,+0000.7801021841665419,+0000.2045268106185692
+0000.0151178254180653,+0000.0000000000000000,+0000.0000000000000000,+0000.7704088936748641,+0000.2144732809070707
+0000.0149337433923193,+0000.0000000000000000,+0000.0000000000000000,+0000.7616290186127118,+0000.2234372379949692
+0000.0148212609448621,+0000.0000000000000000,+0000.0000000000000000,+0000.7542749203284966,+0000.2309038187266414
+0000.0147802162771932,+0000.0000000000000000,+0000.0000000000000000,+0000.7487209681620665,+0000.2364988155607403
+0000.0148074528802295,+0000.0000000000000000,+0000.0000000000000000,+0000.7451944468600571,+0000.2399981002597135
+0000.0148963576971589,+0000.0000000000000000,+0000.0000000000000000,+0000.7437677713364306,+0000.2413358709664107
+0000.0150362945385889,+0000.0000000000000000,+0000.0000000000000000,+0000.7443501753891680,+0000.2406135300722433
+0000.0152120579151604,+0000.0000000000000000,+0000.0000000000000000,+0000.7466804459531931,+0000.2381074961316467
+0000.0154035922968538,+0000.0000000000000000,+0000.0000000000000000,+0000.7503262861036346,+0000.2342701215995118
+0000.0155863320150838,+0000.0000000000000000,+0000.0000000000000000,+0000.7546995957550758,+0000.2297140722298405
+0000.0157325495545594,+0000.0000000000000000,+0000.0000000000000000,+0000.7590984553969260,+0000.2251689950485143
+0000.0158139586324677,+0000.0000000000000000,+0000.0000000000000000,+0000.7627831766108066,+0000.2214028647567255
+0000.0158054369759908,+0000.0000000000000000,+0000.0000000000000000,+0000.7650834856056297,+0000.2191110774183793
+0000.0156891771472689,+0000.0000000000000000,+0000.0000000000000000,+0000.7655183639173007,+0000.2187924589354301
+0000.0154581023467749,+0000.0000000000000000,+0000.0000000000000000,+0000.7638964195980821,+0000.2206454780551431
+0000.0151173521799834,+0000.0000000000000000,+0000.0000000000000000,+0000.7603629186550108,+0000.2245197291650058
+0000.0146832202821903,+0000.0000000000000000,+0000.0000000000000000,+0000.7553749282129354,+0000.2299418515048745
+0000.0141798709188919,+0000.0000000000000000,+0000.0000000000000000,+0000.7496121771980471,+0000.2362079518830607
+0000.0136349423213261,+0000.0000000000000000,+0000.0000000000000000,+0000.7438534972783756,+0000.2425115604002982
+0000.0130753461396124,+0000.0000000000000000,+0000.0000000000000000,+0000.7388551812802024,+0000.2480694725801854
+0000.0125241983148265,+0000.0000000000000000,+0000.0000000000000000,+0000.7352578883504607,+0000.2522179133347127
+0000.0119992009260447,+0000.0000000000000000,+0000.0000000000000000,+0000.7335318792167874,+0000.2544689198571677
+0000.0115122892586548,+0000.0000000000000000,+0000.0000000000000000,+0000.7339562706582556,+0000.2545314400830895
+0000.0110701207487016,+0000.0000000000000000,+0000.0000000000000000,+0000.7366212950864671,+0000.2523085841648310
+0000.0106749783640022,+0000.0000000000000000,+0000.0000000000000000,+0000.7414425086404834,+0000.2478825129955143
+0000.0103257775892133,+0000.0000000000000000,+0000.0000000000000000,+0000.7481794519557085,+0000.2414947704550783
+0000.0100190052930714,+0000.0000000000000000,+0000.0000000000000000,+0000.7564556386662409,+0000.2335253560406878
+0000.0097495284181159,+0000.0000000000000000,+0000.0000000000000000,+0000.7657803067269671,+0000.2244701648549170
+0000.0095112763757482,+0000.0000000000000000,+0000.0000000000000000,+0000.7755744538526960,+0000.2149142697715558
+0000.0092978280882524,+0000.0000000000000000,+0000.0000000000000000,+0000.7852041096596063,+0000.2054980622521414
+0000.0091029335409405,+0000.0000000000000000,+0000.0000000000000000,+0000.7940226021232054,+0000.1968744643358539
+0000.0089209816807555,+0000.0000000000000000,+0000.0000000000000000,+0000.8014210024200190,+0000.1896580158992254
+0000.0087474023128089,+0000.0000000000000000,+0000.0000000000000000,+0000.8068825975752926,+0000.1843700001118988
+0000.0085789697688263,+0000.0000000000000000,+0000.0000000000000000,+0000.8100341948992666,+0000.1813868353319072
+0000.0084139693612197,+0000.0000000000000000,+0000.0000000000000000,+0000.8106855647993819,+0000.1809004658393983
+0000.0082521982732835,+0000.0000000000000000,+0000.0000000000000000,+0000.8088493170925610,+0000.1828984846341556
+0000.0080947978233016,+0000.0000000000000000,+0000.0000000000000000,+0000.8047370212784718,+0000.1871681808982265
+0000.0079439446074358,+0000.0000000000000000,+0000.0000000000000000,+0000.7987323620423823,+0000.1933236933501819
+0000.0078024519990078,+0000.0000000000000000,+0000.0000000000000000,+0000.7913468172151006,+0000.2008507307858917
+0000.0076733422518206,+0000.0000000000000000,+0000.0000000000000000,+0000.7831661589773592,+0000.2091604987708206
+0000.0075594415284057,+0000.0000000000000000,+0000.0000000000000000,+0000.7747963076985249,+0000.2176442507730696
+0000.0074630309224493,+0000.0000000000000000,+0000.0000000000000000,+0000.7668150994874485,+0000.2257218695901022
+0000.0073855646720105,+0000.0000000000000000,+0000.0000000000000000,+0000.7597334636374456,+0000.2328809716905438
+0000.0073274501951823,+0000.0000000000000000,+0000.0000000000000000,+0000.7539665477970964,+0000.2387060020077212
+0000.0072878780538206,+0000.0000000000000000,+0000.0000000000000000,+0000.7498133272744641,+0000.2428987946717154
+0000.0072646946910695,+0000.0000000000000000,+0000.0000000000000000,+0000.7474425482511809,+0000.2452927570577493
+0000.0072543252775277,+0000.0000000000000000,+0000.0000000000000000,+0000.7468834421163265,+0000.2458622326061456
+0000.0072517744660925,+0000.0000000000000000,+0000.0000000000000000,+0000.7480212156719290,+0000.2447270098619785
+0000.0072507528618477,+0000.0000000000000000,+0000.0000000000000000,+0000.7505993827841205,+0000.2421498643540320
+0000.0072439867573756,+0000.0000000000000000,+0000.0000000000000000,+0000.7542328355095326,+0000.2385231777330919
+0000.0072237558449976,+0000.0000000000000000,+0000.0000000000000000,+0000.7584361719789827,+0000.2343400721760197
+0000.0071826581259651,+0000.0000000000000000,+0000.0000000000000000,+0000.7626701519402515,+0000.2301471899337832
+0000.0071145245225565,+0000.0000000000000000,+0000.0000000000000000,+0000.7664047015946059,+0000.2264807738828376
+0000.0070153198740133,+0000.0000000000000000,+0000.0000000000000000,+0000.7691904344475793,+0000.2237942456784076
+0000.0068838137896218,+0000.0000000000000000,+0000.0000000000000000,+0000.7707247279964742,+0000.2223914582139037
+0000.0067218260016059,+0000.0000000000000000,+0000.0000000000000000,+0000.7708964227192490,+0000.2223817512791449
+0000.0065339569773767,+0000.0000000000000000,+0000.0000000000000000,+0000.7697973780521195,+0000.2236686649705039
+0000.0063268671076764,+0000.0000000000000000,+0000.0000000000000000,+0000.7676983975399700,+0000.2259747353523534
+0000.0061082967502626,+0000.0000000000000000,+0000.0000000000000000,+0000.7649972887381220,+0000.2288944145116156
+0000.0058860676961640,+0000.0000000000000000,+0000.0000000000000000,+0000.7621533753724772,+0000.2319605569313591
+0000.0056672650497746,+0000.0000000000000000,+0000.0000000000000000,+0000.7596233671675996,+0000.2347093677826259
+0000.0054577035749039,+0000.0000000000000000,+0000.0000000000000000,+0000.7578092174807498,+0000.2367330789443464
+0000.0052616851885919,+0000.0000000000000000,+0000.0000000000000000,+0000.7570224967665569,+0000.2377158180448511
+0000.0050819892872053,+0000.0000000000000000,+0000.0000000000000000,+0000.7574646889098164,+0000.2374533218029783
+0000.0049200134286357,+0000.0000000000000000,+0000.0000000000000000,+0000.7592200221004954,+0000.2358599644708687
+0000.0047759884864818,+0000.0000000000000000,+0000.0000000000000000,+0000.7622569045083842,+0000.2329671070051341
+0000.0046492140139031,+0000.0000000000000000,+0000.0000000000000000,+0000.7664349504744572,+0000.2289158355116395
+0000.0045382835159718,+0000.0000000000000000,+0000.0000000000000000,+0000.7715160699137604,+0000.2239456465702676
+0000.0044412885862167,+0000.0000000000000000,+0000.0000000000000000,+0000.7771794832754496,+0000.2183792281383333
+0000.0043560029628559,+0000.0000000000000000,+0000.0000000000000000,+0000.7830414015038146,+0000.2126025955333294
+0000.0042800526424716,+0000.0000000000000000,+0000.0000000000000000,+0000.7886802511883106,+0000.2070396961692177
+0000.0042110775184703,+0000.0000000000000000,+0000.0000000000000000,+0000.7936676582413247,+0000.2021212642402050
+0000.0041468853502542,+0000.0000000000000000,+0000.0000000000000000,+0000.7976040327127076,+0000.1982490819370382
+0000.0040855923742893,+0000.0000000000000000,+0000.0000000000000000,+0000.8001558502168767,+0000.1957585574088337
+0000.0040257390319095,+0000.0000000000000000,+0000.0000000000000000,+0000.8010901506444108,+0000.1948841103236800
+0000.0039663665388676,+0000.0000000000000000,+0000.0000000000000000,+0000.8003010166868427,+0000.1957326167742899
+0000.0039070419466224,+0000.0000000000000000,+0000.0000000000000000,+0000.7978233419835531,+0000.1982696160698245
+0000.0038478259050206,+0000.0000000000000000,+0000.0000000000000000,+0000.7938311138251459,+0000.2023210602698337
+0000.0037891866379370,+0000.0000000000000000,+0000.0000000000000000,+0000.7886202374801795,+0000.2075905758818833
+0000.0037318726287984,+0000.0000000000000000,+0000.0000000000000000,+0000.7825787495468327,+0000.2136893778243687
+0000.0036767623057309,+0000.0000000000000000,+0000.0000000000000000,+0000.7761492260066946,+0000.2201740116875748
+0000.0036247101890881,+0000.0000000000000000,+0000.0000000000000000,+0000.7697887830831955,+0000.2265865067277162
+0000.0035764060085868,+0000.0000000000000000,+0000.0000000000000000,+0000.7639313468012907,+0000.2324922471901225
+0000.0035322581272670,+0000.0000000000000000,+0000.0000000000000000,+0000.7589553325799869,+0000.2375124092927463
+0000.0034923075213704,+0000.0000000000000000,+0000.0000000000000000,+0000.7551582014509494,+0000.2413494910276802
+0000.0034561752661366,+0000.0000000000000000,+0000.0000000000000000,+0000.7527381062112523,+0000.2438057185226111
+0000.0034230455630489,+0000.0000000000000000,+0000.0000000000000000,+0000.7517823004742407,+0000.2447946539627104
+0000.0033916872448731,+0000.0000000000000000,+0000.0000000000000000,+0000.7522621512877297,+0000.2443461614673972
+0000.0033605179212964,+0000.0000000000000000,+0000.0000000000000000,+0000.7540352216455334,+0000.2426042604331701
+0000.0033277144894053,+0000.0000000000000000,+0000.0000000000000000,+0000.7568555521216571,+0000.2398167333889378
+0000.0032913697560146,+0000.0000000000000000,+0000.0000000000000000,+0000.7603934696192597,+0000.2363151606247256
+0000.0032496865276622,+0000.0000000000000000,+0000.0000000000000000,+0000.7642655412918357,+0000.2324847721805022
+0000.0032011888322965,+0000.0000000000000000,+0000.0000000000000000,+0000.7680734925606929,+0000.2287253186070106
+0000.0031449185734956,+0000.0000000000000000,+0000.0000000000000000,+0000.7714483243550451,+0000.2254067570714596
+0000.0030805802699120,+0000.0000000000000000,+0000.0000000000000000,+0000.7740933604693361,+0000.2228260592607522
