+0001.0000000000000000,+0000.0000000000000000,+0000.0000000000000000,+0000.0000000000000000,+0000.0000000000000000
+0000.9991805220882075,+0000.0000241022915233,+0000.0003856366643729,+0000.0000241022915233,+0000.0003856366643729
+0000.9965191128753241,+0000.0000541745349699,+0000.0008667925595176,+0000.0001505835311876,+0000.0024093364990009
+0000.9913706511925027,+0000.0000734686612882,+0000.0011754985806118,+0000.0004341400920940,+0000.0069462414735032
+0000.9833271626267416,+0000.0000837542200878,+0000.0013400675214055,+0000.0008970009195156,+0000.0143520147122495
+0000.9722933509303247,+0000.0000885015002075,+0000.0014160240033203,+0000.0015413013862440,+0000.0246608221799034
+0000.9583728332780858,+0000.0000901208995762,+0000.0014419343932188,+0000.0023585359664188,+0000.0377365754627005
+0000.9417795518010941,+0000.0000900031295118,+0000.0014400500721894,+0000.0033347291174826,+0000.0533556658797220
+0000.9227870100642770,+0000.0000889025910318,+0000.0014224414565092,+0000.0044530379934225,+0000.0712486078947595
+0000.9017001628740278,+0000.0000872229352577,+0000.0013955669641235,+0000.0056951204250936,+0000.0911219268014976
+0000.8788383542054721,+0000.0000851840624426,+0000.0013629449990815,+0000.0070419715725296,+0000.1126715451604744
+0000.8545233865257172,+0000.0000829116457046,+0000.0013265863312729,+0000.0084745362057238,+0000.1355925792915816
+0000.8290702649266477,+0000.0000804831652710,+0000.0012877306443365,+0000.0099742071331614,+0000.1595873141305832
+0000.8027797878139483,+0000.0000779510068641,+0000.0012472161098258,+0000.0115232379452566,+0000.1843718071241051
+0000.7759327756479989,+0000.0000753538528401,+0000.0012056616454423,+0000.0131050711090423,+0000.2096811377446766
+0000.7487858848520726,+0000.0000727222295056,+0000.0011635556720890,+0000.0147045786615490,+0000.2352732585847837
+0000.7215689320658552,+0000.0000700811978342,+0000.0011212991653476,+0000.0163082169159390,+0000.2609314706550241
+0000.6944835875370922,+0000.0000674516828133,+0000.0010792269250123,+0000.0179041019914754,+0000.2864656318636067
+0000.6677032395681086,+0000.0000648511765208,+0000.0010376188243324,+0000.0194820170841787,+0000.3117122733468594
+0000.6413738009282709,+0000.0000622941676631,+0000.0009967066826089,+0000.0210333646012622,+0000.3365338336201952
+0000.6156152229971921,+0000.0000597924603929,+0000.0009566793662867,+0000.0225510767750664,+0000.3608172284010620
+0000.5905234980669439,+0000.0000573554525769,+0000.0009176872412299,+0000.0240294976023088,+0000.3844719616369408
+0000.5661729574305124,+0000.0000549903997888,+0000.0008798463966207,+0000.0254642473984164,+0000.4074279583746616
+0000.5426187061850934,+0000.0000527026716108,+0000.0008432427457733,+0000.0268520793175013,+0000.4296332690800209
+0000.5198990702001984,+0000.0000504959989103,+0000.0008079359825642,+0000.0281907351657839,+0000.4510517626525431
+0000.4980379631677292,+0000.0000483727083974,+0000.0007739633343591,+0000.0294788059287949,+0000.4716608948607194
+0000.4770471101681169,+0000.0000463339408442,+0000.0007413430535075,+0000.0307156007551489,+0000.4914496120823826
+0000.4569280879100852,+0000.0000443798503329,+0000.0007100776053258,+0000.0319010267431915,+0000.5104164278910646
+0000.4376741606184885,+0000.0000425097830944,+0000.0006801565295101,+0000.0330354807687592,+0000.5285676923001481
+0000.4192719047974203,+0000.0000407224355692,+0000.0006515589691079,+0000.0341197537528178,+0000.5459160600450845
+0000.4017026263709845,+0000.0000390159921714,+0000.0006242558747420,+0000.0351549471624766,+0000.5624791545996256
+0000.3849435806827283,+0000.0000373882438412,+0000.0005982119014598,+0000.0361424011277630,+0000.5782784180442077
+0000.3689690101950064,+0000.0000358366888623,+0000.0005733870217963,+0000.0370836332996668,+0000.5933381327946682
+0000.3537510170902602,+0000.0000343586176273,+0000.0005497378820363,+0000.0379802874358868,+0000.6076845989741892
+0000.3392602888693496,+0000.0000329511831198,+0000.0005272189299171,+0000.0388340906480949,+0000.6213454503695185
+0000.3254666949045812,+0000.0000316114588586,+0000.0005057833417369,+0000.0396468182526366,+0000.6343490920421868
+0000.3123397710825050,+0000.0000303364859704,+0000.0004853837755263,+0000.0404202652150587,+0000.6467242434409396
+0000.2998491084279654,+0000.0000291233109370,+0000.0004659729749915,+0000.0411562232521238,+0000.6584995720339823
+0000.2879646601315630,+0000.0000279690154155,+0000.0004475042466479,+0000.0418564627415513,+0000.6697034038648222
+0000.2766569798469032,+0000.0000268707393839,+0000.0004299318301428,+0000.0425227186813864,+0000.6803634989021836
+0000.2658974025772297,+0000.0000258256987099,+0000.0004132111793592,+0000.0431566800320412,+0000.6905068805126600
+0000.2556581779952233,+0000.0000248311980999,+0000.0003972991695985,+0000.0437599818610046,+0000.7001597097760737
+0000.2459125646720915,+0000.0000238846402510,+0000.0003821542440154,+0000.0443341997908024,+0000.7093471966528399
+0000.2366348924519295,+0000.0000229835319093,+0000.0003677365105489,+0000.0448808463238595,+0000.7180935411817531
+0000.2278005991016761,+0000.0000221254874299,+0000.0003540077988779,+0000.0454013686830597,+0000.7264218989289564
+0000.2193862463944361,+0000.0000213082303384,+0000.0003409316854146,+0000.0458971478641065,+0000.7343543658257045
+0000.2113695199379104,+0000.0000205295933149,+0000.0003284734930381,+0000.0463694986456315,+0000.7419119783301049
+0000.2037292163304682,+0000.0000197875169459,+0000.0003166002711349,+0000.0468196703459677,+0000.7491147255354833
+0000.1964452206038248,+0000.0000190800475340,+0000.0003052807605436,+0000.0472488481522410,+0000.7559815704358568
+0000.1894984763816784,+0000.0000184053341988,+0000.0002944853471815,+0000.0476581548786436,+0000.7625304780582978
+0000.1828709507365613,+0000.0000177616254644,+0000.0002841860074305,+0000.0480486530370908,+0000.7687784485934532
+0000.1765455953517611,+0000.0000171472654864,+0000.0002743562477822,+0000.0484213471255864,+0000.7747415540093838
+0000.1705063052815403,+0000.0000165606900469,+0000.0002649710407504,+0000.0487771860580977,+0000.7804349769295646
+0000.1647378763420805,+0000.0000160004224159,+0000.0002560067586550,+0000.0491170656751087,+0000.7858730508017395
+0000.1592259619496803,+0000.0000154650691593,+0000.0002474411065481,+0000.0494418312867419,+0000.7910693005878707
+0000.1539570300447921,+0000.0000149533159545,+0000.0002392530552723,+0000.0497522802108224,+0000.7960364833731587
+0000.1489183205944873,+0000.0000144639234637,+0000.0002314227754192,+0000.0500491642768605,+0000.8007866284297690
+0000.1440978040466855,+0000.0000139957232978,+0000.0002239315727653,+0000.0503331922739559,+0000.8053310763832955
+0000.1394841410125732,+0000.0000135476141012,+0000.0002167618256184,+0000.0506050323263357,+0000.8096805172213715
+0000.1350666433752900,+0000.0000131185577737,+0000.0002098969243789,+0000.0508653141848563,+0000.8138450269577013
+0000.1308352369599928,+0000.0000127075758455,+0000.0002033212135286,+0000.0511146314265078,+0000.8178341028241254
+0000.1267804258501637,+0000.0000123137460110,+0000.0001970199361767,+0000.0513535435569205,+0000.8216566969107278
+0000.1228932583952295,+0000.0000119361988272,+0000.0001909791812357,+0000.0515825780132181,+0000.8253212482114894
+0000.1191652949233538,+0000.0000115741145778,+0000.0001851858332455,+0000.0518022320664014,+0000.8288357130624215
+0000.1155885771490707,+0000.0000112267203020,+0000.0001796275248324,+0000.0520129746238703,+0000.8322075939819242
+0000.1121555992469489,+0000.0000108932869848,+0000.0001742925917571,+0000.0522152479337829,+0000.8354439669405265
+0000.1088592805486342,+0000.0000105731269053,+0000.0001691700304847,+0000.0524094691937633,+0000.8385515071002126
+0000.1056929398105205,+0000.0000102655911373,+0000.0001642494581964,+0000.0525960320670674,+0000.8415365130730783
+0000.1026502709922070,+0000.0000099700671968,+0000.0001595210751485,+0000.0527753081097322,+0000.8444049297557157
+0000.0997253204812080,+0000.0000096859768299,+0000.0001549756292792,+0000.0529476481125107,+0000.8471623698001719
+0000.0969124656966025,+0000.0000094127739349,+0000.0001506043829577,+0000.0531133833615591,+0000.8498141337849457
+0000.0942063950030171,+0000.0000091499426107,+0000.0001463990817705,+0000.0532728268219178,+0000.8523652291506840
+0000.0916020888662222,+0000.0000088969953273,+0000.0001423519252365,+0000.0534262742478361,+0000.8548203879653780
+0000.0890948021823927,+0000.0000086534712092,+0000.0001384555393464,+0000.0535740052239442,+0000.8571840835831076
+0000.0866800477145390,+0000.0000084189344264,+0000.0001347029508222,+0000.0537162841411890,+0000.8594605462590235
+0000.0843535805715705,+0000.0000081929726873,+0000.0001310875629975,+0000.0538533611113379,+0000.8616537777814065
+0000.0821113836677611,+0000.0000079751958263,+0000.0001276031332212,+0000.0539854728237171,+0000.8637675651794742
+0000.0799496541029487,+0000.0000077652344807,+0000.0001242437516918,+0000.0541128433476987,+0000.8658054935631802
+0000.0778647904065102,+0000.0000075627388521,+0000.0001210038216344,+0000.0542356848842943,+0000.8677709581487090
+0000.0758533805909495,+0000.0000073673775460,+0000.0001178780407354,+0000.0543541984700452,+0000.8696671755207237
+0000.0739121909637613,+0000.0000071788364848,+0000.0001148613837563,+0000.0544685746362352,+0000.8714971941797627
+0000.0720381556490393,+0000.0000069968178906,+0000.0001119490862496,+0000.0545789940262836,+0000.8732639044205370
+0000.0702283667730639,+0000.0000068210393317,+0000.0001091366293072,+0000.0546856279740175,+0000.8749700475842797
+0000.0684800652707878,+0000.0000066512328296,+0000.0001064197252735,+0000.0547886390453593,+0000.8766182247257495
+0000.0667906322727413,+0000.0000064871440225,+0000.0001037943043600,+0000.0548881815458162,+0000.8782109047330598
+0000.0651575810343760,+0000.0000063285313815,+0000.0001012565021038,+0000.0549844019960081,+0000.8797504319361306
+0000.0635785493722506,+0000.0000061751654758,+0000.0000988026476132,+0000.0550774395773329,+0000.8812390332373273
+0000.0620512925737370,+0000.0000060268282843,+0000.0000964292525489,+0000.0551674265497311,+0000.8826788247956987
+0000.0605736767490770,+0000.0000058833125496,+0000.0000941330007930,+0000.0552544886433871,+0000.8840718182941932
+0000.0591436725966593,+0000.0000057444211725,+0000.0000919107387604,+0000.0553387454260828,+0000.8854199268173248
+0000.0577593495543060,+0000.0000056099666443,+0000.0000897594663095,+0000.0554203106478082,+0000.8867249703649323
+0000.0564188703111663,+0000.0000054797705133,+0000.0000876763282134,+0000.0554992925641239,+0000.8879886810259828
+0000.0551204856565142,+0000.0000053536628847,+0000.0000856586061551,+0000.0555757942396733,+0000.8892127078347725
+0000.0538625296433364,+0000.0000052314819507,+0000.0000837037112116,+0000.0556499138331471,+0000.8903986213303541
+0000.0526434150460907,+0000.0000051130735497,+0000.0000818091767949,+0000.0557217448649156,+0000.8915479178386493
+0000.0514616290934089,+0000.0000049982907513,+0000.0000799726520206,+0000.0557913764684600,+0000.8926620234953593
+0000.0503157294578195,+0000.0000048869934672,+0000.0000781918954759,+0000.0558588936266610,+0000.8937422980265762
+0000.0492043404857845,+0000.0000047790480851,+0000.0000764647693610,+0000.0559243773939276,+0000.8947900383028417
+0000.0481261496524778,+0000.0000046743271237,+0000.0000747892339798,+0000.0559879051050835,+0000.8958064816813354
+0000.0470799042267914,+0000.0000045727089098,+0000.0000731633425568,+0000.0560495505718672,+0000.8967928091498751
+0000.0460644081330410,+0000.0000044740772725,+0000.0000715852363607,+0000.0561093842678427,+0000.8977501482854833
+0000.0450785189967611,+0000.0000043783212571,+0000.0000700531401131,+0000.0561674735024629,+0000.8986795760394056
+0000.0441211453628343,+0000.0000042853348541,+0000.0000685653576657,+0000.0562238825849792,+0000.8995821213596669
+0000.0431912440749952,+0000.0000041950167455,+0000.0000671202679277,+0000.0562786729788431,+0000.9004587676614885
+0000.0422878178064908,+0000.0000041072700643,+0000.0000657163210284,+0000.0563319034472010,+0000.9013104551552156
+0000.0414099127323664,+0000.0000040220021688,+0000.0000643520347002,+0000.0563836301900450,+0000.9021380830407200
+0000.0405566163344881,+0000.0000039391244292,+0000.0000630259908671,+0000.0564339069735421,+0000.9029425115766735
+0000.0397270553310109,+0000.0000038585520267,+0000.0000617368324275,+0000.0564827852520315,+0000.9037245640325036
+0000.0389203937225507,+0000.0000037802037636,+0000.0000604832602176,+0000.0565303142831452,+0000.9044850285303230
+0000.0381358309478426,+0000.0000037040018841,+0000.0000592640301451,+0000.0565765412364782,+0000.9052246597836502
+0000.0373726001421394,+0000.0000036298719052,+0000.0000580779504832,+0000.0566215112962043,+0000.9059441807392681
+0000.0366299664920565,+0000.0000035577424571,+0000.0000569238793136,+0000.0566652677580102,+0000.9066442841281624
+0000.0359072256809834,+0000.0000034875451319,+0000.0000558007221108,+0000.0567078521206926,+0000.9073256339310813
+0000.0352037024195667,+0000.0000034192143411,+0000.0000547074294583,+0000.0567493041727432,+0000.9079888667638908
+0000.0345187490561312,+0000.0000033526871806,+0000.0000536429948893,+0000.0567896620742235,+0000.9086345931875752
+0000.0338517442622410,+0000.0000032879033027,+0000.0000526064528439,+0000.0568289624342126,+0000.9092633989473999
+0000.0332020917889114,+0000.0000032248047960,+0000.0000515968767364,+0000.0568672403840916,+0000.9098758461454648
+0000.0325692192892758,+0000.0000031633360703,+0000.0000506133771256,+0000.0569045296469135,+0000.9104724743506147
+0000.0319525772037805,+0000.0000031034437489,+0000.0000496550999822,+0000.0569408626030876,+0000.9110538016494010
+0000.0313516377042315,+0000.0000030450765655,+0000.0000487212250480,+0000.0569762703525974,+0000.9116203256415574
+0000.0307658936932537,+0000.0000029881852676,+0000.0000478109642811,+0000.0570107827739529,+0000.9121725243832450
+0000.0301948578559400,+0000.0000029327225239,+0000.0000469235603820,+0000.0570444285800679,+0000.9127108572810859
+0000.0296380617606723,+0000.0000028786428373,+0000.0000460582853964,+0000.0570772353712409,+0000.9132357659398529
+0000.0290950550062863,+0000.0000028259024619,+0000.0000452144393897,+0000.0571092296854037,+0000.9137476749664584
+0000.0285654044129290,+0000.0000027744593243,+0000.0000443913491894,+0000.0571404370457975,+0000.9142469927327594
+0000.0280486932541233,+0000.0000027242729495,+0000.0000435883671924,+0000.0571708820062198,+0000.9147341120995149
+0000.0275445205277077,+0000.0000026753043895,+0000.0000428048702313,+0000.0572005881939807,+0000.9152094111036905
+0000.0270525002634651,+0000.0000026275161562,+0000.0000420402584988,+0000.0572295783506989,+0000.9156732536111810
+0000.0265722608653859,+0000.0000025808721578,+0000.0000412939545254,+0000.0572578743710548,+0000.9161259899368759
+0000.0261034444866390,+0000.0000025353376380,+0000.0000405654022083,+0000.0572854973396186,+0000.9165679574338960
+0000.0256457064354401,+0000.0000024908791180,+0000.0000398540658878,+0000.0573124675658562,+0000.9169994810536979
+0000.0251987146101169,+0000.0000024474643419,+0000.0000391594294697,+0000.0573388046174160,+0000.9174208738786553
+0000.0247621489617728,+0000.0000024050622244,+0000.0000384809955901,+0000.0573645273517890,+0000.9178324376286237
+0000.0243357009830471,+0000.0000023636428013,+0000.0000378182848207,+0000.0573896539464313,+0000.9182344631428996
+0000.0239190732215581,+0000.0000023231771821,+0000.0000371708349133,+0000.0574142019274322,+0000.9186272308389145
+0000.0235119788167014,+0000.0000022836375050,+0000.0000365382000793,+0000.0574381881968068,+0000.9190110111489076
+0000.0231141410585519,+0000.0000022449968940,+0000.0000359199503046,+0000.0574616290584853,+0000.9193860649357641
+0000.0227252929676928,+0000.0000022072294185,+0000.0000353156706965,+0000.0574845402430702,+0000.9197526438891219
+0000.0223451768948637,+0000.0000021703100539,+0000.0000347249608618,+0000.0575069369314248,+0000.9201109909027958
+0000.0219735441393832,+0000.0000021342146446,+0000.0000341474343132,+0000.0575288337771565,+0000.9204613404345027
+0000.0216101545853636,+0000.0000020989198691,+0000.0000335827179048,+0000.0575502449280508,+0000.9208039188488119
+0000.0212547763547900,+0000.0000020644032058,+0000.0000330304512924,+0000.0575711840465125,+0000.9211389447441993
+0000.0209071854765902,+0000.0000020306429012,+0000.0000324902864193,+0000.0575916643290641,+0000.9214666292650251
+0000.0205671655708724,+0000.0000019976179391,+0000.0000319618870258,+0000.0576116985249508,+0000.9217871763992118
+0000.0202345075475516,+0000.0000019653080113,+0000.0000314449281808,+0000.0576312989538975,+0000.9221007832623588
+0000.0199090093186327,+0000.0000019336934896,+0000.0000309390958344,+0000.0576504775230614,+0000.9224076403689819
+0000.0195904755234582,+0000.0000019027553995,+0000.0000304440863913,+0000.0576692457432207,+0000.9227079318915304
+0000.0192787172662646,+0000.0000018724753939,+0000.0000299596063028,+0000.0576876147442376,+0000.9230018359078006
+0000.0189735518654336,+0000.0000018428357298,+0000.0000294853716771,+0000.0577055952898330,+0000.9232895246373265
+0000.0186748026138513,+0000.0000018138192442,+0000.0000290211079070,+0000.0577231977917058,+0000.9235711646672919
+0000.0183822985498268,+0000.0000017854093321,+0000.0000285665493138,+0000.0577404323230311,+0000.9238469171684964
+0000.0180958742380480,+0000.0000017575899254,+0000.0000281214388068,+0000.0577573086313659,+0000.9241169381018538
+0000.0178153695600819,+0000.0000017303454724,+0000.0000276855275580,+0000.0577738361509934,+0000.9243813784158940
+0000.0175406295139534,+0000.0000017036609182,+0000.0000272585746906,+0000.0577900240147317,+0000.9246403842357065
+0000.0172715040223621,+0000.0000016775216863,+0000.0000268403469806,+0000.0578058810652337,+0000.9248940970437376
+0000.0170078477491193,+0000.0000016519136607,+0000.0000264306185719,+0000.0578214158658029,+0000.9251426538528448
+0000.0167495199234103,+0000.0000016268231690,+0000.0000260291707034,+0000.0578366367107481,+0000.9253861873719693
+0000.0164963841715076,+0000.0000016022369654,+0000.0000256357914467,+0000.0578515516352989,+0000.9256248261647815
+0000.0162483083555815,+0000.0000015781422160,+0000.0000252502754564,+0000.0578661684251028,+0000.9258586948016432
+0000.0160051644192715,+0000.0000015545264831,+0000.0000248724237297,+0000.0578804946253245,+0000.9260879140051913
+0000.0157668282397001,+0000.0000015313777110,+0000.0000245020433767,+0000.0578945375493655,+0000.9263126007898466
+0000.0155331794856288,+0000.0000015086842125,+0000.0000241389473995,+0000.0579083042872212,+0000.9265328685955380
+0000.0153041014814680,+0000.0000014864346551,+0000.0000237829544814,+0000.0579218017134939,+0000.9267488274159017
+0000.0150794810768722,+0000.0000014646180490,+0000.0000234338887839,+0000.0579350364950762,+0000.9269605839212189
+0000.0148592085216602,+0000.0000014432237345,+0000.0000230915797525,+0000.0579480150985208,+0000.9271682415763320
+0000.0146431773458181,+0000.0000014222413706,+0000.0000227558619302,+0000.0579607437971107,+0000.9273719007537702
+0000.0144312842443524,+0000.0000014016609237,+0000.0000224265747784,+0000.0579732286776439,+0000.9275716588423016
+0000.0142234289667731,+0000.0000013814726566,+0000.0000221035625055,+0000.0579854756469450,+0000.9277676103511198
+0000.0140195142109973,+0000.0000013616671188,+0000.0000217866739014,+0000.0579974904381166,+0000.9279598470098656
+0000.0138194455214750,+0000.0000013422351363,+0000.0000214757621800,+0000.0580092786165417,+0000.9281484578646670
+0000.0136231311913486,+0000.0000013231678017,+0000.0000211706848265,+0000.0580208455856485,+0000.9283335293703748
+0000.0134304821684656,+0000.0000013044564657,+0000.0000208713034517,+0000.0580321965924481,+0000.9285151454791691
+0000.0132414119650749,+0000.0000012860927282,+0000.0000205774836514,+0000.0580433367328557,+0000.9286933877256900
+0000.0130558365710437,+0000.0000012680684295,+0000.0000202890948718,+0000.0580542709568033,+0000.9288683353088515
+0000.0128736743704415,+0000.0000012503756425,+0000.0000200060102797,+0000.0580650040731551,+0000.9290400651704810
+0000.0126948460613428,+0000.0000012330066649,+0000.0000197281066380,+0000.0580755407544327,+0000.9292086520709217
+0000.0125192745787111,+0000.0000012159540116,+0000.0000194552641856,+0000.0580858855413584,+0000.9293741686617332
+0000.0123468850202284,+0000.0000011992104077,+0000.0000191873665225,+0000.0580960428472260,+0000.9295366855556154
+0000.0121776045749460,+0000.0000011827687812,+0000.0000189243004987,+0000.0581060169621044,+0000.9296962713936696
+0000.0120113624546342,+0000.0000011666222567,+0000.0000186659561075,+0000.0581158120568824,+0000.9298529929101189
+0000.0118480898277171,+0000.0000011507641489,+0000.0000184122263829,+0000.0581254321871618,+0000.9300069149945891
+0000.0116877197556820,+0000.0000011351879563,+0000.0000181630073008,+0000.0581348812970036,+0000.9301581007520574
+0000.0115301871318602,+0000.0000011198873552,+0000.0000179181976838,+0000.0581441632225354,+0000.9303066115605654
+0000.0113754286224787,+0000.0000011048561944,+0000.0000176776991097,+0000.0581532816954246,+0000.9304525071267926
+0000.0112233826098884,+0000.0000010900884889,+0000.0000174414158231,+0000.0581622403462235,+0000.9305958455395760
+0000.0110739891378786,+0000.0000010755784157,+0000.0000172092546506,+0000.0581710427075914,+0000.9307366833214633
+0000.0109271898589906,+0000.0000010613203074,+0000.0000169811249187,+0000.0581796922173990,+0000.9308750754783846
+0000.0107829279837491,+0000.0000010473086485,+0000.0000167569383752,+0000.0581881922217193,+0000.9310110755475081
+0000.0106411482317324,+0000.0000010335380696,+0000.0000165366091130,+0000.0581965459777109,+0000.9311447356433743
+0000.0105017967844065,+0000.0000010200033435,+0000.0000163200534967,+0000.0582047566563973,+0000.9312761065023559
+0000.0103648212396504,+0000.0000010066993808,+0000.0000161071900920,+0000.0582128273453457,+0000.9314052375255312
+0000.0102301705679067,+0000.0000009936212249,+0000.0000158979395979,+0000.0582207610512512,+0000.9315321768200193
+0000.0100977950698897,+0000.0000009807640488,+0000.0000156922247804,+0000.0582285607024283,+0000.9316569712388527
+0000.0099676463357897,+0000.0000009681231506,+0000.0000154899704094,+0000.0582362291512147,+0000.9317796664194354
+0000.0098396772059138,+0000.0000009556939498,+0000.0000152911031976,+0000.0582437691762905,+0000.9319003068206481
+0000.0097138417327066,+0000.0000009434719838,+0000.0000150955517413,+0000.0582511834849158,+0000.9320189357586524
+0000.0095900951440952,+0000.0000009314529040,+0000.0000149032464637,+0000.0582584747150904,+0000.9321355954414466
+0000.0094683938081074,+0000.0000009196324725,+0000.0000147141195595,+0000.0582656454376389,+0000.9322503270022218
+0000.0093486951987133,+0000.0000009080065589,+0000.0000145281049423,+0000.0582726981582227,+0000.9323631705315628
+0000.0092309578628416,+0000.0000008965711371,+0000.0000143451381930,+0000.0582796353192841,+0000.9324741651085444
+0000.0091151413885265,+0000.0000008853222819,+0000.0000141651565103,+0000.0582864593019225,+0000.9325833488307589
+0000.0090012063741402,+0000.0000008742561664,+0000.0000139880986631,+0000.0582931724277077,+0000.9326907588433223
+0000.0088891143986705,+0000.0000008633690590,+0000.0000138139049443,+0000.0582997769604310,+0000.9327964313668954
+0000.0087788279930018,+0000.0000008526573204,+0000.0000136425171259,+0000.0583062751077972,+0000.9329004017247549
+0000.0086703106121637,+0000.0000008421174010,+0000.0000134738784161,+0000.0583126690230600,+0000.9330027043689590
+0000.0085635266085081,+0000.0000008317458386,+0000.0000133079334175,+0000.0583189608066022,+0000.9331033729056337
+0000.0084584412057811,+0000.0000008215392554,+0000.0000131446280870,+0000.0583251525074634,+0000.9332024401194130
+0000.0083550204740558,+0000.0000008114943560,+0000.0000129839096967,+0000.0583312461248172,+0000.9332999379970743
+0000.0082532313054935,+0000.0000008016079248,+0000.0000128257267962,+0000.0583372436093992,+0000.9333958977503862
+0000.0081530413909026,+0000.0000007918768235,+0000.0000126700291761,+0000.0583431468648882,+0000.9334903498382094
+0000.0080544191970659,+0000.0000007822979896,+0000.0000125167678331,+0000.0583489577492419,+0000.9335833239878694
+0000.0079573339448069,+0000.0000007728684335,+0000.0000123658949355,+0000.0583546780759897,+0000.9336748492158344
+0000.0078617555877696,+0000.0000007635852369,+0000.0000122173637906,+0000.0583603096154826,+0000.9337649538477204
+0000.0077676547918834,+0000.0000007544455508,+0000.0000120711288125,+0000.0583658540961032,+0000.9338536655376501
+0000.0076750029154905,+0000.0000007454465932,+0000.0000119271454913,+0000.0583713132054368,+0000.9339410112869881
+0000.0075837719901099,+0000.0000007365856477,+0000.0000117853703634,+0000.0583766885914047,+0000.9340270174624744
+0000.0074939347018156,+0000.0000007278600614,+0000.0000116457609821,+0000.0583819818633613,+0000.9341117098137796
+0000.0074054643732076,+0000.0000007192672431,+0000.0000115082758903,+0000.0583871945931565,+0000.9341951134905028
+0000.0073183349459526,+0000.0000007108046620,+0000.0000113728745925,+0000.0583923283161643,+0000.9342772530586287
+0000.0072325209638764,+0000.0000007024698456,+0000.0000112395175292,+0000.0583973845322794,+0000.9343581525164693
+0000.0071479975565864,+0000.0000006942603782,+0000.0000111081660512,+0000.0584023647068815,+0000.9344378353101026
+0000.0070647404236063,+0000.0000006861738997,+0000.0000109787823951,+0000.0584072702717705,+0000.9345163243483282
+0000.0069827258190046,+0000.0000006782081037,+0000.0000108513296589,+0000.0584121026260725,+0000.9345936420171603
+0000.0069019305365008,+0000.0000006703607362,+0000.0000107257717797,+0000.0584168631371167,+0000.9346698101938669
+0000.0068223318950296,+0000.0000006626295944,+0000.0000106020735103,+0000.0584215531412862,+0000.9347448502605795
+0000.0067439077247513,+0000.0000006550125249,+0000.0000104802003985,+0000.0584261739448427,+0000.9348187831174826
+0000.0066666363534886,+0000.0000006475074228,+0000.0000103601187649,+0000.0584307268247249,+0000.9348916291955985
+0000.0065904965935787,+0000.0000006401122302,+0000.0000102417956836,+0000.0584352130293240,+0000.9349634084691835
+0000.0065154677291240,+0000.0000006328249351,+0000.0000101251989615,+0000.0584396337792341,+0000.9350341404677452
+0000.0064415295036286,+0000.0000006256435700,+0000.0000100102971194,+0000.0584439902679813,+0000.9351038442877005
+0000.0063686621080077,+0000.0000006185662109,+0000.0000098970593736,+0000.0584482836627299,+0000.9351725386036779
+0000.0062968461689567,+0000.0000006115909761,+0000.0000097854556175,+0000.0584525151049676,+0000.9352402416794822
+0000.0062260627376679,+0000.0000006047160253,+0000.0000096754564041,+0000.0584566857111708,+0000.9353069713787321
+0000.0061562932788834,+0000.0000005979395581,+0000.0000095670329292,+0000.0584607965734488,+0000.9353727451751804
+0000.0060875196602725,+0000.0000005912598134,+0000.0000094601570148,+0000.0584648487601706,+0000.9354375801627288
+0000.0060197241421228,+0000.0000005846750683,+0000.0000093548010928,+0000.0584688433165715,+0000.9355014930651446
+0000.0059528893673351,+0000.0000005781836369,+0000.0000092509381898,+0000.0584727812653434,+0000.9355645002454948
+0000.0058869983517106,+0000.0000005717838695,+0000.0000091485419121,+0000.0584766636072063,+0000.9356266177153012
+0000.0058220344745230,+0000.0000005654741519,+0000.0000090475864306,+0000.0584804913214644,+0000.9356878611434301
+0000.0057579814693634,+0000.0000005592529042,+0000.0000089480464669,+0000.0584842653665450,+0000.9357482458647203
+0000.0056948234152514,+0000.0000005531185800,+0000.0000088498972794,+0000.0584879866805229,+0000.9358077868883664
+0000.0056325447280020,+0000.0000005470696656,+0000.0000087531146499,+0000.0584916561816284,+0000.9358664989060541
+0000.0055711301518413,+0000.0000005411046794,+0000.0000086576748704,+0000.0584952747687417,+0000.9359243962998671
+0000.0055105647512617,+0000.0000005352221707,+0000.0000085635547310,+0000.0584988433218727,+0000.9359814931499640
+0000.0054508339031101,+0000.0000005294207192,+0000.0000084707315068,+0000.0585023627026273,+0000.9360378032420364
+0000.0053919232888999,+0000.0000005236989342,+0000.0000083791829466,+0000.0585058337546599,+0000.9360933400745592
+0000.0053338188873417,+0000.0000005180554538,+0000.0000082888872609,+0000.0585092573041143,+0000.9361481168658291
+0000.0052765069670844,+0000.0000005124889444,+0000.0000081998231109,+0000.0585126341600506,+0000.9362021465608097
+0000.0052199740796595,+0000.0000005069980998,+0000.0000081119695972,+0000.0585159651148613,+0000.9362554418377819
+0000.0051642070526238,+0000.0000005015816406,+0000.0000080253062497,+0000.0585192509446756,+0000.9363080151148104
+0000.0051091929828929,+0000.0000004962383135,+0000.0000079398130165,+0000.0585224924097516,+0000.9363598785560256
+0000.0050549192302603,+0000.0000004909668909,+0000.0000078554702545,+0000.0585256902548585,+0000.9364110440777356
+0000.0050013734110950,+0000.0000004857661700,+0000.0000077722587193,+0000.0585288452096480,+0000.9364615233543676
+0000.0049485433922139,+0000.0000004806349722,+0000.0000076901595555,+0000.0585319579890152,+0000.9365113278242432
+0000.0048964172849221,+0000.0000004755721430,+0000.0000076091542878,+0000.0585350292934498,+0000.9365604686951972
+0000.0048449834392161,+0000.0000004705765507,+0000.0000075292248119,+0000.0585380598093777,+0000.9366089569500432
+0000.0047942304381459,+0000.0000004656470866,+0000.0000074503533854,+0000.0585410502094931,+0000.9366568033518893
+0000.0047441470923293,+0000.0000004607826637,+0000.0000073725226199,+0000.0585440011530816,+0000.9367040184493055
+0000.0046947224346155,+0000.0000004559822170,+0000.0000072957154721,+0000.0585469132863350,+0000.9367506125813604
+0000.0046459457148922,+0000.0000004512447023,+0000.0000072199152361,+0000.0585497872426570,+0000.9367965958825125
+0000.0045978063950329,+0000.0000004465690960,+0000.0000071451055352,+0000.0585526236429609,+0000.9368419782873749
+0000.0045502941439786,+0000.0000004419543947,+0000.0000070712703150,+0000.0585554230959595,+0000.9368867695353524
+0000.0045033988329517,+0000.0000004373996147,+0000.0000069983938348,+0000.0585581861984470,+0000.9369309791751520
+0000.0044571105307965,+0000.0000004329037913,+0000.0000069264606616,+0000.0585609135355735,+0000.9369746165691770
+0000.0044114194994437,+0000.0000004284659789,+0000.0000068554556620,+0000.0585636056811127,+0000.9370176908978028
+0000.0043663161894941,+0000.0000004240852498,+0000.0000067853639962,+0000.0585662631977212,+0000.9370602111635389
+0000.0043217912359191,+0000.0000004197606944,+0000.0000067161711105,+0000.0585688866371927,+0000.9371021861950835
+0000.0042778354538735,+0000.0000004154914207,+0000.0000066478627315,+0000.0585714765407044,+0000.9371436246512699
+0000.0042344398346177,+0000.0000004112765537,+0000.0000065804248595,+0000.0585740334390570,+0000.9371845350249122
+0000.0041915955415464,+0000.0000004071152351,+0000.0000065138437620,+0000.0585765578529092,+0000.9372249256465471
+0000.0041492939063204,+0000.0000004030066230,+0000.0000064481059684,+0000.0585790502930052,+0000.9372648046880830
+0000.0041075264250973,+0000.0000003989498915,+0000.0000063831982634,+0000.0585815112603969,+0000.9373041801663505
+0000.0040662847548612,+0000.0000003949442301,+0000.0000063191076817,+0000.0585839412466604,+0000.9373430599465665
+0000.0040255607098449,+0000.0000003909888439,+0000.0000062558215025,+0000.0585863407341064,+0000.9373814517457024
+0000.0039853462580447,+0000.0000003870829527,+0000.0000061933272438,+0000.0585887101959858,+0000.9374193631357727
+0000.0039456335178238,+0000.0000003832257911,+0000.0000061316126574,+0000.0585910500966899,+0000.9374568015470379
+0000.0039064147546017,+0000.0000003794166077,+0000.0000060706657236,+0000.0585933608919451,+0000.9374937742711218
+0000.0038676823776279,+0000.0000003756546654,+0000.0000060104746461,+0000.0585956430290036,+0000.9375302884640571
+0000.0038294289368371,+0000.0000003719392405,+0000.0000059510278473,+0000.0585978969468280,+0000.9375663511492471
+0000.0037916471197827,+0000.0000003682696227,+0000.0000058923139636,+0000.0586001230762724,+0000.9376019692203585
+0000.0037543297486483,+0000.0000003646451150,+0000.0000058343218403,+0000.0586023218402586,+0000.9376371494441375
+0000.0037174697773333,+0000.0000003610650330,+0000.0000057770405278,+0000.0586044936539474,+0000.9376718984631585
+0000.0036810602886107,+0000.0000003575287048,+0000.0000057204592764,+0000.0586066389249064,+0000.9377062227985018
+0000.0036450944913564,+0000.0000003540354708,+0000.0000056645675326,+0000.0586087580532730,+0000.9377401288523673
+0000.0036095657178461,+0000.0000003505846834,+0000.0000056093549346,+0000.0586108514319139,+0000.9377736229106218
+0000.0035744674211196,+0000.0000003471757068,+0000.0000055548113082,+0000.0586129194465803,+0000.9378067111452850
+0000.0035397931724093,+0000.0000003438079164,+0000.0000055009266630,+0000.0586149624760595,+0000.9378393996169520
+0000.0035055366586323,+0000.0000003404806993,+0000.0000054476911883,+0000.0586169808923224,+0000.9378716942771577
+0000.0034716916799429,+0000.0000003371934531,+0000.0000053950952493,+0000.0586189750606680,+0000.9379036009706869
+0000.0034382521473453,+0000.0000003339455865,+0000.0000053431293836,+0000.0586209453398638,+0000.9379351254378208
+0000.0034052120803643,+0000.0000003307365186,+0000.0000052917842975,+0000.0586228920822835,+0000.9379662733165359
+0000.0033725656047718,+0000.0000003275656789,+0000.0000052410508621,+0000.0586248156340405,+0000.9379970501446468
+0000.0033403069503682,+0000.0000003244325069,+0000.0000051909201106,+0000.0586267163351185,+0000.9380274613618959
+0000.0033084304488177,+0000.0000003213364521,+0000.0000051413832340,+0000.0586285945194998,+0000.9380575123119963
+0000.0032769305315346,+0000.0000003182769737,+0000.0000050924315788,+0000.0586304505152890,+0000.9380872082446240
+0000.0032458017276205,+0000.0000003152535402,+0000.0000050440566430,+0000.0586322846448351,+0000.9381165543173611
+0000.0032150386618505,+0000.0000003122656296,+0000.0000049962500734,+0000.0586340972248498,+0000.9381455555975964
+0000.0031846360527071,+0000.0000003093127289,+0000.0000049490036624,+0000.0586358885665237,+0000.9381742170643781
+0000.0031545887104610,+0000.0000003063943341,+0000.0000049023093449,+0000.0586376589756389,+0000.9382025436102209
+0000.0031248915352961,+0000.0000003035099497,+0000.0000048561591958,+0000.0586394087526800,+0000.9382305400428783
+0000.0030955395154798,+0000.0000003006590892,+0000.0000048105454267,+0000.0586411381929415,+0000.9382582110870628
+0000.0030665277255752,+0000.0000002978412740,+0000.0000047654603834,+0000.0586428475866334,+0000.9382855613861341
+0000.0030378513246957,+0000.0000002950560339,+0000.0000047208965429,+0000.0586445372189840,+0000.9383125955037431
+0000.0030095055547995,+0000.0000002923029070,+0000.0000046768465112,+0000.0586462073703402,+0000.9383393179254418
+0000.0029814857390244,+0000.0000002895814388,+0000.0000046333030204,+0000.0586478583162657,+0000.9383657330602508
+0000.0029537872800607,+0000.0000002868911829,+0000.0000045902589260,+0000.0586494903276371,+0000.9383918452421931
+0000.0029264056585615,+0000.0000002842317003,+0000.0000045477072049,+0000.0586511036707373,+0000.9384176587317961
+0000.0028993364315902,+0000.0000002816025595,+0000.0000045056409527,+0000.0586526986073470,+0000.9384431777175505
+0000.0028725752311024,+0000.0000002790033363,+0000.0000044640533813,+0000.0586542753948342,+0000.9384684063173457
+0000.0028461177624640,+0000.0000002764336135,+0000.0000044229378167,+0000.0586558342862416,+0000.9384933485798643
+0000.0028199598030016,+0000.0000002738929811,+0000.0000043822876969,+0000.0586573755303718,+0000.9385180084859486
+0000.0027940972005865,+0000.0000002713810356,+0000.0000043420965692,+0000.0586588993718711,+0000.9385423899499372
+0000.0027685258722513,+0000.0000002688973805,+0000.0000043023580888,+0000.0586604060513106,+0000.9385664968209690
+0000.0027432418028363,+0000.0000002664416260,+0000.0000042630660158,+0000.0586618958052660,+0000.9385903328842560
+0000.0027182410436675,+0000.0000002640133884,+0000.0000042242142140,+0000.0586633688663959,+0000.9386139018623341
+0000.0026935197112643,+0000.0000002616122905,+0000.0000041857966484,+0000.0586648254635175,+0000.9386372074162794
+0000.0026690739860752,+0000.0000002592379615,+0000.0000041478073832,+0000.0586662658216812,+0000.9386602531468992
+0000.0026449001112421,+0000.0000002568900363,+0000.0000041102405802,+0000.0586676901622436,+0000.9386830425958976
+0000.0026209943913930,+0000.0000002545681561,+0000.0000040730904968,+0000.0586690987029385,+0000.9387055792470160
+0000.0025973531914596,+0000.0000002522719677,+0000.0000040363514839,+0000.0586704916579464,+0000.9387278665271425
+0000.0025739729355229,+0000.0000002500011240,+0000.0000040000179845,+0000.0586718692379629,+0000.9387499078074055
+0000.0025508501056830,+0000.0000002477552832,+0000.0000039640845316,+0000.0586732316502648,+0000.9387717064042375
+0000.0025279812409540,+0000.0000002455341092,+0000.0000039285457468,+0000.0586745790987759,+0000.9387932655804141
+0000.0025053629361837,+0000.0000002433372712,+0000.0000038933963384,+0000.0586759117841298,+0000.9388145885460771
+0000.0024829918409960,+0000.0000002411644437,+0000.0000038586310999,+0000.0586772299037330,+0000.9388356784597274
+0000.0024608646587570,+0000.0000002390153068,+0000.0000038242449081,+0000.0586785336518252,+0000.9388565384292031
+0000.0024389781455632,+0000.0000002368895451,+0000.0000037902327221,+0000.0586798232195394,+0000.9388771715126302
+0000.0024173291092518,+0000.0000002347868488,+0000.0000037565895810,+0000.0586810987949599,+0000.9388975807193584
+0000.0023959144084321,+0000.0000002327069127,+0000.0000037233106031,+0000.0586823605631795,+0000.9389177690108726
+0000.0023747309515381,+0000.0000002306494365,+0000.0000036903909840,+0000.0586836087063554,+0000.9389377393016858
+0000.0023537756959013,+0000.0000002286141247,+0000.0000036578259954,+0000.0586848434037635,+0000.9389574944602154
+0000.0023330456468430,+0000.0000002266006865,+0000.0000036256109834,+0000.0586860648318522,+0000.9389770373096352
+0000.0023125378567866,+0000.0000002246088355,+0000.0000035937413674,+0000.0586872731642947,+0000.9389963706287158
+0000.0022922494243884,+0000.0000002226382899,+0000.0000035622126386,+0000.0586884685720402,+0000.9390154971526431
+0000.0022721774936866,+0000.0000002206887724,+0000.0000035310203589,+0000.0586896512233636,+0000.9390344195738185
+0000.0022523192532692,+0000.0000002187600100,+0000.0000035001601592,+0000.0586908212839154,+0000.9390531405426461
+0000.0022326719354581,+0000.0000002168517337,+0000.0000034696277385,+0000.0586919789167688,+0000.9390716626683013
+0000.0022132328155118,+0000.0000002149636789,+0000.0000034394188624,+0000.0586931242824674,+0000.9390899885194791
+0000.0021939992108440,+0000.0000002130955851,+0000.0000034095293622,+0000.0586942575390711,+0000.9391081206251375
+0000.0021749684802583,+0000.0000002112471958,+0000.0000033799551334,+0000.0586953788422007,+0000.9391260614752116
+0000.0021561380231998,+0000.0000002094182584,+0000.0000033506921346,+0000.0586964883450828,+0000.9391438135213246
+0000.0021375052790214,+0000.0000002076085242,+0000.0000033217363866,+0000.0586975861985922,+0000.9391613791774756
+0000.0021190677262659,+0000.0000002058177482,+0000.0000032930839708,+0000.0586986725512950,+0000.9391787608207199
+0000.0021008228819624,+0000.0000002040456893,+0000.0000032647310288,+0000.0586997475494894,+0000.9391959607918302
+0000.0020827683009380,+0000.0000002022921100,+0000.0000032366737607,+0000.0587008113372466,+0000.9392129813959448
+0000.0020649015751428,+0000.0000002005567765,+0000.0000032089084243,+0000.0587018640564504,+0000.9392298249032061
+0000.0020472203329891,+0000.0000001988394584,+0000.0000031814313341,+0000.0587029058468364,+0000.9392464935493821
