+0001.0000000000000000,+0000.0000000000000000,+0000.0000000000000000,+0000.0000000000000000,+0000.0000000000000000
+0000.8461409557269935,+0000.0000000000000000,+0000.0000000000000000,+0000.0090411426437186,+0000.1448179016292880
+0000.5639038479044833,+0000.0000000000000000,+0000.0000000000000000,+0000.0260525190370614,+0000.4100436330584551
+0000.3542682582125089,+0000.0000000000000000,+0000.0000000000000000,+0000.0396567986718944,+0000.6060749431155965
+0000.2302258103236555,+0000.0000000000000000,+0000.0000000000000000,+0000.0491513413592580,+0000.7206228483170866
+0000.1585084511884021,+0000.0000000000000000,+0000.0000000000000000,+0000.0565121250070074,+0000.7849794238045903
+0000.1156285147148705,+0000.0000000000000000,+0000.0000000000000000,+0000.0632101047685206,+0000.8211613805166088
+0000.0888758513712943,+0000.0000000000000000,+0000.0000000000000000,+0000.0701564931179147,+0000.8409676555107911
+0000.0715546830176637,+0000.0000000000000000,+0000.0000000000000000,+0000.0779823994819258,+0000.8504629175004105
+0000.0600350131569154,+0000.0000000000000000,+0000.0000000000000000,+0000.0872186782522150,+0000.8527463085908695
+0000.0522646085240356,+0000.0000000000000000,+0000.0000000000000000,+0000.0983914029866034,+0000.8493439884893610
+0000.0470290461507621,+0000.0000000000000000,+0000.0000000000000000,+0000.1120641172382903,+0000.8409068366109476
+0000.0435684916340669,+0000.0000000000000000,+0000.0000000000000000,+0000.1288284994014537,+0000.8276030089644792
+0000.0413625447262012,+0000.0000000000000000,+0000.0000000000000000,+0000.1492123418039082,+0000.8094251134698904
+0000.0399923768494310,+0000.0000000000000000,+0000.0000000000000000,+0000.1734379344217125,+0000.7865696887288565
+0000.0390396770174559,+0000.0000000000000000,+0000.0000000000000000,+0000.2009472608001302,+0000.7600130621824139
+0000.0380213381055533,+0000.0000000000000000,+0000.0000000000000000,+0000.2297039379084067,+0000.7322747239860402
+0000.0364030128800978,+0000.0000000000000000,+0000.0000000000000000,+0000.2556479664456761,+0000.7079490206742258
+0000.0337510712409834,+0000.0000000000000000,+0000.0000000000000000,+0000.2732450687963038,+0000.6930038599627126
+0000.0299809352511510,+0000.0000000000000000,+0000.0000000000000000,+0000.2778678497254920,+0000.6921512150233573
+0000.0254704914537051,+0000.0000000000000000,+0000.0000000000000000,+0000.2687151085876668,+0000.7058143999586280
+0000.0208540745325178,+0000.0000000000000000,+0000.0000000000000000,+0000.2493494306663423,+0000.7297964948011396
+0000.0166738192925172,+0000.0000000000000000,+0000.0000000000000000,+0000.2252648414668002,+0000.7580613392406829
+0000.0131977698887485,+0000.0000000000000000,+0000.0000000000000000,+0000.2011245594438844,+0000.7856776706673674
+0000.0104554203668470,+0000.0000000000000000,+0000.0000000000000000,+0000.1796675418043180,+0000.8098770378288349
+0000.0083515202918032,+0000.0000000000000000,+0000.0000000000000000,+0000.1619942146167212,+0000.8296542650914753
+0000.0067550293833543,+0000.0000000000000000,+0000.0000000000000000,+0000.1482412463635350,+0000.8450037242531105
+0000.0055433749671562,+0000.0000000000000000,+0000.0000000000000000,+0000.1381138999161484,+0000.8563427251166955
+0000.0046169046250473,+0000.0000000000000000,+0000.0000000000000000,+0000.1311856544740792,+0000.8641974409008734
+0000.0038995143074577,+0000.0000000000000000,+0000.0000000000000000,+0000.1270306166846537,+0000.8690698690078884
+0000.0033346362153951,+0000.0000000000000000,+0000.0000000000000000,+0000.1252623472454318,+0000.8714030165391731
+0000.0028806050083754,+0000.0000000000000000,+0000.0000000000000000,+0000.1255265887696040,+0000.8715928062220208
+0000.0025067867085101,+0000.0000000000000000,+0000.0000000000000000,+0000.1274742783861529,+0000.8700189349053371
+0000.0021907515748757,+0000.0000000000000000,+0000.0000000000000000,+0000.1307308537602059,+0000.8670783946649184
+0000.0019163679473448,+0000.0000000000000000,+0000.0000000000000000,+0000.1348748777329632,+0000.8632087543196921
+0000.0016725534735904,+0000.0000000000000000,+0000.0000000000000000,+0000.1394382602936497,+0000.8588891862327600
+0000.0014523737546903,+0000.0000000000000000,+0000.0000000000000000,+0000.1439363799933288,+0000.8546112462519809
+0000.0012522010069152,+0000.0000000000000000,+0000.0000000000000000,+0000.1479257303676645,+0000.8508220686254203
+0000.0010707592760302,+0000.0000000000000000,+0000.0000000000000000,+0000.1510718621244155,+0000.8478573785995542
+0000.0009080690838252,+0000.0000000000000000,+0000.0000000000000000,+0000.1532008239028539,+0000.8458911070133206
+0000.0007644669736352,+0000.0000000000000000,+0000.0000000000000000,+0000.1543122867599891,+0000.8449232462663759
+0000.0006399081654062,+0000.0000000000000000,+0000.0000000000000000,+0000.1545507181213636,+0000.8448093737132302
+0000.0005336531671804,+0000.0000000000000000,+0000.0000000000000000,+0000.1541497424402449,+0000.8453166043925745
+0000.0004442878472381,+0000.0000000000000000,+0000.0000000000000000,+0000.1533721394880067,+0000.8461835726647552
+0000.0003699355071718,+0000.0000000000000000,+0000.0000000000000000,+0000.1524625379511782,+0000.8471675265416498
+0000.0003085183547401,+0000.0000000000000000,+0000.0000000000000000,+0000.1516192012301664,+0000.8480722804150935
+0000.0002579776884619,+0000.0000000000000000,+0000.0000000000000000,+0000.1509828451148929,+0000.8487591771966450
+0000.0002164191599394,+0000.0000000000000000,+0000.0000000000000000,+0000.1506368515383914,+0000.8491467293016689
+0000.0001821866927057,+0000.0000000000000000,+0000.0000000000000000,+0000.1506134184723556,+0000.8492043948349389
+0000.0001538840022047,+0000.0000000000000000,+0000.0000000000000000,+0000.1509019703185695,+0000.8489441456792257
+0000.0001303640615412,+0000.0000000000000000,+0000.0000000000000000,+0000.1514580260066816,+0000.8484116099317772
+0000.0001107023271721,+0000.0000000000000000,+0000.0000000000000000,+0000.1522120314909543,+0000.8476772661818734
+0000.0000941639810053,+0000.0000000000000000,+0000.0000000000000000,+0000.1530782984222669,+0000.8468275375967277
+0000.0000801709428355,+0000.0000000000000000,+0000.0000000000000000,+0000.1539642627274584,+0000.8459555663297061
+0000.0000682714222670,+0000.0000000000000000,+0000.0000000000000000,+0000.1547799668353270,+0000.8451517617424058
+0000.0000581130911548,+0000.0000000000000000,+0000.0000000000000000,+0000.1554471915167283,+0000.8444946953921167
+0000.0000494201580890,+0000.0000000000000000,+0000.0000000000000000,+0000.1559072530916408,+0000.8440433267502704
+0000.0000419743259428,+0000.0000000000000000,+0000.0000000000000000,+0000.1561263509178371,+0000.8438316747562200
+0000.0000355995135645,+0000.0000000000000000,+0000.0000000000000000,+0000.1560976083958916,+0000.8438667920905440
+0000.0000301501410485,+0000.0000000000000000,+0000.0000000000000000,+0000.1558395433849716,+0000.8441303064739798
+0000.0000255026486019,+0000.0000000000000000,+0000.0000000000000000,+0000.1553914236168668,+0000.8445830737345315
+0000.0000215497641404,+0000.0000000000000000,+0000.0000000000000000,+0000.1548065478732509,+0000.8451719023626086
+0000.0000181969151877,+0000.0000000000000000,+0000.0000000000000000,+0000.1541447571203530,+0000.8458370459644597
+0000.0000153601453571,+0000.0000000000000000,+0000.0000000000000000,+0000.1534653864405887,+0000.8465192534140542
+0000.0000129649544058,+0000.0000000000000000,+0000.0000000000000000,+0000.1528215224897668,+0000.8471655125558274
+0000.0000109456066327,+0000.0000000000000000,+0000.0000000000000000,+0000.1522559971277395,+0000.8477330572656279
+0000.0000092446023531,+0000.0000000000000000,+0000.0000000000000000,+0000.1517991676320700,+0000.8481915877655769
+0000.0000078121438206,+0000.0000000000000000,+0000.0000000000000000,+0000.1514682813310130,+0000.8485239065251664
+0000.0000066055292909,+0000.0000000000000000,+0000.0000000000000000,+0000.1512681037385319,+0000.8487252907321773
+0000.0000055884725274,+0000.0000000000000000,+0000.0000000000000000,+0000.1511924692125566,+0000.8488019423149159
+0000.0000047303762149,+0000.0000000000000000,+0000.0000000000000000,+0000.1512264450973983,+0000.8487688245263869
+0000.0000040055967920,+0000.0000000000000000,+0000.0000000000000000,+0000.1513488461281297,+0000.8486471482750781
+0000.0000033927348687,+0000.0000000000000000,+0000.0000000000000000,+0000.1515348742194405,+0000.8484617330456908
+0000.0000028739768246,+0000.0000000000000000,+0000.0000000000000000,+0000.1517586845344013,+0000.8482384414887743
+0000.0000024345036792,+0000.0000000000000000,+0000.0000000000000000,+0000.1519956979430130,+0000.8480018675533076
+0000.0000020619749594,+0000.0000000000000000,+0000.0000000000000000,+0000.1522245031166906,+0000.8477734349083499
+0000.0000017460887708,+0000.0000000000000000,+0000.0000000000000000,+0000.1524282273911587,+0000.8475700265200705
+0000.0000014782145925,+0000.0000000000000000,+0000.0000000000000000,+0000.1525953071613367,+0000.8474032146240709
+0000.0000012510922098,+0000.0000000000000000,+0000.0000000000000000,+0000.1527196517569611,+0000.8472790971508291
+0000.0000010585884032,+0000.0000000000000000,+0000.0000000000000000,+0000.1528002596964839,+0000.8471986817151127
+0000.0000008955022686,+0000.0000000000000000,+0000.0000000000000000,+0000.1528404011839546,+0000.8471587033137767
+0000.0000007574101484,+0000.0000000000000000,+0000.0000000000000000,+0000.1528465160925741,+0000.8471527264972776
+0000.0000006405418787,+0000.0000000000000000,+0000.0000000000000000,+0000.1528269878985195,+0000.8471723715596020
+0000.0000005416811940,+0000.0000000000000000,+0000.0000000000000000,+0000.1527909423190215,+0000.8472085159997842
+0000.0000004580844542,+0000.0000000000000000,+0000.0000000000000000,+0000.1527471905330019,+0000.8472523513825440
+0000.0000003874131778,+0000.0000000000000000,+0000.0000000000000000,+0000.1527033987201086,+0000.8472962138667135
+0000.0000003276770603,+0000.0000000000000000,+0000.0000000000000000,+0000.1526655258686117,+0000.8473341464543280
+0000.0000002771851265,+0000.0000000000000000,+0000.0000000000000000,+0000.1526375361035866,+0000.8473621867112872
+0000.0000002345034114,+0000.0000000000000000,+0000.0000000000000000,+0000.1526213634410988,+0000.8473784020554901
+0000.0000001984180803,+0000.0000000000000000,+0000.0000000000000000,+0000.1526170869699295,+0000.8473827146119904
+0000.0000001679032413,+0000.0000000000000000,+0000.0000000000000000,+0000.1526232626272380,+0000.8473765694695208
+0000.0000001420929063,+0000.0000000000000000,+0000.0000000000000000,+0000.1526373528894915,+0000.8473625050176020
+0000.0000001202566703,+0000.0000000000000000,+0000.0000000000000000,+0000.1526561966013572,+0000.8473436831419723
+0000.0000001017787359,+0000.0000000000000000,+0000.0000000000000000,+0000.1526764666584280,+0000.8473234315628361
+0000.0000000861399378,+0000.0000000000000000,+0000.0000000000000000,+0000.1526950722987216,+0000.8473048415613408
+0000.0000000729024357,+0000.0000000000000000,+0000.0000000000000000,+0000.1527094743076975,+0000.8472904527898668
+0000.0000000616967575,+0000.0000000000000000,+0000.0000000000000000,+0000.1527178943802950,+0000.8472820439229476
+0000.0000000522108859,+0000.0000000000000000,+0000.0000000000000000,+0000.1527194129848843,+0000.8472805348042298
+0000.0000000441811046,+0000.0000000000000000,+0000.0000000000000000,+0000.1527139620908594,+0000.8472859937280363
+0000.0000000373843389,+0000.0000000000000000,+0000.0000000000000000,+0000.1527022289418421,+0000.8472977336738188
+0000.0000000316317575,+0000.0000000000000000,+0000.0000000000000000,+0000.1526854938724047,+0000.8473144744958376
+0000.0000000267634247,+0000.0000000000000000,+0000.0000000000000000,+0000.1526654285956533,+0000.8473345446409219
+0000.0000000226438273,+0000.0000000000000000,+0000.0000000000000000,+0000.1526438815097742,+0000.8473560958463986
+0000.0000000191581234,+0000.0000000000000000,+0000.0000000000000000,+0000.1526226738632699,+0000.8473773069786066
+0000.0000000162089885,+0000.0000000000000000,+0000.0000000000000000,+0000.1526034258357207,+0000.8473965579552910
+0000.0000000137139550,+0000.0000000000000000,+0000.0000000000000000,+0000.1525874256078338,+0000.8474125606782112
+0000.0000000116031627,+0000.0000000000000000,+0000.0000000000000000,+0000.1525755481614810,+0000.8474244402353563
+0000.0000000098174505,+0000.0000000000000000,+0000.0000000000000000,+0000.1525682245877647,+0000.8474317655947849
+0000.0000000083067356,+0000.0000000000000000,+0000.0000000000000000,+0000.1525654576221833,+0000.8474345340710812
+0000.0000000070286351,+0000.0000000000000000,+0000.0000000000000000,+0000.1525668753028948,+0000.8474331176684696
+0000.0000000059472927,+0000.0000000000000000,+0000.0000000000000000,+0000.1525718122080970,+0000.8474281818446104
+0000.0000000050323811,+0000.0000000000000000,+0000.0000000000000000,+0000.1525794066652150,+0000.8474205883024040
+0000.0000000042582534,+0000.0000000000000000,+0000.0000000000000000,+0000.1525887025132453,+0000.8474112932285011
+0000.0000000036032225,+0000.0000000000000000,+0000.0000000000000000,+0000.1525987452303386,+0000.8474012511664387
+0000.0000000030489497,+0000.0000000000000000,+0000.0000000000000000,+0000.1526086642458705,+0000.8473913327051799
+0000.0000000025799267,+0000.0000000000000000,+0000.0000000000000000,+0000.1526177357450359,+0000.8473822616750373
+0000.0000000021830377,+0000.0000000000000000,+0000.0000000000000000,+0000.1526254229459925,+0000.8473745748709698
+0000.0000000018471882,+0000.0000000000000000,+0000.0000000000000000,+0000.1526313934072969,+0000.8473686047455152
+0000.0000000015629926,+0000.0000000000000000,+0000.0000000000000000,+0000.1526355151727786,+0000.8473644832642288
+0000.0000000013225096,+0000.0000000000000000,+0000.0000000000000000,+0000.1526378353093241,+0000.8473621633681662
+0000.0000000011190190,+0000.0000000000000000,+0000.0000000000000000,+0000.1526385455397221,+0000.8473614533412590
+0000.0000000009468336,+0000.0000000000000000,+0000.0000000000000000,+0000.1526379401914805,+0000.8473620588616863
+0000.0000000008011399,+0000.0000000000000000,+0000.0000000000000000,+0000.1526363716148836,+0000.8473636275839765
+0000.0000000006778641,+0000.0000000000000000,+0000.0000000000000000,+0000.1526342076649743,+0000.8473657916571616
+0000.0000000005735578,+0000.0000000000000000,+0000.0000000000000000,+0000.1526317949237924,+0000.8473682045026496
+0000.0000000004853029,+0000.0000000000000000,+0000.0000000000000000,+0000.1526294302082080,+0000.8473705693064891
+0000.0000000004106296,+0000.0000000000000000,+0000.0000000000000000,+0000.1526273417099562,+0000.8473726578794141
+0000.0000000003474477,+0000.0000000000000000,+0000.0000000000000000,+0000.1526256799759880,+0000.8473743196765642
+0000.0000000002939887,+0000.0000000000000000,+0000.0000000000000000,+0000.1526245179599242,+0000.8473754817460871
+0000.0000000002487560,+0000.0000000000000000,+0000.0000000000000000,+0000.1526238586278665,+0000.8473761411233777
+0000.0000000002104835,+0000.0000000000000000,+0000.0000000000000000,+0000.1526236481192635,+0000.8473763516702532
+0000.0000000001781000,+0000.0000000000000000,+0000.0000000000000000,+0000.1526237922501471,+0000.8473762075717528
+0000.0000000001506989,+0000.0000000000000000,+0000.0000000000000000,+0000.1526241741797599,+0000.8473758256695414
+0000.0000000001275137,+0000.0000000000000000,+0000.0000000000000000,+0000.1526246713003856,+0000.8473753285721004
+0000.0000000001078955,+0000.0000000000000000,+0000.0000000000000000,+0000.1526251697991521,+0000.8473748300929527
+0000.0000000000912955,+0000.0000000000000000,+0000.0000000000000000,+0000.1526255758189190,+0000.8473744240897856
+0000.0000000000772493,+0000.0000000000000000,+0000.0000000000000000,+0000.1526258226530485,+0000.8473741772697019
+0000.0000000000653641,+0000.0000000000000000,+0000.0000000000000000,+0000.1526258738920618,+0000.8473741260425738
+0000.0000000000553074,+0000.0000000000000000,+0000.0000000000000000,+0000.1526257228556139,+0000.8473742770890784
+0000.0000000000467978,+0000.0000000000000000,+0000.0000000000000000,+0000.1526253889606891,+0000.8473746109925131
+0000.0000000000395975,+0000.0000000000000000,+0000.0000000000000000,+0000.1526249118804242,+0000.8473750880799783
+0000.0000000000335050,+0000.0000000000000000,+0000.0000000000000000,+0000.1526243444351300,+0000.8473756555313648
+0000.0000000000283499,+0000.0000000000000000,+0000.0000000000000000,+0000.1526237451373557,+0000.8473762548342944
+0000.0000000000239879,+0000.0000000000000000,+0000.0000000000000000,+0000.1526231712047884,+0000.8473768287712236
+0000.0000000000202971,+0000.0000000000000000,+0000.0000000000000000,+0000.1526226726827826,+0000.8473773272969203
+0000.0000000000171741,+0000.0000000000000000,+0000.0000000000000000,+0000.1526222881092927,+0000.8473777118735333
+0000.0000000000145317,+0000.0000000000000000,+0000.0000000000000000,+0000.1526220419352858,+0000.8473779580501826
+0000.0000000000122958,+0000.0000000000000000,+0000.0000000000000000,+0000.1526219437066422,+0000.8473780562810619
+0000.0000000000104040,+0000.0000000000000000,+0000.0000000000000000,+0000.1526219888375043,+0000.8473780111520917
+0000.0000000000088033,+0000.0000000000000000,+0000.0000000000000000,+0000.1526221606725351,+0000.8473778393186613
+0000.0000000000074488,+0000.0000000000000000,+0000.0000000000000000,+0000.1526224334528883,+0000.8473775665396626
+0000.0000000000063027,+0000.0000000000000000,+0000.0000000000000000,+0000.1526227757683459,+0000.8473772242253514
+0000.0000000000053330,+0000.0000000000000000,+0000.0000000000000000,+0000.1526231540915499,+0000.8473768459031170
+0000.0000000000045125,+0000.0000000000000000,+0000.0000000000000000,+0000.1526235360412476,+0000.8473764639542398
+0000.0000000000038182,+0000.0000000000000000,+0000.0000000000000000,+0000.1526238930993395,+0000.8473761068968422
+0000.0000000000032307,+0000.0000000000000000,+0000.0000000000000000,+0000.1526242025996039,+0000.8473757973971656
+0000.0000000000027337,+0000.0000000000000000,+0000.0000000000000000,+0000.1526244489028973,+0000.8473755510943688
+0000.0000000000023131,+0000.0000000000000000,+0000.0000000000000000,+0000.1526246237643939,+0000.8473753762332931
+0000.0000000000019572,+0000.0000000000000000,+0000.0000000000000000,+0000.1526247259751048,+0000.8473752740229379
+0000.0000000000016561,+0000.0000000000000000,+0000.0000000000000000,+0000.1526247604172048,+0000.8473752395811394
+0000.0000000000014013,+0000.0000000000000000,+0000.0000000000000000,+0000.1526247367079197,+0000.8473752632906789
+0000.0000000000011857,+0000.0000000000000000,+0000.0000000000000000,+0000.1526246676198416,+0000.8473753323789727
+0000.0000000000010032,+0000.0000000000000000,+0000.0000000000000000,+0000.1526245674585814,+0000.8473754325404154
+0000.0000000000008489,+0000.0000000000000000,+0000.0000000000000000,+0000.1526244505553947,+0000.8473755494437566
+0000.0000000000007183,+0000.0000000000000000,+0000.0000000000000000,+0000.1526243299975226,+0000.8473756700017588
+0000.0000000000006078,+0000.0000000000000000,+0000.0000000000000000,+0000.1526242166776542,+0000.8473757833217380
+0000.0000000000005142,+0000.0000000000000000,+0000.0000000000000000,+0000.1526241187010853,+0000.8473758812984004
+0000.0000000000004351,+0000.0000000000000000,+0000.0000000000000000,+0000.1526240411492141,+0000.8473759588503507
+0000.0000000000003682,+0000.0000000000000000,+0000.0000000000000000,+0000.1526239861643532,+0000.8473760138352785
+0000.0000000000003115,+0000.0000000000000000,+0000.0000000000000000,+0000.1526239532957653,+0000.8473760467039230
+0000.0000000000002636,+0000.0000000000000000,+0000.0000000000000000,+0000.1526239400314089,+0000.8473760599683274
+0000.0000000000002230,+0000.0000000000000000,+0000.0000000000000000,+0000.1526239424341270,+0000.8473760575656500
+0000.0000000000001887,+0000.0000000000000000,+0000.0000000000000000,+0000.1526239558039791,+0000.8473760441958321
+0000.0000000000001597,+0000.0000000000000000,+0000.0000000000000000,+0000.1526239752984560,+0000.8473760247013845
+0000.0000000000001351,+0000.0000000000000000,+0000.0000000000000000,+0000.1526239964573717,+0000.8473760035424933
+0000.0000000000001143,+0000.0000000000000000,+0000.0000000000000000,+0000.1526240155970496,+0000.8473759844028360
+0000.0000000000000967,+0000.0000000000000000,+0000.0000000000000000,+0000.1526240300568555,+0000.8473759699430480
+0000.0000000000000819,+0000.0000000000000000,+0000.0000000000000000,+0000.1526240382982961,+0000.8473759617016219
+0000.0000000000000693,+0000.0000000000000000,+0000.0000000000000000,+0000.1526240398713241,+0000.8473759601286067
+0000.0000000000000586,+0000.0000000000000000,+0000.0000000000000000,+0000.1526240352732013,+0000.8473759647267400
+0000.0000000000000496,+0000.0000000000000000,+0000.0000000000000000,+0000.1526240257318083,+0000.8473759742681423
+0000.0000000000000420,+0000.0000000000000000,+0000.0000000000000000,+0000.1526240129476545,+0000.8473759870523033
+0000.0000000000000355,+0000.0000000000000000,+0000.0000000000000000,+0000.1526239988274838,+0000.8473760011724805
+0000.0000000000000300,+0000.0000000000000000,+0000.0000000000000000,+0000.1526239852379747,+0000.8473760147619949
+0000.0000000000000254,+0000.0000000000000000,+0000.0000000000000000,+0000.1526239738015263,+0000.8473760261984484
+0000.0000000000000215,+0000.0000000000000000,+0000.0000000000000000,+0000.1526239657484614,+0000.8473760342515168
+0000.0000000000000182,+0000.0000000000000000,+0000.0000000000000000,+0000.1526239618320960,+0000.8473760381678859
+0000.0000000000000154,+0000.0000000000000000,+0000.0000000000000000,+0000.1526239623058303,+0000.8473760376941544
+0000.0000000000000130,+0000.0000000000000000,+0000.0000000000000000,+0000.1526239669553395,+0000.8473760330446476
+0000.0000000000000110,+0000.0000000000000000,+0000.0000000000000000,+0000.1526239751744818,+0000.8473760248255073
+0000.0000000000000093,+0000.0000000000000000,+0000.0000000000000000,+0000.1526239860708966,+0000.8473760139290941
+0000.0000000000000079,+0000.0000000000000000,+0000.0000000000000000,+0000.1526239985864101,+0000.8473760014135823
+0000.0000000000000067,+0000.0000000000000000,+0000.0000000000000000,+0000.1526240116181116,+0000.8473759883818817
+0000.0000000000000057,+0000.0000000000000000,+0000.0000000000000000,+0000.1526240241279904,+0000.8473759758720036
+0000.0000000000000048,+0000.0000000000000000,+0000.0000000000000000,+0000.1526240352319386,+0000.8473759647680565
+0000.0000000000000040,+0000.0000000000000000,+0000.0000000000000000,+0000.1526240442623062,+0000.8473759557376900
+0000.0000000000000034,+0000.0000000000000000,+0000.0000000000000000,+0000.1526240508016372,+0000.8473759491983592
+0000.0000000000000029,+0000.0000000000000000,+0000.0000000000000000,+0000.1526240546883798,+0000.8473759453116173
+0000.0000000000000025,+0000.0000000000000000,+0000.0000000000000000,+0000.1526240559979687,+0000.8473759440020290
+0000.0000000000000021,+0000.0000000000000000,+0000.0000000000000000,+0000.1526240550045745,+0000.8473759449954232
+0000.0000000000000018,+0000.0000000000000000,+0000.0000000000000000,+0000.1526240521299022,+0000.8473759478700960
+0000.0000000000000015,+0000.0000000000000000,+0000.0000000000000000,+0000.1526240478857323,+0000.8473759521142664
+0000.0000000000000013,+0000.0000000000000000,+0000.0000000000000000,+0000.1526240428165151,+0000.8473759571834837
+0000.0000000000000011,+0000.0000000000000000,+0000.0000000000000000,+0000.1526240374473904,+0000.8473759625526085
+0000.0000000000000009,+0000.0000000000000000,+0000.0000000000000000,+0000.1526240322416868,+0000.8473759677583125
+0000.0000000000000008,+0000.0000000000000000,+0000.0000000000000000,+0000.1526240275704545,+0000.8473759724295449
+0000.0000000000000006,+0000.0000000000000000,+0000.0000000000000000,+0000.1526240236950503,+0000.8473759763049490
+0000.0000000000000005,+0000.0000000000000000,+0000.0000000000000000,+0000.1526240207624083,+0000.8473759792375913
+0000.0000000000000005,+0000.0000000000000000,+0000.0000000000000000,+0000.1526240188114770,+0000.8473759811885226
+0000.0000000000000004,+0000.0000000000000000,+0000.0000000000000000,+0000.1526240177884814,+0000.8473759822115180
+0000.0000000000000003,+0000.0000000000000000,+0000.0000000000000000,+0000.1526240175681912,+0000.8473759824318088
+0000.0000000000000003,+0000.0000000000000000,+0000.0000000000000000,+0000.1526240179782430,+0000.8473759820217569
+0000.0000000000000002,+0000.0000000000000000,+0000.0000000000000000,+0000.1526240188237398,+0000.8473759811762601
+0000.0000000000000002,+0000.0000000000000000,+0000.0000000000000000,+0000.1526240199097559,+0000.8473759800902441
+0000.0000000000000002,+0000.0000000000000000,+0000.0000000000000000,+0000.1526240210599548,+0000.8473759789400450
+0000.0000000000000001,+0000.0000000000000000,+0000.0000000000000000,+0000.1526240221301841,+0000.8473759778698159
+0000.0000000000000001,+0000.0000000000000000,+0000.0000000000000000,+0000.1526240230165723,+0000.8473759769834276
+0000.0000000000000001,+0000.0000000000000000,+0000.0000000000000000,+0000.1526240236582623,+0000.8473759763417374
+0000.0000000000000001,+0000.0000000000000000,+0000.0000000000000000,+0000.1526240240354096,+0000.8473759759645902
+0000.0000000000000001,+0000.0000000000000000,+0000.0000000000000000,+0000.1526240241634324,+0000.8473759758365675
+0000.0000000000000001,+0000.0000000000000000,+0000.0000000000000000,+0000.1526240240847062,+0000.8473759759152940
+0000.0000000000000001,+0000.0000000000000000,+0000.0000000000000000,+0000.1526240238589523,+0000.8473759761410478
+0000.0000000000000000,+0000.0000000000000000,+0000.0000000000000000,+0000.1526240235534964,+0000.8473759764465036
+0000.0000000000000000,+0000.0000000000000000,+0000.0000000000000000,+0000.1526240232343947,+0000.8473759767656054
+0000.0000000000000000,+0000.0000000000000000,+0000.0000000000000000,+0000.1526240229591812,+0000.8473759770408187
+0000.0000000000000000,+0000.0000000000000000,+0000.0000000000000000,+0000.1526240227717068,+0000.8473759772282931
+0000.0000000000000000,+0000.0000000000000000,+0000.0000000000000000,+0000.1526240226992567,+0000.8473759773007433
+0000.0000000000000000,+0000.0000000000000000,+0000.0000000000000000,+0000.1526240227518784,+0000.8473759772481217
+0000.0000000000000000,+0000.0000000000000000,+0000.0000000000000000,+0000.1526240229236403,+0000.8473759770763596
+0000.0000000000000000,+0000.0000000000000000,+0000.0000000000000000,+0000.1526240231953926,+0000.8473759768046074
+0000.0000000000000000,+0000.0000000000000000,+0000.0000000000000000,+0000.1526240235385180,+0000.8473759764614823
+0000.0000000000000000,+0000.0000000000000000,+0000.0000000000000000,+0000.1526240239191403,+0000.8473759760808598
+0000.0000000000000000,+0000.0000000000000000,+0000.0000000000000000,+0000.1526240243022950,+0000.8473759756977053
+0000.0000000000000000,+0000.0000000000000000,+0000.0000000000000000,+0000.1526240246556425,+0000.8473759753443573
+0000.0000000000000000,+0000.0000000000000000,+0000.0000000000000000,+0000.1526240249524192,+0000.8473759750475809
+0000.0000000000000000,+0000.0000000000000000,+0000.0000000000000000,+0000.1526240251734357,+0000.8473759748265645
+0000.0000000000000000,+0000.0000000000000000,+0000.0000000000000000,+0000.1526240253080626,+0000.8473759746919377
+0000.0000000000000000,+0000.0000000000000000,+0000.0000000000000000,+0000.1526240253542459,+0000.8473759746457541
+0000.0000000000000000,+0000.0000000000000000,+0000.0000000000000000,+0000.1526240253176897,+0000.8473759746823104
+0000.0000000000000000,+0000.0000000000000000,+0000.0000000000000000,+0000.1526240252104024,+0000.8473759747895977
+0000.0000000000000000,+0000.0000000000000000,+0000.0000000000000000,+0000.1526240250488359,+0000.8473759749511640
+0000.0000000000000000,+0000.0000000000000000,+0000.0000000000000000,+0000.1526240248518570,+0000.8473759751481430
+0000.0000000000000000,+0000.0000000000000000,+0000.0000000000000000,+0000.1526240246387665,+0000.8473759753612337
+0000.0000000000000000,+0000.0000000000000000,+0000.0000000000000000,+0000.1526240244275501,+0000.8473759755724499
+0000.0000000000000000,+0000.0000000000000000,+0000.0000000000000000,+0000.1526240242334935,+0000.8473759757665066
+0000.0000000000000000,+0000.0000000000000000,+0000.0000000000000000,+0000.1526240240682391,+0000.8473759759317612
+0000.0000000000000000,+0000.0000000000000000,+0000.0000000000000000,+0000.1526240239393105,+0000.8473759760606896
+0000.0000000000000000,+0000.0000000000000000,+0000.0000000000000000,+0000.1526240238500799,+0000.8473759761499203
+0000.0000000000000000,+0000.0000000000000000,+0000.0000000000000000,+0000.1526240238001158,+0000.8473759761998843
+0000.0000000000000000,+0000.0000000000000000,+0000.0000000000000000,+0000.1526240237858229,+0000.8473759762141773
+0000.0000000000000000,+0000.0000000000000000,+0000.0000000000000000,+0000.1526240238012693,+0000.8473759761987307
+0000.0000000000000000,+0000.0000000000000000,+0000.0000000000000000,+0000.1526240238390955,+0000.8473759761609045
+0000.0000000000000000,+0000.0000000000000000,+0000.0000000000000000,+0000.1526240238914087,+0000.8473759761085916
+0000.0000000000000000,+0000.0000000000000000,+0000.0000000000000000,+0000.1526240239505800,+0000.8473759760494201
+0000.0000000000000000,+0000.0000000000000000,+0000.0000000000000000,+0000.1526240240098864,+0000.8473759759901136
+0000.0000000000000000,+0000.0000000000000000,+0000.0000000000000000,+0000.1526240240639611,+0000.8473759759360389
+0000.0000000000000000,+0000.0000000000000000,+0000.0000000000000000,+0000.1526240241090416,+0000.8473759758909586
+0000.0000000000000000,+0000.0000000000000000,+0000.0000000000000000,+0000.1526240241430238,+0000.8473759758569762
+0000.0000000000000000,+0000.0000000000000000,+0000.0000000000000000,+0000.1526240241653509,+0000.8473759758346493
+0000.0000000000000000,+0000.0000000000000000,+0000.0000000000000000,+0000.1526240241767712,+0000.8473759758232289
+0000.0000000000000000,+0000.0000000000000000,+0000.0000000000000000,+0000.1526240241790141,+0000.8473759758209862
+0000.0000000000000000,+0000.0000000000000000,+0000.0000000000000000,+0000.1526240241744259,+0000.8473759758255740
+0000.0000000000000000,+0000.0000000000000000,+0000.0000000000000000,+0000.1526240241656093,+0000.8473759758343908
+0000.0000000000000000,+0000.0000000000000000,+0000.0000000000000000,+0000.1526240241551002,+0000.8473759758448999
+0000.0000000000000000,+0000.0000000000000000,+0000.0000000000000000,+0000.1526240241451090,+0000.8473759758548909
+0000.0000000000000000,+0000.0000000000000000,+0000.0000000000000000,+0000.1526240241373392,+0000.8473759758626608
+0000.0000000000000000,+0000.0000000000000000,+0000.0000000000000000,+0000.1526240241328901,+0000.8473759758671100
+0000.0000000000000000,+0000.0000000000000000,+0000.0000000000000000,+0000.1526240241322392,+0000.8473759758677609
+0000.0000000000000000,+0000.0000000000000000,+0000.0000000000000000,+0000.1526240241352921,+0000.8473759758647078
+0000.0000000000000000,+0000.0000000000000000,+0000.0000000000000000,+0000.1526240241414857,+0000.8473759758585144
+0000.0000000000000000,+0000.0000000000000000,+0000.0000000000000000,+0000.1526240241499230,+0000.8473759758500772
+0000.0000000000000000,+0000.0000000000000000,+0000.0000000000000000,+0000.1526240241595238,+0000.8473759758404764
+0000.0000000000000000,+0000.0000000000000000,+0000.0000000000000000,+0000.1526240241691703,+0000.8473759758308299
+0000.0000000000000000,+0000.0000000000000000,+0000.0000000000000000,+0000.1526240241778365,+0000.8473759758221637
+0000.0000000000000000,+0000.0000000000000000,+0000.0000000000000000,+0000.1526240241846875,+0000.8473759758153127
+0000.0000000000000000,+0000.0000000000000000,+0000.0000000000000000,+0000.1526240241891465,+0000.8473759758108536
+0000.0000000000000000,+0000.0000000000000000,+0000.0000000000000000,+0000.1526240241909244,+0000.8473759758090758
+0000.0000000000000000,+0000.0000000000000000,+0000.0000000000000000,+0000.1526240241900165,+0000.8473759758099835
+0000.0000000000000000,+0000.0000000000000000,+0000.0000000000000000,+0000.1526240241866710,+0000.8473759758133289
+0000.0000000000000000,+0000.0000000000000000,+0000.0000000000000000,+0000.1526240241813356,+0000.8473759758186644
+0000.0000000000000000,+0000.0000000000000000,+0000.0000000000000000,+0000.1526240241745916,+0000.8473759758254082
+0000.0000000000000000,+0000.0000000000000000,+0000.0000000000000000,+0000.1526240241670843,+0000.8473759758329158
+0000.0000000000000000,+0000.0000000000000000,+0000.0000000000000000,+0000.1526240241594545,+0000.8473759758405455
+0000.0000000000000000,+0000.0000000000000000,+0000.0000000000000000,+0000.1526240241522815,+0000.8473759758477184
+0000.0000000000000000,+0000.0000000000000000,+0000.0000000000000000,+0000.1526240241460383,+0000.8473759758539616
+0000.0000000000000000,+0000.0000000000000000,+0000.0000000000000000,+0000.1526240241410625,+0000.8473759758589375
+0000.0000000000000000,+0000.0000000000000000,+0000.0000000000000000,+0000.1526240241375446,+0000.8473759758624553
+0000.0000000000000000,+0000.0000000000000000,+0000.0000000000000000,+0000.1526240241355312,+0000.8473759758644688
+0000.0000000000000000,+0000.0000000000000000,+0000.0000000000000000,+0000.1526240241349405,+0000.8473759758650596
+0000.0000000000000000,+0000.0000000000000000,+0000.0000000000000000,+0000.1526240241355878,+0000.8473759758644122
+0000.0000000000000000,+0000.0000000000000000,+0000.0000000000000000,+0000.1526240241372167,+0000.8473759758627832
+0000.0000000000000000,+0000.0000000000000000,+0000.0000000000000000,+0000.1526240241395319,+0000.8473759758604682
+0000.0000000000000000,+0000.0000000000000000,+0000.0000000000000000,+0000.1526240241422308,+0000.8473759758577695
+0000.0000000000000000,+0000.0000000000000000,+0000.0000000000000000,+0000.1526240241450310,+0000.8473759758549688
+0000.0000000000000000,+0000.0000000000000000,+0000.0000000000000000,+0000.1526240241476918,+0000.8473759758523081
+0000.0000000000000000,+0000.0000000000000000,+0000.0000000000000000,+0000.1526240241500281,+0000.8473759758499719
+0000.0000000000000000,+0000.0000000000000000,+0000.0000000000000000,+0000.1526240241519176,+0000.8473759758480824
+0000.0000000000000000,+0000.0000000000000000,+0000.0000000000000000,+0000.1526240241533005,+0000.8473759758466997
+0000.0000000000000000,+0000.0000000000000000,+0000.0000000000000000,+0000.1526240241541740,+0000.8473759758458259
+0000.0000000000000000,+0000.0000000000000000,+0000.0000000000000000,+0000.1526240241545822,+0000.8473759758454180
+0000.0000000000000000,+0000.0000000000000000,+0000.0000000000000000,+0000.1526240241546032,+0000.8473759758453969
+0000.0000000000000000,+0000.0000000000000000,+0000.0000000000000000,+0000.1526240241543356,+0000.8473759758456645
+0000.0000000000000000,+0000.0000000000000000,+0000.0000000000000000,+0000.1526240241538851,+0000.8473759758461147
+0000.0000000000000000,+0000.0000000000000000,+0000.0000000000000000,+0000.1526240241533527,+0000.8473759758466471
+0000.0000000000000000,+0000.0000000000000000,+0000.0000000000000000,+0000.1526240241528257,+0000.8473759758471743
+0000.0000000000000000,+0000.0000000000000000,+0000.0000000000000000,+0000.1526240241523715,+0000.8473759758476282
+0000.0000000000000000,+0000.0000000000000000,+0000.0000000000000000,+0000.1526240241520343,+0000.8473759758479659
+0000.0000000000000000,+0000.0000000000000000,+0000.0000000000000000,+0000.1526240241518350,+0000.8473759758481647
+0000.0000000000000000,+0000.0000000000000000,+0000.0000000000000000,+0000.1526240241517734,+0000.8473759758482265
+0000.0000000000000000,+0000.0000000000000000,+0000.0000000000000000,+0000.1526240241518317,+0000.8473759758481684
+0000.0000000000000000,+0000.0000000000000000,+0000.0000000000000000,+0000.1526240241519803,+0000.8473759758480199
+0000.0000000000000000,+0000.0000000000000000,+0000.0000000000000000,+0000.1526240241521825,+0000.8473759758478178
+0000.0000000000000000,+0000.0000000000000000,+0000.0000000000000000,+0000.1526240241524004,+0000.8473759758475998
+0000.0000000000000000,+0000.0000000000000000,+0000.0000000000000000,+0000.1526240241525989,+0000.8473759758474013
+0000.0000000000000000,+0000.0000000000000000,+0000.0000000000000000,+0000.1526240241527498,+0000.8473759758472501
+0000.0000000000000000,+0000.0000000000000000,+0000.0000000000000000,+0000.1526240241528337,+0000.8473759758471664
+0000.0000000000000000,+0000.0000000000000000,+0000.0000000000000000,+0000.1526240241528407,+0000.8473759758471595
+0000.0000000000000000,+0000.0000000000000000,+0000.0000000000000000,+0000.1526240241527706,+0000.8473759758472297
+0000.0000000000000000,+0000.0000000000000000,+0000.0000000000000000,+0000.1526240241526319,+0000.8473759758473685
+0000.0000000000000000,+0000.0000000000000000,+0000.0000000000000000,+0000.1526240241524393,+0000.8473759758475605
+0000.0000000000000000,+0000.0000000000000000,+0000.0000000000000000,+0000.1526240241522120,+0000.8473759758477879
+0000.0000000000000000,+0000.0000000000000000,+0000.0000000000000000,+0000.1526240241519709,+0000.8473759758480289
+0000.0000000000000000,+0000.0000000000000000,+0000.0000000000000000,+0000.1526240241517363,+0000.8473759758482640
+0000.0000000000000000,+0000.0000000000000000,+0000.0000000000000000,+0000.1526240241515259,+0000.8473759758484741
+0000.0000000000000000,+0000.0000000000000000,+0000.0000000000000000,+0000.1526240241513540,+0000.8473759758486462
+0000.0000000000000000,+0000.0000000000000000,+0000.0000000000000000,+0000.1526240241512297,+0000.8473759758487704
+0000.0000000000000000,+0000.0000000000000000,+0000.0000000000000000,+0000.1526240241511574,+0000.8473759758488428
+0000.0000000000000000,+0000.0000000000000000,+0000.0000000000000000,+0000.1526240241511364,+0000.8473759758488635
+0000.0000000000000000,+0000.0000000000000000,+0000.0000000000000000,+0000.1526240241511619,+0000.8473759758488381
+0000.0000000000000000,+0000.0000000000000000,+0000.0000000000000000,+0000.1526240241512262,+0000.8473759758487741
+0000.0000000000000000,+0000.0000000000000000,+0000.0000000000000000,+0000.1526240241513189,+0000.8473759758486811
+0000.0000000000000000,+0000.0000000000000000,+0000.0000000000000000,+0000.1526240241514293,+0000.8473759758485709
+0000.0000000000000000,+0000.0000000000000000,+0000.0000000000000000,+0000.1526240241515462,+0000.8473759758484538
+0000.0000000000000000,+0000.0000000000000000,+0000.0000000000000000,+0000.1526240241516602,+0000.8473759758483398
+0000.0000000000000000,+0000.0000000000000000,+0000.0000000000000000,+0000.1526240241517631,+0000.8473759758482370
+0000.0000000000000000,+0000.0000000000000000,+0000.0000000000000000,+0000.1526240241518491,+0000.8473759758481509
+0000.0000000000000000,+0000.0000000000000000,+0000.0000000000000000,+0000.1526240241519148,+0000.8473759758480854
+0000.0000000000000000,+0000.0000000000000000,+0000.0000000000000000,+0000.1526240241519588,+0000.8473759758480413
+0000.0000000000000000,+0000.0000000000000000,+0000.0000000000000000,+0000.1526240241519821,+0000.8473759758480177
+0000.0000000000000000,+0000.0000000000000000,+0000.0000000000000000,+0000.1526240241519872,+0000.8473759758480129
+0000.0000000000000000,+0000.0000000000000000,+0000.0000000000000000,+0000.1526240241519774,+0000.8473759758480224
+0000.0000000000000000,+0000.0000000000000000,+0000.0000000000000000,+0000.1526240241519571,+0000.8473759758480428
+0000.0000000000000000,+0000.0000000000000000,+0000.0000000000000000,+0000.1526240241519304,+0000.8473759758480697
+0000.0000000000000000,+0000.0000000000000000,+0000.0000000000000000,+0000.1526240241519013,+0000.8473759758480989
+0000.0000000000000000,+0000.0000000000000000,+0000.0000000000000000,+0000.1526240241518731,+0000.8473759758481270
+0000.0000000000000000,+0000.0000000000000000,+0000.0000000000000000,+0000.1526240241518484,+0000.8473759758481514
+0000.0000000000000000,+0000.0000000000000000,+0000.0000000000000000,+0000.1526240241518289,+0000.8473759758481711
