+0001.0000000000000000,+0000.0000000000000000,+0000.0000000000000000,+0000.0000000000000000,+0000.0000000000000000,+0000.0000000000000000,+0000.0000000000000000
+0000.7694980546179099,+0000.0000000000000000,+0000.0000000000000000,+0000.0000000000000000,+0000.0130074053451032,+0000.2095894670079825,+0000.0079050730290047
+0000.4599150064327192,+0000.0000000000000000,+0000.0000000000000000,+0000.0000000000000000,+0000.0338658171448361,+0000.4861631706880056,+0000.0200560057344390
+0000.3008312102241220,+0000.0000000000000000,+0000.0000000000000000,+0000.0000000000000000,+0000.0526214798293583,+0000.6167332657656044,+0000.0298140441809150
+0000.2366563986026070,+0000.0000000000000000,+0000.0000000000000000,+0000.0000000000000000,+0000.0752681545121894,+0000.6480936010344326,+0000.0399818458507709
+0000.2248612819307577,+0000.0000000000000000,+0000.0000000000000000,+0000.0000000000000000,+0000.1106070859605890,+0000.6106910346017145,+0000.0538405975069389
+0000.2505977581562382,+0000.0000000000000000,+0000.0000000000000000,+0000.0000000000000000,+0000.1698678660052298,+0000.5057098281990419,+0000.0738245476394901
+0000.2923007382063363,+0000.0000000000000000,+0000.0000000000000000,+0000.0000000000000000,+0000.2493749127308330,+0000.3642957531536816,+0000.0940285959091490
+0000.2747500236169252,+0000.0000000000000000,+0000.0000000000000000,+0000.0000000000000000,+0000.2737546319958034,+0000.3642534704453992,+0000.0872418739418724
+0000.1867986861453238,+0000.0000000000000000,+0000.0000000000000000,+0000.0000000000000000,+0000.2045142370747416,+0000.5538597174529215,+0000.0548273593270129
+0000.1169945500249076,+0000.0000000000000000,+0000.0000000000000000,+0000.0000000000000000,+0000.1348224853355487,+0000.7157510024957090,+0000.0324319621438349
+0000.0810269835988042,+0000.0000000000000000,+0000.0000000000000000,+0000.0000000000000000,+0000.0969327753956974,+0000.7969830224716846,+0000.0250572185338138
+0000.0646988700838626,+0000.0000000000000000,+0000.0000000000000000,+0000.0000000000000000,+0000.0829055884036837,+0000.8242497718082148,+0000.0281457697042387
+0000.0583453156764531,+0000.0000000000000000,+0000.0000000000000000,+0000.0000000000000000,+0000.0869202603138062,+0000.8142996553235412,+0000.0404347686861994
+0000.0554688001644865,+0000.0000000000000000,+0000.0000000000000000,+0000.0000000000000000,+0000.1067842436448356,+0000.7765725853894158,+0000.0611743708012621
+0000.0492418951731001,+0000.0000000000000000,+0000.0000000000000000,+0000.0000000000000000,+0000.1330713478361391,+0000.7360613315316032,+0000.0816254254591577
+0000.0372506015727387,+0000.0000000000000000,+0000.0000000000000000,+0000.0000000000000000,+0000.1465274108603197,+0000.7296193399422243,+0000.0866026476247171
+0000.0252412519533933,+0000.0000000000000000,+0000.0000000000000000,+0000.0000000000000000,+0000.1442097055060253,+0000.7533464782739695,+0000.0772025642666121
+0000.0171316916011067,+0000.0000000000000000,+0000.0000000000000000,+0000.0000000000000000,+0000.1389116909916011,+0000.7784710367229911,+0000.0654855806843011
+0000.0124126419020535,+0000.0000000000000000,+0000.0000000000000000,+0000.0000000000000000,+0000.1384882979146871,+0000.7917569175961091,+0000.0573421425871504
+0000.0097037620492131,+0000.0000000000000000,+0000.0000000000000000,+0000.0000000000000000,+0000.1443905633573585,+0000.7923250960150997,+0000.0535805785783289
+0000.0080058630186348,+0000.0000000000000000,+0000.0000000000000000,+0000.0000000000000000,+0000.1545910996204307,+0000.7838659228904576,+0000.0535371144704769
+0000.0066796139010311,+0000.0000000000000000,+0000.0000000000000000,+0000.0000000000000000,+0000.1639031546822503,+0000.7735529739916329,+0000.0558642574250860
+0000.0053870710574576,+0000.0000000000000000,+0000.0000000000000000,+0000.0000000000000000,+0000.1657863975047774,+0000.7703007364748017,+0000.0585257949629634
+0000.0041206615494065,+0000.0000000000000000,+0000.0000000000000000,+0000.0000000000000000,+0000.1583226139709685,+0000.7776771967854705,+0000.0598795276941543
+0000.0030454800105110,+0000.0000000000000000,+0000.0000000000000000,+0000.0000000000000000,+0000.1466091444451710,+0000.7903773954027661,+0000.0599679801415520
+0000.0022496995172919,+0000.0000000000000000,+0000.0000000000000000,+0000.0000000000000000,+0000.1370395439129925,+0000.8008283028228033,+0000.0598824537469125
+0000.0017000865010407,+0000.0000000000000000,+0000.0000000000000000,+0000.0000000000000000,+0000.1327759677675501,+0000.8050998912700641,+0000.0604240544613453
+0000.0013201234742207,+0000.0000000000000000,+0000.0000000000000000,+0000.0000000000000000,+0000.1339180553064354,+0000.8031159709966240,+0000.0616458502227201
+0000.0010420438063421,+0000.0000000000000000,+0000.0000000000000000,+0000.0000000000000000,+0000.1386979769279617,+0000.7972822940901818,+0000.0629776851755142
+0000.0008216071612261,+0000.0000000000000000,+0000.0000000000000000,+0000.0000000000000000,+0000.1443127525425601,+0000.7912790215250264,+0000.0635866187711873
+0000.0006381548318868,+0000.0000000000000000,+0000.0000000000000000,+0000.0000000000000000,+0000.1481191388880084,+0000.7882801808969427,+0000.0629625253831623
+0000.0004870993171538,+0000.0000000000000000,+0000.0000000000000000,+0000.0000000000000000,+0000.1490797391139448,+0000.7890657506665554,+0000.0613674109023461
+0000.0003684331369053,+0000.0000000000000000,+0000.0000000000000000,+0000.0000000000000000,+0000.1480486095572519,+0000.7919470588041719,+0000.0596358985016710
+0000.0002793416348095,+0000.0000000000000000,+0000.0000000000000000,+0000.0000000000000000,+0000.1466196134111854,+0000.7945431875801403,+0000.0585578573738650
+0000.0002138592093062,+0000.0000000000000000,+0000.0000000000000000,+0000.0000000000000000,+0000.1459096945071195,+0000.7954002192365366,+0000.0584762270470379
+0000.0001653974131471,+0000.0000000000000000,+0000.0000000000000000,+0000.0000000000000000,+0000.1461301418307447,+0000.7944521894795744,+0000.0592522712765335
+0000.0001285832293511,+0000.0000000000000000,+0000.0000000000000000,+0000.0000000000000000,+0000.1467770613639302,+0000.7926755866292177,+0000.0604187687775012
+0000.0000998209402248,+0000.0000000000000000,+0000.0000000000000000,+0000.0000000000000000,+0000.1471141441762321,+0000.7913684246697388,+0000.0614176102138042
+0000.0000770456580618,+0000.0000000000000000,+0000.0000000000000000,+0000.0000000000000000,+0000.1467003113653970,+0000.7913555708208939,+0000.0618670721556470
+0000.0000591164890393,+0000.0000000000000000,+0000.0000000000000000,+0000.0000000000000000,+0000.1456613659747772,+0000.7925548415766888,+0000.0617246759594950
+0000.0000452370100371,+0000.0000000000000000,+0000.0000000000000000,+0000.0000000000000000,+0000.1445351284574416,+0000.7941867151065389,+0000.0612329194259822
+0000.0000346570735285,+0000.0000000000000000,+0000.0000000000000000,+0000.0000000000000000,+0000.1438739026277519,+0000.7953751756664500,+0000.0607162646322697
+0000.0000266421687803,+0000.0000000000000000,+0000.0000000000000000,+0000.0000000000000000,+0000.1439304769393977,+0000.7956440428117899,+0000.0603988380800319
+0000.0000205457711341,+0000.0000000000000000,+0000.0000000000000000,+0000.0000000000000000,+0000.1445803616960206,+0000.7950637291542142,+0000.0603353633786310
+0000.0000158630911582,+0000.0000000000000000,+0000.0000000000000000,+0000.0000000000000000,+0000.1454464317577808,+0000.7940933989368002,+0000.0604443062142609
+0000.0000122347637608,+0000.0000000000000000,+0000.0000000000000000,+0000.0000000000000000,+0000.1461241617635337,+0000.7932699254194139,+0000.0605936780532917
+0000.0000094154506336,+0000.0000000000000000,+0000.0000000000000000,+0000.0000000000000000,+0000.1463856925920365,+0000.7929185173578343,+0000.0606863745994955
+0000.0000072322887944,+0000.0000000000000000,+0000.0000000000000000,+0000.0000000000000000,+0000.1462553266010925,+0000.7930360792979896,+0000.0607013618121234
+0000.0000055523997886,+0000.0000000000000000,+0000.0000000000000000,+0000.0000000000000000,+0000.1459325500917197,+0000.7933839588758340,+0000.0606779386326576
+0000.0000042662571809,+0000.0000000000000000,+0000.0000000000000000,+0000.0000000000000000,+0000.1456404830877060,+0000.7936868529223866,+0000.0606683977327265
+0000.0000032828206342,+0000.0000000000000000,+0000.0000000000000000,+0000.0000000000000000,+0000.1455053980578190,+0000.7937937838300712,+0000.0606975352914755
+0000.0000025290459997,+0000.0000000000000000,+0000.0000000000000000,+0000.0000000000000000,+0000.1455227322768319,+0000.7937234019875701,+0000.0607513366895981
+0000.0000019489826082,+0000.0000000000000000,+0000.0000000000000000,+0000.0000000000000000,+0000.1456016146682513,+0000.7936028675369911,+0000.0607935688121494
+0000.0000015012059163,+0000.0000000000000000,+0000.0000000000000000,+0000.0000000000000000,+0000.1456435709041934,+0000.7935609618829637,+0000.0607939660069266
+0000.0000011552928454,+0000.0000000000000000,+0000.0000000000000000,+0000.0000000000000000,+0000.1456048317253846,+0000.7936454357520102,+0000.0607485772297599
+0000.0000008884672630,+0000.0000000000000000,+0000.0000000000000000,+0000.0000000000000000,+0000.1455108464370267,+0000.7938075243618793,+0000.0606807407338309
+0000.0000006831342692,+0000.0000000000000000,+0000.0000000000000000,+0000.0000000000000000,+0000.1454254039810145,+0000.7939488870931272,+0000.0606250257915893
+0000.0000005254015687,+0000.0000000000000000,+0000.0000000000000000,+0000.0000000000000000,+0000.1454032275457807,+0000.7939895583584472,+0000.0606066886942034
+0000.0000004042800877,+0000.0000000000000000,+0000.0000000000000000,+0000.0000000000000000,+0000.1454577175153663,+0000.7939125039599542,+0000.0606293742445920
+0000.0000003111918393,+0000.0000000000000000,+0000.0000000000000000,+0000.0000000000000000,+0000.1455588827071119,+0000.7937644510683050,+0000.0606763550327439
+0000.0000002395547596,+0000.0000000000000000,+0000.0000000000000000,+0000.0000000000000000,+0000.1456561410992825,+0000.7936214515246753,+0000.0607221678212828
+0000.0000001843752064,+0000.0000000000000000,+0000.0000000000000000,+0000.0000000000000000,+0000.1457084056711809,+0000.7935447159345183,+0000.0607466940190941
+0000.0000001418680918,+0000.0000000000000000,+0000.0000000000000000,+0000.0000000000000000,+0000.1457035154247189,+0000.7935524300919539,+0000.0607439126152354
+0000.0000001091418729,+0000.0000000000000000,+0000.0000000000000000,+0000.0000000000000000,+0000.1456584514878434,+0000.7936196598752081,+0000.0607217794950755
+0000.0000000839650352,+0000.0000000000000000,+0000.0000000000000000,+0000.0000000000000000,+0000.1456042197668775,+0000.7937005610040181,+0000.0606951352640692
+0000.0000000646050035,+0000.0000000000000000,+0000.0000000000000000,+0000.0000000000000000,+0000.1455669924376518,+0000.7937560611564525,+0000.0606768818008923
+0000.0000000497173322,+0000.0000000000000000,+0000.0000000000000000,+0000.0000000000000000,+0000.1455564668149344,+0000.7937711265264644,+0000.0606723569412689
+0000.0000000382641595,+0000.0000000000000000,+0000.0000000000000000,+0000.0000000000000000,+0000.1455658214779093,+0000.7937552003884211,+0000.0606789398695098
+0000.0000000294489667,+0000.0000000000000000,+0000.0000000000000000,+0000.0000000000000000,+0000.1455803578889429,+0000.7937299043194643,+0000.0606897083426258
+0000.0000000226623738,+0000.0000000000000000,+0000.0000000000000000,+0000.0000000000000000,+0000.1455879844056417,+0000.7937137985818530,+0000.0606981943501315
+0000.0000000174378258,+0000.0000000000000000,+0000.0000000000000000,+0000.0000000000000000,+0000.1455853599814589,+0000.7937131424607271,+0000.0607014801199883
+0000.0000000134168938,+0000.0000000000000000,+0000.0000000000000000,+0000.0000000000000000,+0000.1455773842384486,+0000.7937221275863411,+0000.0607004747583165
+0000.0000000103232185,+0000.0000000000000000,+0000.0000000000000000,+0000.0000000000000000,+0000.1455719896351683,+0000.7937299596693854,+0000.0606980403722280
+0000.0000000079433464,+0000.0000000000000000,+0000.0000000000000000,+0000.0000000000000000,+0000.1455743705312623,+0000.7937289887765943,+0000.0606966327487970
+0000.0000000061125206,+0000.0000000000000000,+0000.0000000000000000,+0000.0000000000000000,+0000.1455841154366848,+0000.7937189473783798,+0000.0606969310724148
+0000.0000000047038449,+0000.0000000000000000,+0000.0000000000000000,+0000.0000000000000000,+0000.1455962537583455,+0000.7937057749474374,+0000.0606979665903723
+0000.0000000036197923,+0000.0000000000000000,+0000.0000000000000000,+0000.0000000000000000,+0000.1456047880449446,+0000.7936969450152130,+0000.0606982633200500
+0000.0000000027854812,+0000.0000000000000000,+0000.0000000000000000,+0000.0000000000000000,+0000.1456061955147570,+0000.7936967638424949,+0000.0606970378572668
+0000.0000000021433916,+0000.0000000000000000,+0000.0000000000000000,+0000.0000000000000000,+0000.1456009348004734,+0000.7937043635234533,+0000.0606946995326819
+0000.0000000016492830,+0000.0000000000000000,+0000.0000000000000000,+0000.0000000000000000,+0000.1455925197700017,+0000.7937149969548221,+0000.0606924816258934
+0000.0000000012690866,+0000.0000000000000000,+0000.0000000000000000,+0000.0000000000000000,+0000.1455851623496984,+0000.7937232445843898,+0000.0606915917968251
+0000.0000000009765534,+0000.0000000000000000,+0000.0000000000000000,+0000.0000000000000000,+0000.1455815548894263,+0000.7937259639496289,+0000.0606924801843914
+0000.0000000007514658,+0000.0000000000000000,+0000.0000000000000000,+0000.0000000000000000,+0000.1455819385207385,+0000.7937234194103742,+0000.0606946413174213
+0000.0000000005782636,+0000.0000000000000000,+0000.0000000000000000,+0000.0000000000000000,+0000.1455846499161965,+0000.7937183686115289,+0000.0606969808940113
+0000.0000000004449796,+0000.0000000000000000,+0000.0000000000000000,+0000.0000000000000000,+0000.1455875011097233,+0000.7937140461824181,+0000.0606984522628789
+0000.0000000003424117,+0000.0000000000000000,+0000.0000000000000000,+0000.0000000000000000,+0000.1455890545021647,+0000.7937123745561189,+0000.0606985705993049
+0000.0000000002634825,+0000.0000000000000000,+0000.0000000000000000,+0000.0000000000000000,+0000.1455891399568897,+0000.7937133077807507,+0000.0606975519988772
+0000.0000000002027465,+0000.0000000000000000,+0000.0000000000000000,+0000.0000000000000000,+0000.1455885334575848,+0000.7937153913770562,+0000.0606960749626125
+0000.0000000001560115,+0000.0000000000000000,+0000.0000000000000000,+0000.0000000000000000,+0000.1455881959528270,+0000.7937169412438876,+0000.0606948626472738
+0000.0000000001200504,+0000.0000000000000000,+0000.0000000000000000,+0000.0000000000000000,+0000.1455886145734657,+0000.7937170488200292,+0000.0606943364864549
+0000.0000000000923791,+0000.0000000000000000,+0000.0000000000000000,+0000.0000000000000000,+0000.1455895966333956,+0000.7937159039374401,+0000.0606944993367851
+0000.0000000000710861,+0000.0000000000000000,+0000.0000000000000000,+0000.0000000000000000,+0000.1455905259648719,+0000.7937144227073971,+0000.0606950512566447
+0000.0000000000547009,+0000.0000000000000000,+0000.0000000000000000,+0000.0000000000000000,+0000.1455908259049857,+0000.7937135534890787,+0000.0606956205512345
+0000.0000000000420923,+0000.0000000000000000,+0000.0000000000000000,+0000.0000000000000000,+0000.1455903135087089,+0000.7937137236501328,+0000.0606959627990662
+0000.0000000000323898,+0000.0000000000000000,+0000.0000000000000000,+0000.0000000000000000,+0000.1455892611378140,+0000.7937147033322685,+0000.0606960354975277
+0000.0000000000249238,+0000.0000000000000000,+0000.0000000000000000,+0000.0000000000000000,+0000.1455881873433414,+0000.7937158668286657,+0000.0606959458030690
+0000.0000000000191787,+0000.0000000000000000,+0000.0000000000000000,+0000.0000000000000000,+0000.1455875471317704,+0000.7937166160850873,+0000.0606958367639636
+0000.0000000000147580,+0000.0000000000000000,+0000.0000000000000000,+0000.0000000000000000,+0000.1455875124167263,+0000.7937166953000792,+0000.0606957922684364
+0000.0000000000113563,+0000.0000000000000000,+0000.0000000000000000,+0000.0000000000000000,+0000.1455879436302969,+0000.7937162482718775,+0000.0606958080864696
+0000.0000000000087387,+0000.0000000000000000,+0000.0000000000000000,+0000.0000000000000000,+0000.1455885275631484,+0000.7937156463454523,+0000.0606958260826605
+0000.0000000000067244,+0000.0000000000000000,+0000.0000000000000000,+0000.0000000000000000,+0000.1455889720370167,+0000.7937152347154559,+0000.0606957932408029
+0000.0000000000051744,+0000.0000000000000000,+0000.0000000000000000,+0000.0000000000000000,+0000.1455891420604628,+0000.7937151552840640,+0000.0606957026502987
+0000.0000000000039817,+0000.0000000000000000,+0000.0000000000000000,+0000.0000000000000000,+0000.1455890801586123,+0000.7937153248989789,+0000.0606955949384274
+0000.0000000000030639,+0000.0000000000000000,+0000.0000000000000000,+0000.0000000000000000,+0000.1455889292440173,+0000.7937155433553033,+0000.0606955273976156
+0000.0000000000023577,+0000.0000000000000000,+0000.0000000000000000,+0000.0000000000000000,+0000.1455888242873280,+0000.7937156396954890,+0000.0606955360148255
+0000.0000000000018142,+0000.0000000000000000,+0000.0000000000000000,+0000.0000000000000000,+0000.1455888194696579,+0000.7937155656394499,+0000.0606956148890780
+0000.0000000000013960,+0000.0000000000000000,+0000.0000000000000000,+0000.0000000000000000,+0000.1455888814226538,+0000.7937153959166122,+0000.0606957226593380
+0000.0000000000010742,+0000.0000000000000000,+0000.0000000000000000,+0000.0000000000000000,+0000.1455889350497461,+0000.7937152568351586,+0000.0606958081140209
+0000.0000000000008266,+0000.0000000000000000,+0000.0000000000000000,+0000.0000000000000000,+0000.1455889224671575,+0000.7937152399305409,+0000.0606958376014746
+0000.0000000000006361,+0000.0000000000000000,+0000.0000000000000000,+0000.0000000000000000,+0000.1455888378297037,+0000.7937153531949948,+0000.0606958089746652
+0000.0000000000004895,+0000.0000000000000000,+0000.0000000000000000,+0000.0000000000000000,+0000.1455887233155984,+0000.7937155296818673,+0000.0606957470020448
+0000.0000000000003766,+0000.0000000000000000,+0000.0000000000000000,+0000.0000000000000000,+0000.1455886370524256,+0000.7937156768121023,+0000.0606956861350955
+0000.0000000000002898,+0000.0000000000000000,+0000.0000000000000000,+0000.0000000000000000,+0000.1455886173472933,+0000.7937157305943158,+0000.0606956520581010
+0000.0000000000002230,+0000.0000000000000000,+0000.0000000000000000,+0000.0000000000000000,+0000.1455886643963388,+0000.7937156839154470,+0000.0606956516879911
+0000.0000000000001716,+0000.0000000000000000,+0000.0000000000000000,+0000.0000000000000000,+0000.1455887462910778,+0000.7937155789407913,+0000.0606956747679595
+0000.0000000000001321,+0000.0000000000000000,+0000.0000000000000000,+0000.0000000000000000,+0000.1455888211388556,+0000.7937154753915239,+0000.0606957034694883
+0000.0000000000001016,+0000.0000000000000000,+0000.0000000000000000,+0000.0000000000000000,+0000.1455888599569052,+0000.7937154169106578,+0000.0606957231323354
+0000.0000000000000782,+0000.0000000000000000,+0000.0000000000000000,+0000.0000000000000000,+0000.1455888578930272,+0000.7937154137193403,+0000.0606957283875544
+0000.0000000000000602,+0000.0000000000000000,+0000.0000000000000000,+0000.0000000000000000,+0000.1455888304147968,+0000.7937154467984139,+0000.0606957227867292
+0000.0000000000000463,+0000.0000000000000000,+0000.0000000000000000,+0000.0000000000000000,+0000.1455887999898271,+0000.7937154860501594,+0000.0606957139599672
+0000.0000000000000356,+0000.0000000000000000,+0000.0000000000000000,+0000.0000000000000000,+0000.1455887826208573,+0000.7937155092303867,+0000.0606957081487205
+0000.0000000000000274,+0000.0000000000000000,+0000.0000000000000000,+0000.0000000000000000,+0000.1455887814501216,+0000.7937155113078191,+0000.0606957072420319
+0000.0000000000000211,+0000.0000000000000000,+0000.0000000000000000,+0000.0000000000000000,+0000.1455887890711553,+0000.7937155017126786,+0000.0606957092161448
+0000.0000000000000162,+0000.0000000000000000,+0000.0000000000000000,+0000.0000000000000000,+0000.1455887950391174,+0000.7937154942214396,+0000.0606957107394267
+0000.0000000000000125,+0000.0000000000000000,+0000.0000000000000000,+0000.0000000000000000,+0000.1455887930782237,+0000.7937154971077675,+0000.0606957098139966
+0000.0000000000000096,+0000.0000000000000000,+0000.0000000000000000,+0000.0000000000000000,+0000.1455887840010948,+0000.7937155091343313,+0000.0606957068645646
+0000.0000000000000074,+0000.0000000000000000,+0000.0000000000000000,+0000.0000000000000000,+0000.1455887737169005,+0000.7937155222871505,+0000.0606957039959415
+0000.0000000000000057,+0000.0000000000000000,+0000.0000000000000000,+0000.0000000000000000,+0000.1455887686188181,+0000.7937155280882422,+0000.0606957032929343
+0000.0000000000000044,+0000.0000000000000000,+0000.0000000000000000,+0000.0000000000000000,+0000.1455887715945132,+0000.7937155229944715,+0000.0606957054110111
+0000.0000000000000034,+0000.0000000000000000,+0000.0000000000000000,+0000.0000000000000000,+0000.1455887808210817,+0000.7937155099098179,+0000.0606957092690973
+0000.0000000000000026,+0000.0000000000000000,+0000.0000000000000000,+0000.0000000000000000,+0000.1455887914591243,+0000.7937154957001364,+0000.0606957128407367
+0000.0000000000000020,+0000.0000000000000000,+0000.0000000000000000,+0000.0000000000000000,+0000.1455887987087978,+0000.7937154868946740,+0000.0606957143965263
+0000.0000000000000015,+0000.0000000000000000,+0000.0000000000000000,+0000.0000000000000000,+0000.1455888002624793,+0000.7937154863279223,+0000.0606957134095968
+0000.0000000000000012,+0000.0000000000000000,+0000.0000000000000000,+0000.0000000000000000,+0000.1455887969451843,+0000.7937154923833748,+0000.0606957106714399
+0000.0000000000000009,+0000.0000000000000000,+0000.0000000000000000,+0000.0000000000000000,+0000.1455887915891337,+0000.7937155007215256,+0000.0606957076893397
+0000.0000000000000007,+0000.0000000000000000,+0000.0000000000000000,+0000.0000000000000000,+0000.1455887871374822,+0000.7937155070452828,+0000.0606957058172341
+0000.0000000000000005,+0000.0000000000000000,+0000.0000000000000000,+0000.0000000000000000,+0000.1455887851618292,+0000.7937155092101811,+0000.0606957056279893
+0000.0000000000000004,+0000.0000000000000000,+0000.0000000000000000,+0000.0000000000000000,+0000.1455887854782029,+0000.7937155077177362,+0000.0606957068040606
+0000.0000000000000003,+0000.0000000000000000,+0000.0000000000000000,+0000.0000000000000000,+0000.1455887867898437,+0000.7937155047178047,+0000.0606957084923513
+0000.0000000000000002,+0000.0000000000000000,+0000.0000000000000000,+0000.0000000000000000,+0000.1455887877465202,+0000.7937155024148425,+0000.0606957098386371
+0000.0000000000000002,+0000.0000000000000000,+0000.0000000000000000,+0000.0000000000000000,+0000.1455887877337280,+0000.7937155018774524,+0000.0606957103888192
+0000.0000000000000001,+0000.0000000000000000,+0000.0000000000000000,+0000.0000000000000000,+0000.1455887870240528,+0000.7937155027882862,+0000.0606957101876611
+0000.0000000000000001,+0000.0000000000000000,+0000.0000000000000000,+0000.0000000000000000,+0000.1455887863681190,+0000.7937155040277403,+0000.0606957096041406
+0000.0000000000000001,+0000.0000000000000000,+0000.0000000000000000,+0000.0000000000000000,+0000.1455887863980461,+0000.7937155045549018,+0000.0606957090470522
+0000.0000000000000001,+0000.0000000000000000,+0000.0000000000000000,+0000.0000000000000000,+0000.1455887872335675,+0000.7937155040178221,+0000.0606957087486104
+0000.0000000000000001,+0000.0000000000000000,+0000.0000000000000000,+0000.0000000000000000,+0000.1455887884754490,+0000.7937155028148938,+0000.0606957087096569
+0000.0000000000000000,+0000.0000000000000000,+0000.0000000000000000,+0000.0000000000000000,+0000.1455887895088143,+0000.7937155017035661,+0000.0606957087876196
+0000.0000000000000000,+0000.0000000000000000,+0000.0000000000000000,+0000.0000000000000000,+0000.1455887898796824,+0000.7937155012844970,+0000.0606957088358207
+0000.0000000000000000,+0000.0000000000000000,+0000.0000000000000000,+0000.0000000000000000,+0000.1455887895170267,+0000.7937155016833299,+0000.0606957087996433
+0000.0000000000000000,+0000.0000000000000000,+0000.0000000000000000,+0000.0000000000000000,+0000.1455887887070121,+0000.7937155025674882,+0000.0606957087254999
+0000.0000000000000000,+0000.0000000000000000,+0000.0000000000000000,+0000.0000000000000000,+0000.1455887878829924,+0000.7937155034161423,+0000.0606957087008655
+0000.0000000000000000,+0000.0000000000000000,+0000.0000000000000000,+0000.0000000000000000,+0000.1455887873823059,+0000.7937155038379184,+0000.0606957087797759
+0000.0000000000000000,+0000.0000000000000000,+0000.0000000000000000,+0000.0000000000000000,+0000.1455887873061356,+0000.7937155037498653,+0000.0606957089439992
+0000.0000000000000000,+0000.0000000000000000,+0000.0000000000000000,+0000.0000000000000000,+0000.1455887875327996,+0000.7937155033496807,+0000.0606957091175199
+0000.0000000000000000,+0000.0000000000000000,+0000.0000000000000000,+0000.0000000000000000,+0000.1455887878410073,+0000.7937155029427103,+0000.0606957092162824
+0000.0000000000000000,+0000.0000000000000000,+0000.0000000000000000,+0000.0000000000000000,+0000.1455887880510215,+0000.7937155027514389,+0000.0606957091975397
+0000.0000000000000000,+0000.0000000000000000,+0000.0000000000000000,+0000.0000000000000000,+0000.1455887881043773,+0000.7937155028157830,+0000.0606957090798396
+0000.0000000000000000,+0000.0000000000000000,+0000.0000000000000000,+0000.0000000000000000,+0000.1455887880555835,+0000.7937155030177070,+0000.0606957089267094
+0000.0000000000000000,+0000.0000000000000000,+0000.0000000000000000,+0000.0000000000000000,+0000.1455887880037483,+0000.7937155031874596,+0000.0606957088087921
+0000.0000000000000000,+0000.0000000000000000,+0000.0000000000000000,+0000.0000000000000000,+0000.1455887880180311,+0000.7937155032135442,+0000.0606957087684245
+0000.0000000000000000,+0000.0000000000000000,+0000.0000000000000000,+0000.0000000000000000,+0000.1455887881007513,+0000.7937155030944183,+0000.0606957088048306
+0000.0000000000000000,+0000.0000000000000000,+0000.0000000000000000,+0000.0000000000000000,+0000.1455887882000195,+0000.7937155029164146,+0000.0606957088835661
+0000.0000000000000000,+0000.0000000000000000,+0000.0000000000000000,+0000.0000000000000000,+0000.1455887882528219,+0000.7937155027868232,+0000.0606957089603549
+0000.0000000000000000,+0000.0000000000000000,+0000.0000000000000000,+0000.0000000000000000,+0000.1455887882265466,+0000.7937155027693589,+0000.0606957090040948
+0000.0000000000000000,+0000.0000000000000000,+0000.0000000000000000,+0000.0000000000000000,+0000.1455887881350326,+0000.7937155028572858,+0000.0606957090076817
+0000.0000000000000000,+0000.0000000000000000,+0000.0000000000000000,+0000.0000000000000000,+0000.1455887880249572,+0000.7937155029907763,+0000.0606957089842666
+0000.0000000000000000,+0000.0000000000000000,+0000.0000000000000000,+0000.0000000000000000,+0000.1455887879460784,+0000.7937155030992702,+0000.0606957089546513
+0000.0000000000000000,+0000.0000000000000000,+0000.0000000000000000,+0000.0000000000000000,+0000.1455887879250802,+0000.7937155031402663,+0000.0606957089346534
+0000.0000000000000000,+0000.0000000000000000,+0000.0000000000000000,+0000.0000000000000000,+0000.1455887879566274,+0000.7937155031144245,+0000.0606957089289481
+0000.0000000000000000,+0000.0000000000000000,+0000.0000000000000000,+0000.0000000000000000,+0000.1455887880128979,+0000.7937155030543867,+0000.0606957089327157
+0000.0000000000000000,+0000.0000000000000000,+0000.0000000000000000,+0000.0000000000000000,+0000.1455887880625308,+0000.7937155029995877,+0000.0606957089378819
+0000.0000000000000000,+0000.0000000000000000,+0000.0000000000000000,+0000.0000000000000000,+0000.1455887880868551,+0000.7937155029740075,+0000.0606957089391377
+0000.0000000000000000,+0000.0000000000000000,+0000.0000000000000000,+0000.0000000000000000,+0000.1455887880854959,+0000.7937155029781163,+0000.0606957089363879
+0000.0000000000000000,+0000.0000000000000000,+0000.0000000000000000,+0000.0000000000000000,+0000.1455887880710132,+0000.7937155029957687,+0000.0606957089332183
+0000.0000000000000000,+0000.0000000000000000,+0000.0000000000000000,+0000.0000000000000000,+0000.1455887880582096,+0000.7937155030084064,+0000.0606957089333841
+0000.0000000000000000,+0000.0000000000000000,+0000.0000000000000000,+0000.0000000000000000,+0000.1455887880552446,+0000.7937155030067810,+0000.0606957089379745
+0000.0000000000000000,+0000.0000000000000000,+0000.0000000000000000,+0000.0000000000000000,+0000.1455887880609402,+0000.7937155029941860,+0000.0606957089448737
+0000.0000000000000000,+0000.0000000000000000,+0000.0000000000000000,+0000.0000000000000000,+0000.1455887880681714,+0000.7937155029814337,+0000.0606957089503952
+0000.0000000000000000,+0000.0000000000000000,+0000.0000000000000000,+0000.0000000000000000,+0000.1455887880698816,+0000.7937155029784252,+0000.0606957089516935
+0000.0000000000000000,+0000.0000000000000000,+0000.0000000000000000,+0000.0000000000000000,+0000.1455887880636353,+0000.7937155029879972,+0000.0606957089483677
+0000.0000000000000000,+0000.0000000000000000,+0000.0000000000000000,+0000.0000000000000000,+0000.1455887880524173,+0000.7937155030051415,+0000.0606957089424414
+0000.0000000000000000,+0000.0000000000000000,+0000.0000000000000000,+0000.0000000000000000,+0000.1455887880420430,+0000.7937155030209646,+0000.0606957089369922
+0000.0000000000000000,+0000.0000000000000000,+0000.0000000000000000,+0000.0000000000000000,+0000.1455887880373889,+0000.7937155030281952,+0000.0606957089344161
+0000.0000000000000000,+0000.0000000000000000,+0000.0000000000000000,+0000.0000000000000000,+0000.1455887880398304,+0000.7937155030248342,+0000.0606957089353355
+0000.0000000000000000,+0000.0000000000000000,+0000.0000000000000000,+0000.0000000000000000,+0000.1455887880470836,+0000.7937155030142993,+0000.0606957089386171
+0000.0000000000000000,+0000.0000000000000000,+0000.0000000000000000,+0000.0000000000000000,+0000.1455887880550497,+0000.7937155030026751,+0000.0606957089422756
+0000.0000000000000000,+0000.0000000000000000,+0000.0000000000000000,+0000.0000000000000000,+0000.1455887880602402,+0000.7937155029951456,+0000.0606957089446143
+0000.0000000000000000,+0000.0000000000000000,+0000.0000000000000000,+0000.0000000000000000,+0000.1455887880613557,+0000.7937155029936759,+0000.0606957089449683
+0000.0000000000000000,+0000.0000000000000000,+0000.0000000000000000,+0000.0000000000000000,+0000.1455887880593651,+0000.7937155029968748,+0000.0606957089437603
+0000.0000000000000000,+0000.0000000000000000,+0000.0000000000000000,+0000.0000000000000000,+0000.1455887880563942,+0000.7937155030016005,+0000.0606957089420055
+0000.0000000000000000,+0000.0000000000000000,+0000.0000000000000000,+0000.0000000000000000,+0000.1455887880543045,+0000.7937155030050398,+0000.0606957089406558
+0000.0000000000000000,+0000.0000000000000000,+0000.0000000000000000,+0000.0000000000000000,+0000.1455887880537973,+0000.7937155030060452,+0000.0606957089401579
+0000.0000000000000000,+0000.0000000000000000,+0000.0000000000000000,+0000.0000000000000000,+0000.1455887880543937,+0000.7937155030052117,+0000.0606957089403949
+0000.0000000000000000,+0000.0000000000000000,+0000.0000000000000000,+0000.0000000000000000,+0000.1455887880550752,+0000.7937155030039902,+0000.0606957089409347
+0000.0000000000000000,+0000.0000000000000000,+0000.0000000000000000,+0000.0000000000000000,+0000.1455887880550594,+0000.7937155030035754,+0000.0606957089413651
+0000.0000000000000000,+0000.0000000000000000,+0000.0000000000000000,+0000.0000000000000000,+0000.1455887880542378,+0000.7937155030042510,+0000.0606957089415114
+0000.0000000000000000,+0000.0000000000000000,+0000.0000000000000000,+0000.0000000000000000,+0000.1455887880531077,+0000.7937155030054419,+0000.0606957089414506
+0000.0000000000000000,+0000.0000000000000000,+0000.0000000000000000,+0000.0000000000000000,+0000.1455887880523543,+0000.7937155030062717,+0000.0606957089413738
+0000.0000000000000000,+0000.0000000000000000,+0000.0000000000000000,+0000.0000000000000000,+0000.1455887880524019,+0000.7937155030061774,+0000.0606957089414205
+0000.0000000000000000,+0000.0000000000000000,+0000.0000000000000000,+0000.0000000000000000,+0000.1455887880531986,+0000.7937155030052108,+0000.0606957089415909
+0000.0000000000000000,+0000.0000000000000000,+0000.0000000000000000,+0000.0000000000000000,+0000.1455887880543114,+0000.7937155030039177,+0000.0606957089417711
+0000.0000000000000000,+0000.0000000000000000,+0000.0000000000000000,+0000.0000000000000000,+0000.1455887880552149,+0000.7937155030029561,+0000.0606957089418293
+0000.0000000000000000,+0000.0000000000000000,+0000.0000000000000000,+0000.0000000000000000,+0000.1455887880555766,+0000.7937155030027148,+0000.0606957089417089
+0000.0000000000000000,+0000.0000000000000000,+0000.0000000000000000,+0000.0000000000000000,+0000.1455887880553833,+0000.7937155030031555,+0000.0606957089414613
+0000.0000000000000000,+0000.0000000000000000,+0000.0000000000000000,+0000.0000000000000000,+0000.1455887880548759,+0000.7937155030039159,+0000.0606957089412085
+0000.0000000000000000,+0000.0000000000000000,+0000.0000000000000000,+0000.0000000000000000,+0000.1455887880543684,+0000.7937155030045630,+0000.0606957089410686
+0000.0000000000000000,+0000.0000000000000000,+0000.0000000000000000,+0000.0000000000000000,+0000.1455887880540752,+0000.7937155030048318,+0000.0606957089410930
+0000.0000000000000000,+0000.0000000000000000,+0000.0000000000000000,+0000.0000000000000000,+0000.1455887880540341,+0000.7937155030047176,+0000.0606957089412485
+0000.0000000000000000,+0000.0000000000000000,+0000.0000000000000000,+0000.0000000000000000,+0000.1455887880541419,+0000.7937155030044120,+0000.0606957089414464
+0000.0000000000000000,+0000.0000000000000000,+0000.0000000000000000,+0000.0000000000000000,+0000.1455887880542558,+0000.7937155030041492,+0000.0606957089415952
+0000.0000000000000000,+0000.0000000000000000,+0000.0000000000000000,+0000.0000000000000000,+0000.1455887880542864,+0000.7937155030040695,+0000.0606957089416443
+0000.0000000000000000,+0000.0000000000000000,+0000.0000000000000000,+0000.0000000000000000,+0000.1455887880542339,+0000.7937155030041667,+0000.0606957089415991
+0000.0000000000000000,+0000.0000000000000000,+0000.0000000000000000,+0000.0000000000000000,+0000.1455887880541631,+0000.7937155030043319,+0000.0606957089415048
+0000.0000000000000000,+0000.0000000000000000,+0000.0000000000000000,+0000.0000000000000000,+0000.1455887880541449,+0000.7937155030044402,+0000.0606957089414150
+0000.0000000000000000,+0000.0000000000000000,+0000.0000000000000000,+0000.0000000000000000,+0000.1455887880542080,+0000.7937155030044271,+0000.0606957089413649
+0000.0000000000000000,+0000.0000000000000000,+0000.0000000000000000,+0000.0000000000000000,+0000.1455887880543262,+0000.7937155030043136,+0000.0606957089413602
+0000.0000000000000000,+0000.0000000000000000,+0000.0000000000000000,+0000.0000000000000000,+0000.1455887880544411,+0000.7937155030041754,+0000.0606957089413838
+0000.0000000000000000,+0000.0000000000000000,+0000.0000000000000000,+0000.0000000000000000,+0000.1455887880544995,+0000.7937155030040880,+0000.0606957089414124
+0000.0000000000000000,+0000.0000000000000000,+0000.0000000000000000,+0000.0000000000000000,+0000.1455887880544826,+0000.7937155030040871,+0000.0606957089414304
+0000.0000000000000000,+0000.0000000000000000,+0000.0000000000000000,+0000.0000000000000000,+0000.1455887880544100,+0000.7937155030041549,+0000.0606957089414349
+0000.0000000000000000,+0000.0000000000000000,+0000.0000000000000000,+0000.0000000000000000,+0000.1455887880543235,+0000.7937155030042438,+0000.0606957089414329
+0000.0000000000000000,+0000.0000000000000000,+0000.0000000000000000,+0000.0000000000000000,+0000.1455887880542617,+0000.7937155030043057,+0000.0606957089414327
+0000.0000000000000000,+0000.0000000000000000,+0000.0000000000000000,+0000.0000000000000000,+0000.1455887880542424,+0000.7937155030043201,+0000.0606957089414378
+0000.0000000000000000,+0000.0000000000000000,+0000.0000000000000000,+0000.0000000000000000,+0000.1455887880542589,+0000.7937155030042957,+0000.0606957089414456
+0000.0000000000000000,+0000.0000000000000000,+0000.0000000000000000,+0000.0000000000000000,+0000.1455887880542902,+0000.7937155030042599,+0000.0606957089414503
+0000.0000000000000000,+0000.0000000000000000,+0000.0000000000000000,+0000.0000000000000000,+0000.1455887880543156,+0000.7937155030042369,+0000.0606957089414478
+0000.0000000000000000,+0000.0000000000000000,+0000.0000000000000000,+0000.0000000000000000,+0000.1455887880543253,+0000.7937155030042363,+0000.0606957089414382
+0000.0000000000000000,+0000.0000000000000000,+0000.0000000000000000,+0000.0000000000000000,+0000.1455887880543220,+0000.7937155030042516,+0000.0606957089414262
+0000.0000000000000000,+0000.0000000000000000,+0000.0000000000000000,+0000.0000000000000000,+0000.1455887880543153,+0000.7937155030042674,+0000.0606957089414174
+0000.0000000000000000,+0000.0000000000000000,+0000.0000000000000000,+0000.0000000000000000,+0000.1455887880543138,+0000.7937155030042710,+0000.0606957089414154
+0000.0000000000000000,+0000.0000000000000000,+0000.0000000000000000,+0000.0000000000000000,+0000.1455887880543200,+0000.7937155030042595,+0000.0606957089414204
+0000.0000000000000000,+0000.0000000000000000,+0000.0000000000000000,+0000.0000000000000000,+0000.1455887880543302,+0000.7937155030042410,+0000.0606957089414289
+0000.0000000000000000,+0000.0000000000000000,+0000.0000000000000000,+0000.0000000000000000,+0000.1455887880543378,+0000.7937155030042258,+0000.0606957089414367
+0000.0000000000000000,+0000.0000000000000000,+0000.0000000000000000,+0000.0000000000000000,+0000.1455887880543380,+0000.7937155030042216,+0000.0606957089414406
+0000.0000000000000000,+0000.0000000000000000,+0000.0000000000000000,+0000.0000000000000000,+0000.1455887880543309,+0000.7937155030042291,+0000.0606957089414398
+0000.0000000000000000,+0000.0000000000000000,+0000.0000000000000000,+0000.0000000000000000,+0000.1455887880543202,+0000.7937155030042436,+0000.0606957089414360
+0000.0000000000000000,+0000.0000000000000000,+0000.0000000000000000,+0000.0000000000000000,+0000.1455887880543112,+0000.7937155030042571,+0000.0606957089414316
+0000.0000000000000000,+0000.0000000000000000,+0000.0000000000000000,+0000.0000000000000000,+0000.1455887880543072,+0000.7937155030042640,+0000.0606957089414287
+0000.0000000000000000,+0000.0000000000000000,+0000.0000000000000000,+0000.0000000000000000,+0000.1455887880543089,+0000.7937155030042629,+0000.0606957089414281
+0000.0000000000000000,+0000.0000000000000000,+0000.0000000000000000,+0000.0000000000000000,+0000.1455887880543139,+0000.7937155030042570,+0000.0606957089414292
+0000.0000000000000000,+0000.0000000000000000,+0000.0000000000000000,+0000.0000000000000000,+0000.1455887880543192,+0000.7937155030042502,+0000.0606957089414309
+0000.0000000000000000,+0000.0000000000000000,+0000.0000000000000000,+0000.0000000000000000,+0000.1455887880543223,+0000.7937155030042456,+0000.0606957089414321
+0000.0000000000000000,+0000.0000000000000000,+0000.0000000000000000,+0000.0000000000000000,+0000.1455887880543228,+0000.7937155030042449,+0000.0606957089414324
+0000.0000000000000000,+0000.0000000000000000,+0000.0000000000000000,+0000.0000000000000000,+0000.1455887880543216,+0000.7937155030042461,+0000.0606957089414321
+0000.0000000000000000,+0000.0000000000000000,+0000.0000000000000000,+0000.0000000000000000,+0000.1455887880543203,+0000.7937155030042481,+0000.0606957089414318
+0000.0000000000000000,+0000.0000000000000000,+0000.0000000000000000,+0000.0000000000000000,+0000.1455887880543198,+0000.7937155030042488,+0000.0606957089414316
+0000.0000000000000000,+0000.0000000000000000,+0000.0000000000000000,+0000.0000000000000000,+0000.1455887880543203,+0000.7937155030042482,+0000.0606957089414318
