+0001.0000000000000000,+0000.0000000000000000,+0000.0000000000000000,+0000.0000000000000000,+0000.0000000000000000
+0000.9975455931074465,+0000.0000943906343836,+0000.0023597658595890,+0000.0000000096307147,+0000.0000002407678665
+0000.9903015045473775,+0000.0003729330830768,+0000.0093233270769195,+0000.0000000859727933,+0000.0000021493198331
+0000.9784726729060236,+0000.0008276332191158,+0000.0206908304778943,+0000.0000003408998833,+0000.0000085224970831
+0000.9622939240437517,+0000.0014492954530310,+0000.0362323863257759,+0000.0000009382375939,+0000.0000234559398475
+0000.9420241334414385,+0000.0022277502800277,+0000.0556937570006915,+0000.0000020907414555,+0000.0000522685363865
+0000.9179411003848668,+0000.0031520544901054,+0000.0788013622526341,+0000.0000040570335536,+0000.0001014258388401
+0000.8903371716424469,+0000.0042106624920141,+0000.1052665623003530,+0000.0000071385986610,+0000.0001784649665250
+0000.8595156139028296,+0000.0053915687158944,+0000.1347892178973601,+0000.0000116769032275,+0000.0002919225806881
+0000.8257877045757586,+0000.0066824222350791,+0000.1670605558769776,+0000.0000180506658533,+0000.0004512666463315
+0000.7894704887391791,+0000.0080706156180873,+0000.2017653904521826,+0000.0000266732765596,+0000.0006668319139911
+0000.7508851348342792,+0000.0095433506333984,+0000.2385837658349585,+0000.0000379903345140,+0000.0009497583628500
+0000.7103558118426154,+0000.0110876838332167,+0000.2771920958304168,+0000.0000524772497597,+0000.0013119312439916
+0000.6682090048246155,+0000.0126905552884330,+0000.3172638822108254,+0000.0000706368336972,+0000.0017659208424292
+0000.6247731826759568,+0000.0143388038810625,+0000.3584700970265631,+0000.0000929967852468,+0000.0023249196311707
+0000.5803787307658526,+0000.0160191726213719,+0000.4004793155342976,+0000.0001201069645568,+0000.0030026741139211
+0000.5353580609658367,+0000.0177183074753027,+0000.4429576868825663,+0000.0001525363337036,+0000.0038134083425908
+0000.4900458118857360,+0000.0194227531856102,+0000.4855688296402537,+0000.0001908694341692,+0000.0047717358542309
+0000.4447790525517580,+0000.0211189495605976,+0000.5279737390149374,+0000.0002357022643349,+0000.0058925566083719
+0000.3998974031519017,+0000.0227932316920984,+0000.5698307923024571,+0000.0002876374174440,+0000.0071909354360989
+0000.3557429869065479,+0000.0244318375458080,+0000.6107959386451980,+0000.0003472783424018,+0000.0086819585600443
+0000.3126601278681655,+0000.0260209263305289,+0000.6505231582632205,+0000.0004152225976187,+0000.0103805649404664
+0000.2709947109758172,+0000.0275466109791284,+0000.6886652744782061,+0000.0004920539833403,+0000.0123013495835079
+0000.2310931236268741,+0000.0289950079367799,+0000.7248751984194939,+0000.0005783334621866,+0000.0144583365546655
+0000.1933007031731582,+0000.0303523072191745,+0000.7588076804793582,+0000.0006745888126273,+0000.0168647203156819
+0000.1579596230108659,+0000.0316048653383216,+0000.7901216334580363,+0000.0007813030074145,+0000.0195325751853613
+0000.1254061622799560,+0000.0327393231579479,+0000.8184830789486928,+0000.0008989013697463,+0000.0224725342436573
+0000.0959673215589204,+0000.0337427499977052,+0000.8435687499426245,+0000.0010277376346442,+0000.0256934408661060
+0000.0699567701325380,+0000.0346028143252966,+0000.8650703581324086,+0000.0011680791311445,+0000.0292019782786121
+0000.0476701399334190,+0000.0353079801405653,+0000.8826995035141264,+0000.0013200914004573,+0000.0330022850114322
+0000.0293797171657182,+0000.0358477266672989,+0000.8961931666824675,+0000.0014838226724814,+0000.0370955668120342
+0000.0153286243262059,+0000.0362127872552997,+0000.9053196813824858,+0000.0016591887321542,+0000.0414797183038545
+0000.0057246314526327,+0000.0363954015186590,+0000.9098850379664692,+0000.0018459588100861,+0000.0461489702521531
+0000.0007337836311401,+0000.0363895727954170,+0000.9097393198854201,+0000.0020437432187701,+0000.0510935804692527
+0000.0004740787944723,+0000.0361913211468728,+0000.9047830286718129,+0000.0022519835148786,+0000.0562995878719634
+0000.0050094714720841,+0000.0357989204941651,+0000.8949730123541209,+0000.0024699459876781,+0000.0617486496919520
+0000.0143445096125325,+0000.0352131073112837,+0000.8803276827820847,+0000.0026967192420808,+0000.0674179810520184
+0000.0284199278854099,+0000.0344372477586960,+0000.8609311939673915,+0000.0029312165534040,+0000.0732804138350990
+0000.0471095173716291,+0000.0334774504323695,+0000.8369362608092308,+0000.0031721835148758,+0000.0793045878718948
+0000.0702185647489355,+0000.0323426131531420,+0000.8085653288285412,+0000.0034182112795916,+0000.0854552819897901
+0000.0974841022749710,+0000.0310443944880034,+0000.7761098622000757,+0000.0036677554244981,+0000.0916938856124519
+0000.1285771337998087,+0000.0295971039334727,+0000.7399275983368088,+0000.0039191601511504,+0000.0979790037787596
+0000.1631069052451694,+0000.0280175087426240,+0000.7004377185655914,+0000.0041706872094852,+0000.1042671802371298
+0000.2006271768130950,+0000.0263245599693999,+0000.6581139992349881,+0000.0044205486147122,+0000.1105137153678049
+0000.2406443373354334,+0000.0245390450718891,+0000.6134761267972187,+0000.0046669419536715,+0000.1166735488417871
+0000.2826270888283911,+0000.0226831789404196,+0000.5670794735104814,+0000.0049080868738734,+0000.1227021718468342
+0000.3260173319200552,+0000.0207801490722988,+0000.5195037268074622,+0000.0051422612384686,+0000.1285565309617152
+0000.3702418097225925,+0000.0188536334297740,+0000.4713408357443426,+0000.0053678354270497,+0000.1341958856762414
+0000.4147240259006054,+0000.0169273110207775,+0000.4231827755194285,+0000.0055833033676612,+0000.1395825841915278
+0000.4588959457878286,+0000.0150243853026520,+0000.3756096325662933,+0000.0057873090901241,+0000.1446827272531021
+0000.5022090172795929,+0000.0131671391530477,+0000.3291784788261863,+0000.0059786678746605,+0000.1494666968665124
+0000.5441441070561363,+0000.0113765375543305,+0000.2844134388582552,+0000.0061563814050492,+0000.1539095351262290
+0000.5842200306288252,+0000.0096718905929905,+0000.2417972648247576,+0000.0063196466905165,+0000.1579911672629101
+0000.6220004529368722,+0000.0080705852538735,+0000.2017646313468313,+0000.0064678588639394,+0000.1616964715984838
+0000.6570990402215816,+0000.0065878901845397,+0000.1646972546134866,+0000.0066006082684767,+0000.1650152067119156
+0000.6891828446218198,+0000.0052368334860222,+0000.1309208371505494,+0000.0067176724900619,+0000.1679418122515471
+0000.7179739927981302,+0000.0040281499558801,+0000.1007037488969994,+0000.0068190041672689,+0000.1704751041817214
+0000.7432498234543233,+0000.0029702912808762,+0000.0742572820219021,+0000.0069047155093423,+0000.1726178877335562
+0000.7648416728136743,+0000.0020694905639891,+0000.0517372640997257,+0000.0069750604816389,+0000.1743765120409717
+0000.7826325411356854,+0000.0013298712943876,+0000.0332467823596871,+0000.0070304155850093,+0000.1757603896252304
+0000.7965538883653471,+0000.0007535903724600,+0000.0188397593114971,+0000.0070712600750268,+0000.1767815018756690
+0000.8065818055320997,+0000.0003410049725170,+0000.0085251243129250,+0000.0070981563531715,+0000.1774539088292869
+0000.8127327939418758,+0000.0000908537188925,+0000.0022713429723115,+0000.0071117311294970,+0000.1777932782374231
+0000.8150593602282660,+0000.0000004437119788,+0000.0000110927994697,+0000.0071126578177034,+0000.1778164454425821
+0000.8136456055297108,+0000.0000658362212079,+0000.0016459055301977,+0000.0071016404891879,+0000.1775410122296959
+0000.8086029546043406,+0000.0002820252328595,+0000.0070506308214877,+0000.0070793995900505,+0000.1769849897512615
+0000.8000661381565045,+0000.0006431043980881,+0000.0160776099522047,+0000.0070466595189694,+0000.1761664879742336
+0000.7881895109455852,+0000.0011424191946219,+0000.0285604798655502,+0000.0070041380767017,+0000.1751034519175408
+0000.7731437606558320,+0000.0017727022446368,+0000.0443175561159226,+0000.0069525377301389,+0000.1738134432534699
+0000.7551130387379006,+0000.0025261906949472,+0000.0631547673736830,+0000.0068925385843643,+0000.1723134646091050
+0000.7342925247395760,+0000.0033947253561495,+0000.0848681339037417,+0000.0068247929230975,+0000.1706198230774351
+0000.7108864199266203,+0000.0043698319209181,+0000.1092457980229567,+0000.0067499211588272,+0000.1687480289706778
+0000.6851063539151155,+0000.0054427850539705,+0000.1360696263492657,+0000.0066685090262173,+0000.1667127256554310
+0000.6571701791050643,+0000.0066046564886488,+0000.1651164122162238,+0000.0065811058534641,+0000.1645276463365993
+0000.6273011213578731,+0000.0078463485016150,+0000.1961587125403787,+0000.0064882237538514,+0000.1622055938462820
+0000.5957272510154179,+0000.0091586142922504,+0000.2289653573062656,+0000.0063903375917719,+0000.1597584397942943
+0000.5626812354533883,+0000.0105320668903002,+0000.2633016722575111,+0000.0062878855922616,+0000.1571971398065384
+0000.5284003323792249,+0000.0119571782753519,+0000.2989294568838014,+0000.0061812704792932,+0000.1545317619823286
+0000.4931265815670518,+0000.0134242704335533,+0000.3356067608388370,+0000.0060708610446369,+0000.1517715261159211
+0000.4571071512770038,+0000.0149235001163940,+0000.3730875029098552,+0000.0059569940652596,+0000.1489248516314873
+0000.4205947939124091,+0000.0164448391163322,+0000.4111209779083105,+0000.0058399765024212,+0000.1459994125605271
+0000.3838483632755553,+0000.0179780519445621,+0000.4494512986140582,+0000.0057200879294549,+0000.1430021982363697
+0000.3471333429162339,+0000.0195126728942801,+0000.4878168223570072,+0000.0055975831474031,+0000.1399395786850758
+0000.3107223314326025,+0000.0210379846022505,+0000.5259496150562676,+0000.0054726949580339,+0000.1368173739508457
+0000.2748954261772405,+0000.0225430003825920,+0000.5635750095648048,+0000.0053456370721294,+0000.1336409268032336
+0000.2399404417434099,+0000.0240164527957526,+0000.6004113198938195,+0000.0052166071371931,+0000.1304151784298249
+0000.2061528940822105,+0000.0254467911241037,+0000.6361697781025966,+0000.0050857898727343,+0000.1271447468183552
+0000.1738356755021706,+0000.0268221906392984,+0000.6705547659824643,+0000.0049533603029257,+0000.1238340075731410
+0000.1432983406724090,+0000.0281305767447482,+0000.7032644186187101,+0000.0048194870755437,+0000.1204871768885890
+0000.1148559198279479,+0000.0293596672309804,+0000.7339916807745144,+0000.0046843358525600,+0000.1171083963139974
+0000.0888271736125284,+0000.0304970359557648,+0000.7624258988941246,+0000.0045480727514456,+0000.1137018187861365
+0000.0655322055569391,+0000.0315302012099150,+0000.7882550302478770,+0000.0044108678071258,+0000.1102716951781431
+0000.0452893544398966,+0000.0324467418011698,+0000.8111685450292477,+0000.0042728984126803,+0000.1068224603170059
+0000.0284113012118654,+0000.0332344434246811,+0000.8308610856170299,+0000.0041343526825548,+0000.1033588170638687
+0000.0152003453111888,+0000.0338814771299435,+0000.8470369282485896,+0000.0039954326657800,+0000.0998858166444982
+0000.0059428344685776,+0000.0343766105857413,+0000.8594152646435353,+0000.0038563573193134,+0000.0964089329828324
+0000.0009027715256111,+0000.0347094513453914,+0000.8677362836347864,+0000.0037173651343928,+0000.0929341283598183
+0000.0003146717840432,+0000.0348707194072166,+0000.8717679851804168,+0000.0035787162933971,+0000.0894679073349262
+0000.0043758043723554,+0000.0348525440701055,+0000.8713136017526379,+0000.0034406942232655,+0000.0860173555816357
+0000.0132380191556348,+0000.0346487774721415,+0000.8662194368035372,+0000.0033036064064880,+0000.0825901601621984
+0000.0269994332967049,+0000.0342553144046942,+0000.8563828601173560,+0000.0031677843146634,+0000.0791946078665813
+0000.0456963233900447,+0000.0336704052167969,+0000.8417601304199227,+0000.0030335823451245,+0000.0758395586281111
+0000.0692956331027759,+0000.0328949461335953,+0000.8223736533398830,+0000.0029013756701442,+0000.0725343917536014
+0000.0976885540885764,+0000.0319327294294535,+0000.7983182357363359,+0000.0027715569517553,+0000.0692889237938790
+0000.1306856606123637,+0000.0307906349667051,+0000.7697658741676252,+0000.0026445319328196,+0000.0661132983204864
+0000.1680140673851448,+0000.0294787449623882,+0000.7369686240597040,+0000.0025207139843371,+0000.0630178496084258
+0000.2093170290508619,+0000.0280103657322869,+0000.7002591433071697,+0000.0024005177657571,+0000.0600129441439245
+0000.2541563055365654,+0000.0264019437080329,+0000.6600485927008204,+0000.0022843522328686,+0000.0571088058217128
+0000.3020174818017213,+0000.0246728681702944,+0000.6168217042573568,+0000.0021726132988704,+0000.0543153324717574
+0000.3523182607195648,+0000.0228451596162496,+0000.5711289904062378,+0000.0020656765099212,+0000.0516419127480268
+0000.4044195567833282,+0000.0209430499948435,+0000.5235762498710850,+0000.0019638901288748,+0000.0490972532218685
+0000.4576390234872232,+0000.0189924685343481,+0000.4748117133587003,+0000.0018675690238358,+0000.0466892255958926
+0000.5112664685419175,+0000.0170204537891160,+0000.4255113447278962,+0000.0017769897285028,+0000.0444247432125675
+0000.5645804682687501,+0000.0150545180868688,+0000.3763629521717174,+0000.0016923869797179,+0000.0423096744929459
+0000.6168654020554347,+0000.0131219941258057,+0000.3280498531451395,+0000.0016139519489855,+0000.0403487987246347
+0000.6674281002225353,+0000.0112493946371846,+0000.2812348659296120,+0000.0015418322773335,+0000.0385458069333347
+0000.7156133369651489,+0000.0094618146707063,+0000.2365453667676555,+0000.0014761339075573,+0000.0369033476889316
+0000.7608174990176289,+0000.0077824023646022,+0000.1945600591150535,+0000.0014169245962584,+0000.0354231149064572
+0000.8024999080050760,+0000.0062319184934614,+0000.1557979623365340,+0000.0013642388909589,+0000.0341059722739698
+0000.8401914527172818,+0000.0048283983044273,+0000.1207099576106808,+0000.0013180842833697,+0000.0329521070842405
+0000.8735003771597427,+0000.0035869219055795,+0000.0896730476394868,+0000.0012784482036613,+0000.0319612050915298
+0000.9021152522719977,+0000.0025194924858702,+0000.0629873121467541,+0000.0012453055036685,+0000.0311326375917097
+0000.9258053178669547,+0000.0016350155333130,+0000.0408753883328242,+0000.0012186260871888,+0000.0304656521797194
+0000.9444185056183834,+0000.0009393674058486,+0000.0234841851462148,+0000.0011983823780598,+0000.0299595594514934
+0000.9578775382030426,+0000.0004355383194785,+0000.0108884579869615,+0000.0011845563650200,+0000.0296139091254976
+0000.9661745435232715,+0000.0001238330758314,+0000.0030958268957842,+0000.0011771460194275,+0000.0294286504856854
+0000.9693646300096207,+0000.0000021125200756,+0000.0000528130018903,+0000.0011761709410929,+0000.0294042735273208
+0000.9675588458925323,+0000.0000660595531732,+0000.0016514888293309,+0000.0011816771432679,+0000.0295419285816957
+0000.9609169000397820,+0000.0003094552161344,+0000.0077363804033593,+0000.0011937409361818,+0000.0298435234045428
+0000.9496399626825680,+0000.0007244526052251,+0000.0181113151306283,+0000.0012124719069838,+0000.0303117976745947
+0000.9339637985558024,+0000.0013018388801746,+0000.0325459720043667,+0000.0012380150215253,+0000.0309503755381310
+0000.9141524187850505,+0000.0020312781564629,+0000.0507819539115730,+0000.0012705518902660,+0000.0317637972566478
+0000.8904923758029757,+0000.0029015304521540,+0000.0725382613038515,+0000.0013103012477316,+0000.0327575311932874
+0000.8632877706260940,+0000.0039006439743214,+0000.0975160993580356,+0000.0013575186939058,+0000.0339379673476434
+0000.8328559955186088,+0000.0050161198184791,+0000.1254029954619785,+0000.0014124957384975,+0000.0353123934624363
+0000.7995241978387685,+0000.0062350495984433,+0000.1558762399610840,+0000.0014755581769887,+0000.0368889544247158
+0000.7636264223118926,+0000.0075442276370742,+0000.1886056909268556,+0000.0015470638124684,+0000.0386765953117093
+0000.7255013681852206,+0000.0089302401641367,+0000.2232560041034192,+0000.0016273995210471,+0000.0406849880261763
+0000.6854906834995413,+0000.0103795345305893,+0000.2594883632647337,+0000.0017169776425053,+0000.0429244410626303
+0000.6439377097866514,+0000.0118784718067606,+0000.2969617951690153,+0000.0018162316629836,+0000.0454057915745891
+0000.6011865856547303,+0000.0134133663307519,+0000.3353341582687979,+0000.0019256111440662,+0000.0481402786016537
+0000.5575816158913518,+0000.0149705158529067,+0000.3742628963226687,+0000.0020455758435798,+0000.0511393960894931
+0000.5134668130356745,+0000.0165362259144087,+0000.4134056478602179,+0000.0021765889688347,+0000.0544147242208643
+0000.4691855202148161,+0000.0180968320263233,+0000.4524208006580832,+0000.0023191095038761,+0000.0579777375969014
+0000.4250800270030924,+0000.0196387230940946,+0000.4909680773523670,+0000.0024735835596326,+0000.0618395889908134
+0000.3814910939661408,+0000.0211483693675592,+0000.5287092341889814,+0000.0026404347106662,+0000.0660108677666523
+0000.3387573064150012,+0000.0226123579861819,+0000.5653089496545474,+0000.0028200533055489,+0000.0705013326387208
+0000.2972141839115697,+0000.0240174389251432,+0000.6004359731285795,+0000.0030127847705658,+0000.0753196192641419
+0000.2571929795689895,+0000.0253505838167026,+0000.6337645954175657,+0000.0032189169691056,+0000.0804729242276367
+0000.2190191126078895,+0000.0265990597061933,+0000.6649764926548327,+0000.0034386667319649,+0000.0859666682991194
+0000.1830101894363204,+0000.0277505192852016,+0000.6937629821300406,+0000.0036721657364785,+0000.0918041434119588
+0000.1494735831744144,+0000.0287931085095636,+0000.7198277127390910,+0000.0039194459837282,+0000.0979861495932026
+0000.1187035594087952,+0000.0297155917449406,+0000.7428897936235135,+0000.0041804252008751,+0000.1045106300218756
+0000.0909779572244293,+0000.0305074936840850,+0000.7626873421021245,+0000.0044548925765140,+0000.1113723144128468
+0000.0665544591434000,+0000.0311592562552436,+0000.7789814063810897,+0000.0047424953161642,+0000.1185623829041025
+0000.0456665110647643,+0000.0316624076132533,+0000.7915601903313313,+0000.0050427265765636,+0000.1260681644140876
+0000.0285189827782047,+0000.0320097391143793,+0000.8002434778594819,+0000.0053549153941514,+0000.1338728848537823
+0000.0152836897665076,+0000.0321954849826962,+0000.8048871245674036,+0000.0056782192570537,+0000.1419554814263390
+0000.0060949259838154,+0000.0322154982585275,+0000.8053874564631844,+0000.0060116199728645,+0000.1502904993216083
+0000.0010451828384829,+0000.0320674156725667,+0000.8016853918141656,+0000.0063539234490303,+0000.1588480862257545
+0000.0001812491694543,+0000.0317508034168178,+0000.7937700854204427,+0000.0067037639228188,+0000.1675940980704665
+0000.0035008979516246,+0000.0312672754897756,+0000.7816818872443860,+0000.0070596130505468,+0000.1764903262636668
+0000.0109503653699732,+0000.0306205764710746,+0000.7655144117768611,+0000.0074197940916191,+0000.1854948522904722
+0000.0224228148690034,+0000.0298166212978003,+0000.7454155324450039,+0000.0077825012072383,+0000.1945625301809542
+0000.0377579517890206,+0000.0288634858999280,+0000.7215871474981956,+0000.0081458236466485,+0000.2036455911662073
+0000.0567429133845289,+0000.0277713443855003,+0000.6942836096375026,+0000.0085077743304797,+0000.2126943582619886
+0000.0791145058790247,+0000.0265523507707279,+0000.6638087692681917,+0000.0088663220800792,+0000.2216580520019764
+0000.1045627976348714,+0000.0252204658939023,+0000.6305116473475514,+0000.0092194265047569,+0000.2304856626189178
+0000.1327360096403109,+0000.0237912329546559,+0000.5947808238663916,+0000.0095650743668710,+0000.2391268591717707
+0000.1632465763719452,+0000.0222815078692809,+0000.5570376967320179,+0000.0099013161164139,+0000.2475329029103421
+0000.1956781871087781,+0000.0207091531057679,+0000.5177288276441939,+0000.0102263012362025,+0000.2556575309050577
+0000.2295935651719212,+0000.0190927056510502,+0000.4773176412762500,+0000.0105383110731071,+0000.2634577768276714
+0000.2645427047369940,+0000.0174510310994006,+0000.4362757774850099,+0000.0108357879491770,+0000.2708946987294185
+0000.3000712648571794,+0000.0158029764268409,+0000.3950744106710199,+0000.0111173595401910,+0000.2779339885047687
+0000.3357288194807604,+0000.0141670337963466,+0000.3541758449086619,+0000.0113818577620860,+0000.2845464440521452
+0000.3710766800527496,+0000.0125610267627893,+0000.3140256690697290,+0000.0116283316967207,+0000.2907082924180114
+0000.4056950415480427,+0000.0110018286237343,+0000.2750457155933539,+0000.0118560543936490,+0000.2964013598412202
+0000.4391892499081846,+0000.0095051205540393,+0000.2376280138509786,+0000.0120645236802617,+0000.3016130920065361
+0000.4711950443718259,+0000.0080851947618450,+0000.2021298690461207,+0000.0122534573777006,+0000.3063364344425081
+0000.5013826872958010,+0000.0067548054122121,+0000.1688701353052996,+0000.0124227835379497,+0000.3105695884487373
+0000.5294599521626508,+0000.0055250676696929,+0000.1381266917423201,+0000.0125726264778978,+0000.3143156619474385
+0000.5551739936176465,+0000.0044054030685279,+0000.1101350767131939,+0000.0127032894846399,+0000.3175822371159915
+0000.5783121685879542,+0000.0034035276423187,+0000.0850881910579661,+0000.0128152351042987,+0000.3203808776074625
+0000.5987019129244003,+0000.0025254779002091,+0000.0631369475052255,+0000.0129090639103912,+0000.3227265977597739
+0000.6162098027843471,+0000.0017756688445828,+0000.0443917211145682,+0000.0129854925867888,+0000.3246373146697130
+0000.6307399443233290,+0000.0011569777677456,+0000.0289244441936377,+0000.0130453320659728,+0000.3261333016493146
+0000.6422318401271939,+0000.0006708474938942,+0000.0167711873473529,+0000.0130894663473679,+0000.3272366586841910
+0000.6506578776593389,+0000.0003174029805201,+0000.0079350745130019,+0000.0131188324941210,+0000.3279708123530183
+0000.6560205755619573,+0000.0000955756836637,+0000.0023893920915910,+0000.0131344021793382,+0000.3283600544834500
+0000.6583497097454025,+0000.0000032307469718,+0000.0000807686742946,+0000.0131371650320514,+0000.3284291258012795
+0000.6576994245357798,+0000.0000372928241369,+0000.0009323206034228,+0000.0131281139244872,+0000.3282028481121733
+0000.6541454162239302,+0000.0001938671270901,+0000.0048466781772522,+0000.0131082322489128,+0000.3277058062228145
+0000.6477822583872703,+0000.0004683530598772,+0000.0117088264969313,+0000.0130784831559972,+0000.3269620788999238
+0000.6387209212575113,+0000.0008555485150383,+0000.0213887128759590,+0000.0130398006673653,+0000.3259950166841261
+0000.6270865218101800,+0000.0013497435523448,+0000.0337435888086205,+0000.0129930825318793,+0000.3248270632969756
+0000.6130163275255844,+0000.0019448027363927,+0000.0486200684098180,+0000.0129391846664697,+0000.3234796166617352
+0000.5966580250698303,+0000.0026342358759321,+0000.0658558968983040,+0000.0128789170059977,+0000.3219729251499359
+0000.5781682554554208,+0000.0034112572866628,+0000.0852814321665716,+0000.0128130405804366,+0000.3203260145109080
+0000.5577114094288779,+0000.0042688339979053,+0000.1067208499476342,+0000.0127422656394458,+0000.3185566409861369
+0000.5354586706818987,+0000.0051997235523599,+0000.1299930888089987,+0000.0126672506521827,+0000.3166812663045603
+0000.5115872897303968,+0000.0061965022189300,+0000.1549125554732536,+0000.0125886020222087,+0000.3147150505552109
+0000.4862800676700476,+0000.0072515845636277,+0000.1812896140906948,+0000.0125068743721399,+0000.3126718593034899
+0000.4597250262156403,+0000.0083572354149045,+0000.2089308853726145,+0000.0124225712691095,+0000.3105642817277310
+0000.4321152381969211,+0000.0095055753285550,+0000.2376393832138770,+0000.0123361462792559,+0000.3084036569813912
+0000.4036487907721020,+0000.0106885807136177,+0000.2672145178404442,+0000.0122480042566863,+0000.3062001064171497
+0000.3745288518187194,+0000.0118980798330879,+0000.2974519958272003,+0000.0121585027892692,+0000.3039625697317233
+0000.3449638080920918,+0000.0131257459488494,+0000.3281436487212377,+0000.0120679537399165,+0000.3016988434979048
+0000.3151674416654074,+0000.0143630889444901,+0000.3590772236122558,+0000.0119766248376098,+0000.2994156209402370
+0000.2853591087868210,+0000.0156014468362919,+0000.3900361709073014,+0000.0118847412872920,+0000.2971185321822933
+0000.2557638825610720,+0000.0168319786734293,+0000.4207994668357369,+0000.0117924873819142,+0000.2948121845478475
+0000.2266126177949855,+0000.0180456604328604,+0000.4511415108215143,+0000.0117000081134864,+0000.2925002028371534
+0000.1981418930118640,+0000.0192332856296196,+0000.4808321407404931,+0000.0116074107930012,+0000.2901852698250220
+0000.1705937811894300,+0000.0203854724834001,+0000.5096368120850060,+0000.0115147667016220,+0000.2878691675405418
+0000.1442153974487637,+0000.0214926795982640,+0000.5373169899566026,+0000.0114221128075530,+0000.2855528201888171
+0000.1192581690585477,+0000.0225452322110234,+0000.5636308052755883,+0000.0113294535944172,+0000.2832363398604231
+0000.0959767711741939,+0000.0235333611280540,+0000.5883340282013516,+0000.0112367630575542,+0000.2809190764388463
+0000.0746276712798687,+0000.0244472564782828,+0000.6111814119570712,+0000.0111439869340302,+0000.2785996733507474
+0000.0554672270372858,+0000.0252771383356892,+0000.6319284583922320,+0000.0110510452398000,+0000.2762761309949929
+0000.0387492869679199,+0000.0260133460778271,+0000.6503336519456794,+0000.0109578351926378,+0000.2739458798159361
+0000.0247222519769218,+0000.0266464480150018,+0000.6661612003750467,+0000.0108642346012707,+0000.2716058650317589
+0000.0136255690539684,+0000.0271673723147812,+0000.6791843078695331,+0000.0107701057985279,+0000.2692526449631892
+0000.0056856473716382,+0000.0275675595283830,+0000.6891889882095776,+0000.0106753001880927,+0000.2668825047023085
+0000.0011112120638535,+0000.0278391360765664,+0000.6959784019141624,+0000.0105796634594395,+0000.2644915864859782
+0000.0000881424747676,+0000.0279751068636633,+0000.6993776715915831,+0000.0104830415026921,+0000.2620760375672938
+0000.0027738793635842,+0000.0279695637699897,+0000.6992390942497445,+0000.0103852870237188,+0000.2596321755929626
+0000.0092915284589695,+0000.0278179051627630,+0000.6954476290690768,+0000.0102862668195846,+0000.2571566704896061
+0000.0197238340190505,+0000.0275170598347078,+0000.6879264958676955,+0000.0101858696260983,+0000.2546467406524479
+0000.0341072428130082,+0000.0270657070360249,+0000.6766426759006239,+0000.0100840143942443,+0000.2521003598560986
+0000.0524263223331397,+0000.0264644826551271,+0000.6616120663781775,+0000.0099806587935986,+0000.2495164698399572
+0000.0746088323374521,+0000.0257161603045002,+0000.6429040076125041,+0000.0098758076825212,+0000.2468951920630225
+0000.1005217707345942,+0000.0248257952779189,+0000.6206448819479715,+0000.0097695212322894,+0000.2442380308072262
+0000.1299687180642296,+0000.0238008192613593,+0000.5950204815339817,+0000.0096619223515553,+0000.2415480587888744
+0000.1626887848047476,+0000.0226510744724768,+0000.5662768618119197,+0000.0095532030350332,+0000.2388300758758226
+0000.1983574193880396,+0000.0213887776845252,+0000.5347194421131301,+0000.0094436292620890,+0000.2360907315522163
+0000.2365892613904018,+0000.0200284073835825,+0000.5007101845895607,+0000.0093335441014025,+0000.2333386025350526
+0000.2769431261633779,+0000.0185865110237980,+0000.4646627755949491,+0000.0092233687391494,+0000.2305842184787258
+0000.3189290897362119,+0000.0170814337711202,+0000.4270358442780021,+0000.0091136012390259,+0000.2278400309756398
+0000.3620175148642127,+0000.0155329749317635,+0000.3883243732940853,+0000.0090048129580749,+0000.2251203239518635
+0000.4056497317267331,+0000.0139619830285633,+0000.3490495757140812,+0000.0088976426742550,+0000.2224410668563674
+0000.4492499722767228,+0000.0123899047552242,+0000.3097476188806021,+0000.0087927886187484,+0000.2198197154687025
+0000.4922380674652189,+0000.0108383063622420,+0000.2709576590560471,+0000.0086909987352500,+0000.2172749683812422
+0000.5340423612426531,+0000.0093283880473813,+0000.2332097011845297,+0000.0085930595971325,+0000.2148264899283036
+0000.5741122805157722,+0000.0078805124127651,+0000.1970128103191252,+0000.0084997844904749,+0000.2124946122618627
+0000.6119300277044424,+0000.0065137669562608,+0000.1628441739065180,+0000.0084120012089534,+0000.2103000302238255
+0000.6470209289898223,+0000.0052455780133312,+0000.1311394503332774,+0000.0083305401024453,+0000.2082635025611238
+0000.6789620692878571,+0000.0040913898430860,+0000.1022847460771497,+0000.0082562228766121,+0000.2064055719152949
+0000.7073889638239109,+0000.0030644180603643,+0000.0766104515091057,+0000.0081898525617934,+0000.2047463140448256
+0000.7320001438019195,+0000.0021754818112186,+0000.0543870452804641,+0000.0081322049656310,+0000.2033051241407671
+0000.7525596580863363,+0000.0014329144213097,+0000.0358228605327425,+0000.0080840218061392,+0000.2021005451534723
+0000.7688976037181098,+0000.0008425481013284,+0000.0210637025332082,+0000.0080460056018216,+0000.2011501400455320
+0000.7809088878342566,+0000.0004077649540400,+0000.0101941238510006,+0000.0080188162831043,+0000.2004704070775984
+0000.7885504877370729,+0000.0001296041558514,+0000.0032401038962844,+0000.0080030693927231,+0000.2000767348180683
+0000.7918375132481574,+0000.0000069138235415,+0000.0001728455885381,+0000.0079993356669143,+0000.1999833916728488
+0000.7908383876270673,+0000.0000365356623871,+0000.0009133915596786,+0000.0080081417365721,+0000.2002035434142948
+0000.7856694538190110,+0000.0002135108877406,+0000.0053377721935159,+0000.0080299716576823,+0000.2007492914420498
+0000.7764892864255029,+0000.0005312969356231,+0000.0132824233905778,+0000.0080652689710886,+0000.2016317242772076
+0000.7634929518109311,+0000.0009819859308399,+0000.0245496482709983,+0000.0081144389995092,+0000.2028609749877213
+0000.7469064142101161,+0000.0015565175736036,+0000.0389129393400910,+0000.0081778511106230,+0000.2044462777655662
+0000.7269812389799190,+0000.0022448808727777,+0000.0561220218194446,+0000.0082558407049180,+0000.2063960176229406
+0000.7039896987311833,+0000.0030363008650888,+0000.0759075216272217,+0000.0083487107221736,+0000.2087177680543323
+0000.6782203464911066,+0000.0039194080216079,+0000.0979852005401987,+0000.0084567324979652,+0000.2114183124491215
+0000.6499740838520918,+0000.0048823893972236,+0000.1220597349305902,+0000.0085801458392347,+0000.2145036459808599
+0000.6195607220323671,+0000.0059131216974513,+0000.1478280424362834,+0000.0087191582243810,+0000.2179789556095173
+0000.5872960100521232,+0000.0069992873148319,+0000.1749821828707988,+0000.0088739430677790,+0000.2218485766944670
+0000.5534990865201257,+0000.0081284750358891,+0000.2032118758972285,+0000.0090446370210294,+0000.2261159255257271
+0000.5184902992587670,+0000.0092882675608082,+0000.2322066890202072,+0000.0092313363138549,+0000.2307834078463627
+0000.4825893294647493,+0000.0104663182382481,+0000.2616579559562048,+0000.0094340921669541,+0000.2358523041738435
+0000.4461135535742943,+0000.0116504195245574,+0000.2912604881139372,+0000.0096529053379700,+0000.2413226334492408
+0000.4093765757875034,+0000.0128285656559695,+0000.3207141413992383,+0000.0098877198906653,+0000.2471929972666237
+0000.3726868667068349,+0000.0139890118966363,+0000.3497252974159095,+0000.0101384163069473,+0000.2534604076736722
+0000.3363464482685177,+0000.0151203325132449,+0000.3780083128311222,+0000.0104048040918125,+0000.2601201022953026
+0000.3006495717103288,+0000.0162114793431956,+0000.4052869835798898,+0000.0106866140525614,+0000.2671653513140245
+0000.2658813434360768,+0000.0172518424794325,+0000.4312960619858132,+0000.0109834904653341,+0000.2745872616333435
+0000.2323162630883085,+0000.0182313142002198,+0000.4557828550054958,+0000.0112949833733071,+0000.2823745843326689
+0000.2002166487486662,+0000.0191403568345864,+0000.4785089208646598,+0000.0116205412904653,+0000.2905135322616222
+0000.1698309357802323,+0000.0199700747820589,+0000.4992518695514732,+0000.0119595046110094,+0000.2989876152752262
+0000.1413918482134253,+0000.0207122904082773,+0000.5178072602069318,+0000.0123111000450529,+0000.3077775011263129
+0000.1151144545072043,+0000.0213596230281367,+0000.5339905757034171,+0000.0126744364138943,+0000.3168609103473477
+0000.0911941326624941,+0000.0219055696804117,+0000.5476392420102911,+0000.0130485021402621,+0000.3262125535065408
+0000.0698044826029682,+0000.0223445859111412,+0000.5586146477785288,+0000.0134321647579759,+0000.3358041189493860
+0000.0510952359502673,+0000.0226721643396242,+0000.5668041084906050,+0000.0138241727392121,+0000.3456043184802914
+0000.0351902241998859,+0000.0228849084057165,+0000.5721227101429107,+0000.0142231598942884,+0000.3555789973571984
+0000.0221854751827370,+0000.0229805984167726,+0000.5745149604193142,+0000.0146276525377380,+0000.3656913134434385
+0000.0121475138888252,+0000.0229582468532187,+0000.5739561713304658,+0000.0150360795356731,+0000.3759019883918170
+0000.0051119465830165,+0000.0228181398767956,+0000.5704534969198870,+0000.0154467852546274,+0000.3861696313656735
+0000.0010824061106043,+0000.0225618621330121,+0000.5640465533253008,+0000.0158580453242729,+0000.3964511331068100
+0000.0000299309967776,+0000.0221923022591954,+0000.5548075564798819,+0000.0162680850101599,+0000.4067021252539853
+0000.0018928412522732,+0000.0217136370011325,+0000.5428409250283092,+0000.0166750998737807,+0000.4168774968445046
+0000.0065771598615846,+0000.0211312924918758,+0000.5282823122968916,+0000.0170772782826793,+0000.4269319570669690
+0000.0139576112254937,+0000.0204518820301393,+0000.5112970507534802,+0000.0174728252304192,+0000.4368206307604676
+0000.0238792071529904,+0000.0196831205748859,+0000.4920780143721453,+0000.0178599868423074,+0000.4464996710576711
+0000.0361594084321460,+0000.0188337170989306,+0000.4708429274732637,+0000.0182370748844489,+0000.4559268721112104
+0000.0505908268559746,+0000.0179132468624549,+0000.4478311715613708,+0000.0186024905661620,+0000.4650622641540380
+0000.0669444102568471,+0000.0169320065194517,+0000.4233001629862907,+0000.0189547469322086,+0000.4738686733052018
+0000.0849730330298738,+0000.0159008557009509,+0000.3975213925237708,+0000.0192924891825161,+0000.4823122295628884
+0000.1044153980930733,+0000.0148310492804981,+0000.3707762320124501,+0000.0196145123313074,+0000.4903628082826713
+0000.1250001442867323,+0000.0137340648837719,+0000.3433516220942949,+0000.0199197757205852,+0000.4979943930146156
+0000.1464500465634458,+0000.0126214303345951,+0000.3155357583648759,+0000.0202074140283499,+0000.5051853507087333
+0000.1684861952722059,+0000.0115045556300057,+0000.2876138907501410,+0000.0204767445518332,+0000.5119186137958143
+0000.1908320452858976,+0000.0103945737204645,+0000.2598643430116092,+0000.0207272706916171,+0000.5181817672904117
+0000.2132172351610927,+0000.0093021938657661,+0000.2325548466441507,+0000.0209586817049618,+0000.5239670426240287
+0000.2353810901228738,+0000.0082375706828061,+0000.2059392670701513,+0000.0211708489278532,+0000.5292712231963154
+0000.2570757393696792,+0000.0072101912458114,+0000.1802547811452827,+0000.0213638187784324,+0000.5340954694607947
+0000.2780687967989480,+0000.0062287817939120,+0000.1557195448477972,+0000.0215378029445907,+0000.5384450736147520
+0000.2981455735500251,+0000.0053012347946375,+0000.1325308698659349,+0000.0216931662226699,+0000.5423291555667326
+0000.3171108096136703,+0000.0044345563495229,+0000.1108639087380706,+0000.0218304125114905,+0000.5457603127872458
+0000.3347899291960916,+0000.0036348332458907,+0000.0908708311472649,+0000.0219501694773372,+0000.5487542369334154
+0000.3510298397934666,+0000.0029072183835825,+0000.0726804595895609,+0000.0220531723935925,+0000.5513293098397972
+0000.3656993075164767,+0000.0022559328530444,+0000.0563983213261080,+0000.0221402476270918,+0000.5535061906772791
+0000.3786889508326067,+0000.0016842826177785,+0000.0421070654444607,+0000.0222122961963527,+0000.5553074049088014
+0000.3899109015189089,+0000.0011946875570033,+0000.0298671889250815,+0000.0222702777691932,+0000.5567569442298134
+0000.3992981853788372,+0000.0007887205435660,+0000.0197180135891502,+0000.0223151954034024,+0000.5578798850850443
+0000.4068038764557085,+0000.0004671542528121,+0000.0116788563203010,+0000.0223480812681228,+0000.5587020317030553
+0000.4124000774500743,+0000.0002300135022553,+0000.0057503375563816,+0000.0223699835188963,+0000.5592495879723924
+0000.4160767762473078,+0000.0000766310903027,+0000.0019157772575681,+0000.0223819544386476,+0000.5595488609661737
+0000.4178406243252494,+0000.0000057053160638,+0000.0001426329015953,+0000.0223850399021965,+0000.5596259975548952
+0000.4177136777604862,+0000.0000153576039842,+0000.0003839400996051,+0000.0223802701744593,+0000.5595067543614650
+0000.4157321359644868,+0000.0001031889115059,+0000.0025797227876482,+0000.0223686520129375,+0000.5592163003234215
+0000.4119451074798807,+0000.0002663338526750,+0000.0066583463168750,+0000.0223511620134841,+0000.5587790503370852
+0000.4064134264123686,+0000.0005015117159325,+0000.0125377928983127,+0000.0223287411143617,+0000.5582185278590246
+0000.3992085375611268,+0000.0008050737833073,+0000.0201268445826832,+0000.0223022901566500,+0000.5575572539162328
+0000.3904114631763764,+0000.0011730465664383,+0000.0293261641609595,+0000.0222726663883170,+0000.5568166597079089
+0000.3801118596000462,+0000.0016011707599884,+0000.0400292689997103,+0000.0222406807938566,+0000.5560170198463985
+0000.3684071678724700,+0000.0020849358745051,+0000.0521233968626288,+0000.0222070961304005,+0000.5551774032599955
+0000.3554018587172713,+0000.0026196106494133,+0000.0654902662353347,+0000.0221726255537691,+0000.5543156388442116
+0000.3412067691236353,+0000.0032002694643111,+0000.0800067366077801,+0000.0221379317232419,+0000.5534482930810317
+0000.3259385249870181,+0000.0038218150654384,+0000.0955453766359616,+0000.0221036262812153,+0000.5525906570303663
+0000.3097190418917243,+0000.0044789980067450,+0000.1119749501686265,+0000.0220702696128047,+0000.5517567403200996
+0000.2926750940625554,+0000.0051664332741408,+0000.1291608318535206,+0000.0220383708003769,+0000.5509592700094061
+0000.2749379397192476,+0000.0058786146198550,+0000.1469653654963767,+0000.0220083876986361,+0000.5502096924658847
+0000.2566429894830540,+0000.0066099271836691,+0000.1652481795917287,+0000.0219807270669833,+0000.5495181766745649
+0000.2379295030649190,+0000.0073546590209751,+0000.1838664755243783,+0000.0219557447072979,+0000.5488936176824298
+0000.2189402981766495,+0000.0081070121954760,+0000.2026753048869005,+0000.0219337455669612,+0000.5483436391740127
+0000.1998214544329339,+0000.0088611141275555,+0000.2215278531888895,+0000.0219149837788707,+0000.5478745944717505
+0000.1807219939533029,+0000.0096110299178597,+0000.2402757479464928,+0000.0218996626223986,+0000.5474915655599458
+0000.1617935194496991,+0000.0103507763885984,+0000.2587694097149624,+0000.0218879344017984,+0000.5471983600449416
+0000.1431897898401082,+0000.0110743386007863,+0000.2768584650196580,+0000.0218799002515179,+0000.5469975062879296
+0000.1250662129287296,+0000.0117756896114662,+0000.2943922402866566,+0000.0218756098912756,+0000.5468902472818717
+0000.1075792345307484,+0000.0124488142273628,+0000.3112203556840704,+0000.0218750613676091,+0000.5468765341902092
+0000.0908856037126704,+0000.0130877374859131,+0000.3271934371478296,+0000.0218782008328310,+0000.5469550208207561
+0000.0751414947092169,+0000.0136865585459524,+0000.3421639636488111,+0000.0218849224267707,+0000.5471230606692490
+0000.0605014677273176,+0000.0142394905925118,+0000.3559872648127958,+0000.0218950683410536,+0000.5473767085263210
+0000.0471172534333964,+0000.0147409072468771,+0000.3685226811719273,+0000.0219084291595315,+0000.5477107289882678
+0000.0351363496228183,+0000.0151853958178928,+0000.3796348954473217,+0000.0219247445812303,+0000.5481186145307371
+0000.0247004235611202,+0000.0155678175277013,+0000.3891954381925333,+0000.0219437046430256,+0000.5485926160756197
+0000.0159435199078891,+0000.0158833745901678,+0000.3970843647541953,+0000.0219649515672218,+0000.5491237891805260
+0000.0089900820760876,+0000.0161276837108511,+0000.4031920927712784,+0000.0219880823631463,+0000.5497020590786367
