+0001.0000000000000000,+0000.0000000000000000,+0000.0000000000000000,+0000.0000000000000000,+0000.0000000000000000
+0000.9974961383271312,+0000.0000000000000000,+0000.0000000000000000,+0000.0000963023720334,+0000.0024075593008352
+0000.9900468759376483,+0000.0000000000000000,+0000.0000000000000000,+0000.0003828124639366,+0000.0095703115984149
+0000.9778535227146520,+0000.0000000000000000,+0000.0000000000000000,+0000.0008517875878980,+0000.0212946896974500
+0000.9612484770485208,+0000.0000000000000000,+0000.0000000000000000,+0000.0014904431904415,+0000.0372610797610378
+0000.9406724439015572,+0000.0000000000000000,+0000.0000000000000000,+0000.0022818290807093,+0000.0570457270177334
+0000.9166458689688773,+0000.0000000000000000,+0000.0000000000000000,+0000.0032059281165816,+0000.0801482029145411
+0000.8897378817686242,+0000.0000000000000000,+0000.0000000000000000,+0000.0042408507012068,+0000.1060212675301688
+0000.8605359139106949,+0000.0000000000000000,+0000.0000000000000000,+0000.0053640033111271,+0000.1341000827781776
+0000.8296185729304250,+0000.0000000000000000,+0000.0000000000000000,+0000.0065531318103683,+0000.1638282952592067
+0000.7975335020793550,+0000.0000000000000000,+0000.0000000000000000,+0000.0077871729969479,+0000.1946793249236969
+0000.7647810501539871,+0000.0000000000000000,+0000.0000000000000000,+0000.0090468826863851,+0000.2261720671596279
+0000.7318037789369765,+0000.0000000000000000,+0000.0000000000000000,+0000.0103152392716548,+0000.2578809817913689
+0000.6989812465180703,+0000.0000000000000000,+0000.0000000000000000,+0000.0115776443646896,+0000.2894411091172399
+0000.6666291511979154,+0000.0000000000000000,+0000.0000000000000000,+0000.0128219557231571,+0000.3205488930789276
+0000.6350017798972452,+0000.0000000000000000,+0000.0000000000000000,+0000.0140383930808752,+0000.3509598270218794
+0000.6042967258535479,+0000.0000000000000000,+0000.0000000000000000,+0000.0152193566979405,+0000.3804839174485117
+0000.5746609642029350,+0000.0000000000000000,+0000.0000000000000000,+0000.0163591936845025,+0000.4089798421125627
+0000.5461975484233389,+0000.0000000000000000,+0000.0000000000000000,+0000.0174539404452562,+0000.4363485111314051
+0000.5189723761059161,+0000.0000000000000000,+0000.0000000000000000,+0000.0185010624574648,+0000.4625265614366191
+0000.4930206438042199,+0000.0000000000000000,+0000.0000000000000000,+0000.0194992060075300,+0000.4874801501882502
+0000.4683527545932803,+0000.0000000000000000,+0000.0000000000000000,+0000.0204479709771815,+0000.5111992744295382
+0000.4449595541283649,+0000.0000000000000000,+0000.0000000000000000,+0000.0213477094566013,+0000.5336927364150338
+0000.4228168527007993,+0000.0000000000000000,+0000.0000000000000000,+0000.0221993518192000,+0000.5549837954800007
+0000.4018892462681049,+0000.0000000000000000,+0000.0000000000000000,+0000.0230042597589190,+0000.5751064939729762
+0000.3821332839947604,+0000.0000000000000000,+0000.0000000000000000,+0000.0237641044617400,+0000.5941026115434995
+0000.3635000487257878,+0000.0000000000000000,+0000.0000000000000000,+0000.0244807673567004,+0000.6120191839175114
+0000.3459372246212737,+0000.0000000000000000,+0000.0000000000000000,+0000.0251562605914895,+0000.6289065147872365
+0000.3293907266181831,+0000.0000000000000000,+0000.0000000000000000,+0000.0257926643608391,+0000.6448166090209777
+0000.3138059622804065,+0000.0000000000000000,+0000.0000000000000000,+0000.0263920783738305,+0000.6598019593457634
+0000.2991287899886566,+0000.0000000000000000,+0000.0000000000000000,+0000.0269565850004363,+0000.6739146250109070
+0000.2853062297103627,+0000.0000000000000000,+0000.0000000000000000,+0000.0274882219342168,+0000.6872055483554206
+0000.2722869746885819,+0000.0000000000000000,+0000.0000000000000000,+0000.0279889625119776,+0000.6997240627994404
+0000.2600217448530320,+0000.0000000000000000,+0000.0000000000000000,+0000.0284607021210372,+0000.7115175530259307
+0000.2484635158901234,+0000.0000000000000000,+0000.0000000000000000,+0000.0289052493888414,+0000.7226312347210354
+0000.2375676518489907,+0000.0000000000000000,+0000.0000000000000000,+0000.0293243210827311,+0000.7331080270682782
+0000.2272919639364966,+0000.0000000000000000,+0000.0000000000000000,+0000.0297195398485963,+0000.7429884962149074
+0000.2175967137313589,+0000.0000000000000000,+0000.0000000000000000,+0000.0300924340872554,+0000.7523108521813857
+0000.2084445753564544,+0000.0000000000000000,+0000.0000000000000000,+0000.0304444394093671,+0000.7611109852341784
+0000.1998005681038627,+0000.0000000000000000,+0000.0000000000000000,+0000.0307769012267745,+0000.7694225306693627
+0000.1916319685207120,+0000.0000000000000000,+0000.0000000000000000,+0000.0310910781338188,+0000.7772769533454692
+0000.1839082089502969,+0000.0000000000000000,+0000.0000000000000000,+0000.0313881458096040,+0000.7847036452400993
+0000.1766007679045857,+0000.0000000000000000,+0000.0000000000000000,+0000.0316692012344390,+0000.7917300308609755
+0000.1696830563525060,+0000.0000000000000000,+0000.0000000000000000,+0000.0319352670633652,+0000.7983816765841290
+0000.1631303029841090,+0000.0000000000000000,+0000.0000000000000000,+0000.0321872960390727,+0000.8046824009768180
+0000.1569194407037124,+0000.0000000000000000,+0000.0000000000000000,+0000.0324261753575495,+0000.8106543839387380
+0000.1510289959734857,+0000.0000000000000000,+0000.0000000000000000,+0000.0326527309240967,+0000.8163182731024178
+0000.1454389821380157,+0000.0000000000000000,+0000.0000000000000000,+0000.0328677314562302,+0000.8216932864057542
+0000.1401307974817369,+0000.0000000000000000,+0000.0000000000000000,+0000.0330718924045486,+0000.8267973101137146
+0000.1350871284816353,+0000.0000000000000000,+0000.0000000000000000,+0000.0332658796737833,+0000.8316469918445811
+0000.1302918584986119,+0000.0000000000000000,+0000.0000000000000000,+0000.0334503131346688,+0000.8362578283667195
+0000.1257299819872844,+0000.0000000000000000,+0000.0000000000000000,+0000.0336257699235660,+0000.8406442480891495
+0000.1213875241837560,+0000.0000000000000000,+0000.0000000000000000,+0000.0337927875313940,+0000.8448196882848501
+0000.1172514661443726,+0000.0000000000000000,+0000.0000000000000000,+0000.0339518666867549,+0000.8487966671688721
+0000.1133096749480938,+0000.0000000000000000,+0000.0000000000000000,+0000.0341034740404580,+0000.8525868510114485
+0000.1095508388347569,+0000.0000000000000000,+0000.0000000000000000,+0000.0342480446602017,+0000.8562011165050415
+0000.1059644070264646,+0000.0000000000000000,+0000.0000000000000000,+0000.0343859843451360,+0000.8596496086283993
+0000.1025405339658052,+0000.0000000000000000,+0000.0000000000000000,+0000.0345176717705460,+0000.8629417942636489
+0000.0992700276997102,+0000.0000000000000000,+0000.0000000000000000,+0000.0346434604730881,+0000.8660865118272016
+0000.0961443021391569,+0000.0000000000000000,+0000.0000000000000000,+0000.0347636806869555,+0000.8690920171738875
+0000.0931553329308706,+0000.0000000000000000,+0000.0000000000000000,+0000.0348786410411204,+0000.8719660260280092
+0000.0902956166863065,+0000.0000000000000000,+0000.0000000000000000,+0000.0349886301274497,+0000.8747157531862434
+0000.0875581333244306,+0000.0000000000000000,+0000.0000000000000000,+0000.0350939179490604,+0000.8773479487265092
+0000.0849363112973881,+0000.0000000000000000,+0000.0000000000000000,+0000.0351947572577928,+0000.8798689314448190
+0000.0824239954814412,+0000.0000000000000000,+0000.0000000000000000,+0000.0352913847891754,+0000.8822846197293838
+0000.0800154175291135,+0000.0000000000000000,+0000.0000000000000000,+0000.0353840224027264,+0000.8846005600681603
+0000.0777051684919961,+0000.0000000000000000,+0000.0000000000000000,+0000.0354728781349232,+0000.8868219533730807
+0000.0754881735368776,+0000.0000000000000000,+0000.0000000000000000,+0000.0355581471716585,+0000.8889536792914638
+0000.0733596685906265,+0000.0000000000000000,+0000.0000000000000000,+0000.0356400127465143,+0000.8910003186628592
+0000.0713151787614425,+0000.0000000000000000,+0000.0000000000000000,+0000.0357186469707137,+0000.8929661742678439
+0000.0693504983956517,+0000.0000000000000000,+0000.0000000000000000,+0000.0357942116001672,+0000.8948552900041811
+0000.0674616726401020,+0000.0000000000000000,+0000.0000000000000000,+0000.0358668587446114,+0000.8966714686152867
+0000.0656449803904098,+0000.0000000000000000,+0000.0000000000000000,+0000.0359367315234458,+0000.8984182880861443
+0000.0638969185148174,+0000.0000000000000000,+0000.0000000000000000,+0000.0360039646725070,+0000.9000991168126756
+0000.0622141872522584,+0000.0000000000000000,+0000.0000000000000000,+0000.0360686851056824,+0000.9017171276420595
+0000.0605936766914198,+0000.0000000000000000,+0000.0000000000000000,+0000.0361310124349454,+0000.9032753108736348
+0000.0590324542451612,+0000.0000000000000000,+0000.0000000000000000,+0000.0361910594521092,+0000.9047764863027298
+0000.0575277530416387,+0000.0000000000000000,+0000.0000000000000000,+0000.0362489325753216,+0000.9062233143830397
+0000.0560769611599198,+0000.0000000000000000,+0000.0000000000000000,+0000.0363047322630800,+0000.9076183065770003
+0000.0546776116437905,+0000.0000000000000000,+0000.0000000000000000,+0000.0363585533983158,+0000.9089638349578939
+0000.0533273732329045,+0000.0000000000000000,+0000.0000000000000000,+0000.0364104856448883,+0000.9102621411222069
+0000.0520240417554103,+0000.0000000000000000,+0000.0000000000000000,+0000.0364606137786381,+0000.9115153444659515
+0000.0507655321307813,+0000.0000000000000000,+0000.0000000000000000,+0000.0365090179949700,+0000.9127254498742485
+0000.0495498709357687,+0000.0000000000000000,+0000.0000000000000000,+0000.0365557741947782,+0000.9138943548694531
+0000.0483751894902511,+0000.0000000000000000,+0000.0000000000000000,+0000.0366009542503750,+0000.9150238562593739
+0000.0472397174232779,+0000.0000000000000000,+0000.0000000000000000,+0000.0366446262529509,+0000.9161156563237712
+0000.0461417766828360,+0000.0000000000000000,+0000.0000000000000000,+0000.0366868547429679,+0000.9171713685741958
+0000.0450797759558270,+0000.0000000000000000,+0000.0000000000000000,+0000.0367277009247760,+0000.9181925231193971
+0000.0440522054674479,+0000.0000000000000000,+0000.0000000000000000,+0000.0367672228666367,+0000.9191805716659155
+0000.0430576321316535,+0000.0000000000000000,+0000.0000000000000000,+0000.0368054756872442,+0000.9201368921811024
+0000.0420946950266449,+0000.0000000000000000,+0000.0000000000000000,+0000.0368425117297445,+0000.9210627932436108
+0000.0411621011714123,+0000.0000000000000000,+0000.0000000000000000,+0000.0368783807241765,+0000.9219595181044113
+0000.0402586215812637,+0000.0000000000000000,+0000.0000000000000000,+0000.0369131299391822,+0000.9228282484795542
+0000.0393830875820176,+0000.0000000000000000,+0000.0000000000000000,+0000.0369468043237686,+0000.9236701080942140
+0000.0385343873641370,+0000.0000000000000000,+0000.0000000000000000,+0000.0369794466398410,+0000.9244861659960221
+0000.0377114627595488,+0000.0000000000000000,+0000.0000000000000000,+0000.0370110975861713,+0000.9252774396542800
+0000.0369133062252365,+0000.0000000000000000,+0000.0000000000000000,+0000.0370417959144140,+0000.9260448978603495
+0000.0361389580189279,+0000.0000000000000000,+0000.0000000000000000,+0000.0370715785377336,+0000.9267894634433386
+0000.0353875035533301,+0000.0000000000000000,+0000.0000000000000000,+0000.0371004806325642,+0000.9275120158141057
+0000.0346580709164024,+0000.0000000000000000,+0000.0000000000000000,+0000.0371285357339846,+0000.9282133933496131
+0000.0339498285461120,+0000.0000000000000000,+0000.0000000000000000,+0000.0371557758251496,+0000.9288943956287383
+0000.0332619830489926,+0000.0000000000000000,+0000.0000000000000000,+0000.0371822314211926,+0000.9295557855298148
+0000.0325937771526284,+0000.0000000000000000,+0000.0000000000000000,+0000.0372079316479759,+0000.9301982911993959
+0000.0319444877829306,+0000.0000000000000000,+0000.0000000000000000,+0000.0372329043160412,+0000.9308226079010283
+0000.0313134242577480,+0000.0000000000000000,+0000.0000000000000000,+0000.0372571759900867,+0000.9314293997521653
+0000.0306999265889833,+0000.0000000000000000,+0000.0000000000000000,+0000.0372807720542699,+0000.9320193013567468
+0000.0301033638859602,+0000.0000000000000000,+0000.0000000000000000,+0000.0373037167736169,+0000.9325929193404230
+0000.0295231328533188,+0000.0000000000000000,+0000.0000000000000000,+0000.0373260333517955,+0000.9331508337948856
+0000.0289586563772027,+0000.0000000000000000,+0000.0000000000000000,+0000.0373477439854922,+0000.9336935996373054
+0000.0284093821939549,+0000.0000000000000000,+0000.0000000000000000,+0000.0373688699156171,+0000.9342217478904282
+0000.0278747816359516,+0000.0000000000000000,+0000.0000000000000000,+0000.0373894314755403,+0000.9347357868885081
+0000.0273543484495886,+0000.0000000000000000,+0000.0000000000000000,+0000.0374094481365543,+0000.9352362034138570
+0000.0268475976807872,+0000.0000000000000000,+0000.0000000000000000,+0000.0374289385507390,+0000.9357234637684739
+0000.0263540646237121,+0000.0000000000000000,+0000.0000000000000000,+0000.0374479205913957,+0000.9361980147848923
+0000.0258733038286991,+0000.0000000000000000,+0000.0000000000000000,+0000.0374664113912039,+0000.9366602847800969
+0000.0254048881656634,+0000.0000000000000000,+0000.0000000000000000,+0000.0374844273782437,+0000.9371106844560927
+0000.0249484079395223,+0000.0000000000000000,+0000.0000000000000000,+0000.0375019843100184,+0000.9375496077504595
+0000.0245034700544009,+0000.0000000000000000,+0000.0000000000000000,+0000.0375190973056000,+0000.9379774326399990
+0000.0240696972236131,+0000.0000000000000000,+0000.0000000000000000,+0000.0375357808760149,+0000.9383945219003722
+0000.0236467272226096,+0000.0000000000000000,+0000.0000000000000000,+0000.0375520489529766,+0000.9388012238244139
+0000.0232342121822810,+0000.0000000000000000,+0000.0000000000000000,+0000.0375679149160661,+0000.9391978729016526
+0000.0228318179201719,+0000.0000000000000000,+0000.0000000000000000,+0000.0375833916184550,+0000.9395847904613730
+0000.0224392233073299,+0000.0000000000000000,+0000.0000000000000000,+0000.0375984914112566,+0000.9399622852814135
+0000.0220561196686621,+0000.0000000000000000,+0000.0000000000000000,+0000.0376132261665900,+0000.9403306541647478
+0000.0216822102148111,+0000.0000000000000000,+0000.0000000000000000,+0000.0376276072994304,+0000.9406901824857584
+0000.0213172095036946,+0000.0000000000000000,+0000.0000000000000000,+0000.0376416457883195,+0000.9410411447079859
+0000.0209608429299705,+0000.0000000000000000,+0000.0000000000000000,+0000.0376553521950012,+0000.9413838048750282
+0000.0206128462408044,+0000.0000000000000000,+0000.0000000000000000,+0000.0376687366830461,+0000.9417184170761498
+0000.0202729650764188,+0000.0000000000000000,+0000.0000000000000000,+0000.0376818090355224,+0000.9420452258880586
+0000.0199409545340005,+0000.0000000000000000,+0000.0000000000000000,+0000.0376945786717693,+0000.9423644667942306
+0000.0196165787536343,+0000.0000000000000000,+0000.0000000000000000,+0000.0377070546633218,+0000.9426763665830441
+0000.0192996105250138,+0000.0000000000000000,+0000.0000000000000000,+0000.0377192457490380,+0000.9429811437259481
+0000.0189898309137576,+0000.0000000000000000,+0000.0000000000000000,+0000.0377311603494709,+0000.9432790087367717
+0000.0186870289062345,+0000.0000000000000000,+0000.0000000000000000,+0000.0377428065805295,+0000.9435701645132358
+0000.0183910010718679,+0000.0000000000000000,+0000.0000000000000000,+0000.0377541922664667,+0000.9438548066616654
+0000.0181015512419516,+0000.0000000000000000,+0000.0000000000000000,+0000.0377653249522327,+0000.9441331238058154
+0000.0178184902040710,+0000.0000000000000000,+0000.0000000000000000,+0000.0377762119152281,+0000.9444052978807009
+0000.0175416354112764,+0000.0000000000000000,+0000.0000000000000000,+0000.0377868601764894,+0000.9446715044122342
+0000.0172708107052094,+0000.0000000000000000,+0000.0000000000000000,+0000.0377972765113382,+0000.9449319127834523
+0000.0170058460524275,+0000.0000000000000000,+0000.0000000000000000,+0000.0378074674595221,+0000.9451866864880507
+0000.0167465772932205,+0000.0000000000000000,+0000.0000000000000000,+0000.0378174393348762,+0000.9454359833719030
+0000.0164928459022538,+0000.0000000000000000,+0000.0000000000000000,+0000.0378271982345287,+0000.9456799558632175
+0000.0162444987604099,+0000.0000000000000000,+0000.0000000000000000,+0000.0378367500476766,+0000.9459187511919135
+0000.0160013879372407,+0000.0000000000000000,+0000.0000000000000000,+0000.0378461004639523,+0000.9461525115988070
+0000.0157633704834743,+0000.0000000000000000,+0000.0000000000000000,+0000.0378552549814049,+0000.9463813745351206
+0000.0155303082330531,+0000.0000000000000000,+0000.0000000000000000,+0000.0378642189141134,+0000.9466054728528333
+0000.0153020676142108,+0000.0000000000000000,+0000.0000000000000000,+0000.0378729973994535,+0000.9468249349863358
+0000.0150785194691229,+0000.0000000000000000,+0000.0000000000000000,+0000.0378815954050338,+0000.9470398851258434
+0000.0148595388816938,+0000.0000000000000000,+0000.0000000000000000,+0000.0378900177353195,+0000.9472504433829867
+0000.0146450050130653,+0000.0000000000000000,+0000.0000000000000000,+0000.0378982690379591,+0000.9474567259489756
+0000.0144348009444584,+0000.0000000000000000,+0000.0000000000000000,+0000.0379063538098286,+0000.9476588452457129
+0000.0142288135269782,+0000.0000000000000000,+0000.0000000000000000,+0000.0379142764028086,+0000.9478569100702130
+0000.0140269332380364,+0000.0000000000000000,+0000.0000000000000000,+0000.0379220410293063,+0000.9480510257326572
+0000.0138290540440605,+0000.0000000000000000,+0000.0000000000000000,+0000.0379296517675362,+0000.9482412941884035
+0000.0136350732691813,+0000.0000000000000000,+0000.0000000000000000,+0000.0379371125665700,+0000.9484278141642489
+0000.0134448914696047,+0000.0000000000000000,+0000.0000000000000000,+0000.0379444272511691,+0000.9486106812792262
+0000.0132584123133896,+0000.0000000000000000,+0000.0000000000000000,+0000.0379515995264081,+0000.9487899881602019
+0000.0130755424653714,+0000.0000000000000000,+0000.0000000000000000,+0000.0379586329821012,+0000.9489658245525276
+0000.0128961914769800,+0000.0000000000000000,+0000.0000000000000000,+0000.0379655310970393,+0000.9491382774259806
+0000.0127202716807214,+0000.0000000000000000,+0000.0000000000000000,+0000.0379722972430492,+0000.9493074310762293
+0000.0125476980890957,+0000.0000000000000000,+0000.0000000000000000,+0000.0379789346888810,+0000.9494733672220234
+0000.0123783882977455,+0000.0000000000000000,+0000.0000000000000000,+0000.0379854466039329,+0000.9496361650983216
+0000.0122122623926315,+0000.0000000000000000,+0000.0000000000000000,+0000.0379918360618219,+0000.9497959015455465
+0000.0120492428610484,+0000.0000000000000000,+0000.0000000000000000,+0000.0379981060438059,+0000.9499526510951458
+0000.0118892545063014,+0000.0000000000000000,+0000.0000000000000000,+0000.0380042594420654,+0000.9501064860516333
+0000.0117322243658727,+0000.0000000000000000,+0000.0000000000000000,+0000.0380102990628511,+0000.9502574765712766
+0000.0115780816329176,+0000.0000000000000000,+0000.0000000000000000,+0000.0380162276295032,+0000.9504056907375791
+0000.0114267575809372,+0000.0000000000000000,+0000.0000000000000000,+0000.0380220477853486,+0000.9505511946337142
+0000.0112781854914823,+0000.0000000000000000,+0000.0000000000000000,+0000.0380277620964815,+0000.9506940524120362
+0000.0111323005847510,+0000.0000000000000000,+0000.0000000000000000,+0000.0380333730544327,+0000.9508343263608161
+0000.0109890399529493,+0000.0000000000000000,+0000.0000000000000000,+0000.0380388830787328,+0000.9509720769683176
+0000.0108483424962900,+0000.0000000000000000,+0000.0000000000000000,+0000.0380442945193735,+0000.9511073629843363
+0000.0107101488615132,+0000.0000000000000000,+0000.0000000000000000,+0000.0380496096591726,+0000.9512402414793142
+0000.0105744013828143,+0000.0000000000000000,+0000.0000000000000000,+0000.0380548307160457,+0000.9513707679011401
+0000.0104410440250748,+0000.0000000000000000,+0000.0000000000000000,+0000.0380599598451895,+0000.9514989961297357
+0000.0103100223292936,+0000.0000000000000000,+0000.0000000000000000,+0000.0380649991411811,+0000.9516249785295254
+0000.0101812833601226,+0000.0000000000000000,+0000.0000000000000000,+0000.0380699506399954,+0000.9517487659998822
+0000.0100547756554146,+0000.0000000000000000,+0000.0000000000000000,+0000.0380748163209457,+0000.9518704080236399
+0000.0099304491776973,+0000.0000000000000000,+0000.0000000000000000,+0000.0380795981085502,+0000.9519899527137526
+0000.0098082552674892,+0000.0000000000000000,+0000.0000000000000000,+0000.0380842978743274,+0000.9521074468581834
+0000.0096881465983789,+0000.0000000000000000,+0000.0000000000000000,+0000.0380889174385239,+0000.9522229359630969
+0000.0095700771337927,+0000.0000000000000000,+0000.0000000000000000,+0000.0380934585717773,+0000.9523364642944300
+0000.0094540020853783,+0000.0000000000000000,+0000.0000000000000000,+0000.0380979229967163,+0000.9524480749179054
+0000.0093398778729370,+0000.0000000000000000,+0000.0000000000000000,+0000.0381023123895025,+0000.9525578097375604
+0000.0092276620858381,+0000.0000000000000000,+0000.0000000000000000,+0000.0381066283813140,+0000.9526657095328479
+0000.0091173134458553,+0000.0000000000000000,+0000.0000000000000000,+0000.0381108725597749,+0000.9527718139943702
+0000.0090087917713641,+0000.0000000000000000,+0000.0000000000000000,+0000.0381150464703322,+0000.9528761617583035
+0000.0089020579428448,+0000.0000000000000000,+0000.0000000000000000,+0000.0381191516175829,+0000.9529787904395721
+0000.0087970738696371,+0000.0000000000000000,+0000.0000000000000000,+0000.0381231894665525,+0000.9530797366638106
+0000.0086938024578949,+0000.0000000000000000,+0000.0000000000000000,+0000.0381271614439272,+0000.9531790360981777
+0000.0085922075796924,+0000.0000000000000000,+0000.0000000000000000,+0000.0381310689392426,+0000.9532767234810651
+0000.0084922540432346,+0000.0000000000000000,+0000.0000000000000000,+0000.0381349133060295,+0000.9533728326507358
+0000.0083939075641275,+0000.0000000000000000,+0000.0000000000000000,+0000.0381386958629182,+0000.9534673965729544
+0000.0082971347376653,+0000.0000000000000000,+0000.0000000000000000,+0000.0381424178947052,+0000.9535604473676295
+0000.0082019030120949,+0000.0000000000000000,+0000.0000000000000000,+0000.0381460806533810,+0000.9536520163345239
+0000.0081081806628165,+0000.0000000000000000,+0000.0000000000000000,+0000.0381496853591225,+0000.9537421339780610
+0000.0080159367674859,+0000.0000000000000000,+0000.0000000000000000,+0000.0381532332012506,+0000.9538308300312637
+0000.0079251411819807,+0000.0000000000000000,+0000.0000000000000000,+0000.0381567253391546,+0000.9539181334788647
+0000.0078357645171976,+0000.0000000000000000,+0000.0000000000000000,+0000.0381601629031847,+0000.9540040725796179
+0000.0077477781166479,+0000.0000000000000000,+0000.0000000000000000,+0000.0381635469955136,+0000.9540886748878388
+0000.0076611540348206,+0000.0000000000000000,+0000.0000000000000000,+0000.0381668786909685,+0000.9541719672742107
+0000.0075758650162823,+0000.0000000000000000,+0000.0000000000000000,+0000.0381701590378353,+0000.9542539759458823
+0000.0074918844754870,+0000.0000000000000000,+0000.0000000000000000,+0000.0381733890586351,+0000.9543347264658779
+0000.0074091864772669,+0000.0000000000000000,+0000.0000000000000000,+0000.0381765697508744,+0000.9544142437718589
+0000.0073277457179794,+0000.0000000000000000,+0000.0000000000000000,+0000.0381797020877700,+0000.9544925521942508
+0000.0072475375072854,+0000.0000000000000000,+0000.0000000000000000,+0000.0381827870189506,+0000.9545696754737640
+0000.0071685377505334,+0000.0000000000000000,+0000.0000000000000000,+0000.0381858254711333,+0000.9546456367783331
+0000.0070907229317286,+0000.0000000000000000,+0000.0000000000000000,+0000.0381888183487797,+0000.9547204587194918
+0000.0070140700970639,+0000.0000000000000000,+0000.0000000000000000,+0000.0381917665347283,+0000.9547941633682077
+0000.0069385568389918,+0000.0000000000000000,+0000.0000000000000000,+0000.0381946708908080,+0000.9548667722702003
+0000.0068641612808173,+0000.0000000000000000,+0000.0000000000000000,+0000.0381975322584301,+0000.9549383064607527
+0000.0067908620617934,+0000.0000000000000000,+0000.0000000000000000,+0000.0382003514591618,+0000.9550087864790446
+0000.0067186383226981,+0000.0000000000000000,+0000.0000000000000000,+0000.0382031292952808,+0000.9550782323820209
+0000.0066474696918786,+0000.0000000000000000,+0000.0000000000000000,+0000.0382058665503123,+0000.9551466637578090
+0000.0065773362717430,+0000.0000000000000000,+0000.0000000000000000,+0000.0382085639895483,+0000.9552140997387086
+0000.0065082186256844,+0000.0000000000000000,+0000.0000000000000000,+0000.0382112223605506,+0000.9552805590137649
+0000.0064400977654215,+0000.0000000000000000,+0000.0000000000000000,+0000.0382138423936376,+0000.9553460598409411
+0000.0063729551387408,+0000.0000000000000000,+0000.0000000000000000,+0000.0382164248023561,+0000.9554106200589029
+0000.0063067726176255,+0000.0000000000000000,+0000.0000000000000000,+0000.0382189702839374,+0000.9554742570984369
+0000.0062415324867580,+0000.0000000000000000,+0000.0000000000000000,+0000.0382214795197400,+0000.9555369879935016
+0000.0061772174323822,+0000.0000000000000000,+0000.0000000000000000,+0000.0382239531756776,+0000.9555988293919404
+0000.0061138105315127,+0000.0000000000000000,+0000.0000000000000000,+0000.0382263919026341,+0000.9556597975658532
+0000.0060512952414794,+0000.0000000000000000,+0000.0000000000000000,+0000.0382287963368661,+0000.9557199084216546
+0000.0059896553897951,+0000.0000000000000000,+0000.0000000000000000,+0000.0382311671003924,+0000.9557791775098122
+0000.0059288751643343,+0000.0000000000000000,+0000.0000000000000000,+0000.0382335048013717,+0000.9558376200342941
+0000.0058689391038141,+0000.0000000000000000,+0000.0000000000000000,+0000.0382358100344686,+0000.9558952508617170
+0000.0058098320885643,+0000.0000000000000000,+0000.0000000000000000,+0000.0382380833812090,+0000.9559520845302266
+0000.0057515393315794,+0000.0000000000000000,+0000.0000000000000000,+0000.0382403254103238,+0000.9560081352580965
+0000.0056940463698399,+0000.0000000000000000,+0000.0000000000000000,+0000.0382425366780830,+0000.9560634169520770
+0000.0056373390558965,+0000.0000000000000000,+0000.0000000000000000,+0000.0382447177286193,+0000.9561179432154842
+0000.0055814035497056,+0000.0000000000000000,+0000.0000000000000000,+0000.0382468690942420,+0000.9561717273560522
+0000.0055262263107103,+0000.0000000000000000,+0000.0000000000000000,+0000.0382489912957419,+0000.9562247823935476
+0000.0054717940901556,+0000.0000000000000000,+0000.0000000000000000,+0000.0382510848426863,+0000.9562771210671578
+0000.0054180939236324,+0000.0000000000000000,+0000.0000000000000000,+0000.0382531502337064,+0000.9563287558426611
+0000.0053651131238415,+0000.0000000000000000,+0000.0000000000000000,+0000.0382551879567753,+0000.9563796989193831
+0000.0053128392735698,+0000.0000000000000000,+0000.0000000000000000,+0000.0382571984894780,+0000.9564299622369519
+0000.0052612602188732,+0000.0000000000000000,+0000.0000000000000000,+0000.0382591822992741,+0000.9564795574818526
+0000.0052103640624572,+0000.0000000000000000,+0000.0000000000000000,+0000.0382611398437516,+0000.9565284960937910
+0000.0051601391572507,+0000.0000000000000000,+0000.0000000000000000,+0000.0382630715708749,+0000.9565767892718745
+0000.0051105741001655,+0000.0000000000000000,+0000.0000000000000000,+0000.0382649779192244,+0000.9566244479806101
+0000.0050616577260352,+0000.0000000000000000,+0000.0000000000000000,+0000.0382668593182294,+0000.9566714829557356
+0000.0050133791017288,+0000.0000000000000000,+0000.0000000000000000,+0000.0382687161883950,+0000.9567179047098762
+0000.0049657275204322,+0000.0000000000000000,+0000.0000000000000000,+0000.0382705489415218,+0000.9567637235380461
+0000.0049186924960925,+0000.0000000000000000,+0000.0000000000000000,+0000.0382723579809195,+0000.9568089495229879
+0000.0048722637580203,+0000.0000000000000000,+0000.0000000000000000,+0000.0382741437016146,+0000.9568535925403652
+0000.0048264312456443,+0000.0000000000000000,+0000.0000000000000000,+0000.0382759064905521,+0000.9568976622638035
+0000.0047811851034132,+0000.0000000000000000,+0000.0000000000000000,+0000.0382776467267917,+0000.9569411681697950
+0000.0047365156758413,+0000.0000000000000000,+0000.0000000000000000,+0000.0382793647816983,+0000.9569841195424602
+0000.0046924135026922,+0000.0000000000000000,+0000.0000000000000000,+0000.0382810610191272,+0000.9570265254781809
+0000.0046488693142959,+0000.0000000000000000,+0000.0000000000000000,+0000.0382827357956039,+0000.9570683948901002
+0000.0046058740269967,+0000.0000000000000000,+0000.0000000000000000,+0000.0382843894605001,+0000.9571097365125034
+0000.0045634187387260,+0000.0000000000000000,+0000.0000000000000000,+0000.0382860223562028,+0000.9571505589050713
+0000.0045214947246977,+0000.0000000000000000,+0000.0000000000000000,+0000.0382876348182808,+0000.9571908704570214
+0000.0044800934332205,+0000.0000000000000000,+0000.0000000000000000,+0000.0382892271756453,+0000.9572306793911343
+0000.0044392064816254,+0000.0000000000000000,+0000.0000000000000000,+0000.0382907997507067,+0000.9572699937676680
+0000.0043988256523038,+0000.0000000000000000,+0000.0000000000000000,+0000.0382923528595267,+0000.9573088214881695
+0000.0043589428888525,+0000.0000000000000000,+0000.0000000000000000,+0000.0382938868119671,+0000.9573471702991803
+0000.0043195502923235,+0000.0000000000000000,+0000.0000000000000000,+0000.0382954019118336,+0000.9573850477958427
+0000.0042806401175739,+0000.0000000000000000,+0000.0000000000000000,+0000.0382968984570163,+0000.9574224614254101
+0000.0042422047697143,+0000.0000000000000000,+0000.0000000000000000,+0000.0382983767396263,+0000.9574594184906593
+0000.0042042368006514,+0000.0000000000000000,+0000.0000000000000000,+0000.0382998370461287,+0000.9574959261532197
+0000.0041667289057231,+0000.0000000000000000,+0000.0000000000000000,+0000.0383012796574721,+0000.9575319914368050
+0000.0041296739204225,+0000.0000000000000000,+0000.0000000000000000,+0000.0383027048492145,+0000.9575676212303629
+0000.0040930648172085,+0000.0000000000000000,+0000.0000000000000000,+0000.0383041128916458,+0000.9576028222911457
+0000.0040568947023999,+0000.0000000000000000,+0000.0000000000000000,+0000.0383055040499076,+0000.9576376012476924
+0000.0040211568131518,+0000.0000000000000000,+0000.0000000000000000,+0000.0383068785841095,+0000.9576719646027392
+0000.0039858445145100,+0000.0000000000000000,+0000.0000000000000000,+0000.0383082367494419,+0000.9577059187360482
+0000.0039509512965431,+0000.0000000000000000,+0000.0000000000000000,+0000.0383095787962867,+0000.9577394699071704
+0000.0039164707715477,+0000.0000000000000000,+0000.0000000000000000,+0000.0383109049703250,+0000.9577726242581273
+0000.0038823966713269,+0000.0000000000000000,+0000.0000000000000000,+0000.0383122155126412,+0000.9578053878160320
+0000.0038487228445384,+0000.0000000000000000,+0000.0000000000000000,+0000.0383135106598254,+0000.9578377664956360
+0000.0038154432541109,+0000.0000000000000000,+0000.0000000000000000,+0000.0383147906440726,+0000.9578697661018165
+0000.0037825519747261,+0000.0000000000000000,+0000.0000000000000000,+0000.0383160556932797,+0000.9579013923319943
+0000.0037500431903652,+0000.0000000000000000,+0000.0000000000000000,+0000.0383173060311398,+0000.9579326507784950
+0000.0037179111919177,+0000.0000000000000000,+0000.0000000000000000,+0000.0383185418772339,+0000.9579635469308482
+0000.0036861503748506,+0000.0000000000000000,+0000.0000000000000000,+0000.0383197634471211,+0000.9579940861780283
+0000.0036547552369362,+0000.0000000000000000,+0000.0000000000000000,+0000.0383209709524255,+0000.9580242738106384
+0000.0036237203760374,+0000.0000000000000000,+0000.0000000000000000,+0000.0383221646009216,+0000.9580541150230412
+0000.0035930404879480,+0000.0000000000000000,+0000.0000000000000000,+0000.0383233445966174,+0000.9580836149154350
+0000.0035627103642871,+0000.0000000000000000,+0000.0000000000000000,+0000.0383245111398351,+0000.9581127784958776
+0000.0035327248904458,+0000.0000000000000000,+0000.0000000000000000,+0000.0383256644272905,+0000.9581416106822633
+0000.0035030790435851,+0000.0000000000000000,+0000.0000000000000000,+0000.0383268046521698,+0000.9581701163042453
+0000.0034737678906825,+0000.0000000000000000,+0000.0000000000000000,+0000.0383279320042045,+0000.9581983001051126
+0000.0034447865866274,+0000.0000000000000000,+0000.0000000000000000,+0000.0383290466697451,+0000.9582261667436275
+0000.0034161303723628,+0000.0000000000000000,+0000.0000000000000000,+0000.0383301488318322,+0000.9582537207958050
+0000.0033877945730727,+0000.0000000000000000,+0000.0000000000000000,+0000.0383312386702665,+0000.9582809667566610
+0000.0033597745964134,+0000.0000000000000000,+0000.0000000000000000,+0000.0383323163616764,+0000.9583079090419099
+0000.0033320659307877,+0000.0000000000000000,+0000.0000000000000000,+0000.0383333820795851,+0000.9583345519896272
+0000.0033046641436614,+0000.0000000000000000,+0000.0000000000000000,+0000.0383344359944746,+0000.9583608998618642
+0000.0032775648799198,+0000.0000000000000000,+0000.0000000000000000,+0000.0383354782738492,+0000.9583869568462309
+0000.0032507638602636,+0000.0000000000000000,+0000.0000000000000000,+0000.0383365090822976,+0000.9584127270574389
+0000.0032242568796442,+0000.0000000000000000,+0000.0000000000000000,+0000.0383375285815522,+0000.9584382145388040
+0000.0031980398057352,+0000.0000000000000000,+0000.0000000000000000,+0000.0383385369305486,+0000.9584634232637159
+0000.0031721085774410,+0000.0000000000000000,+0000.0000000000000000,+0000.0383395342854831,+0000.9584883571370757
+0000.0031464592034406,+0000.0000000000000000,+0000.0000000000000000,+0000.0383405207998677,+0000.9585130199966918
+0000.0031210877607655,+0000.0000000000000000,+0000.0000000000000000,+0000.0383414966245860,+0000.9585374156146487
+0000.0030959903934118,+0000.0000000000000000,+0000.0000000000000000,+0000.0383424619079457,+0000.9585615476986425
+0000.0030711633109844,+0000.0000000000000000,+0000.0000000000000000,+0000.0383434167957314,+0000.9585854198932844
+0000.0030466027873729,+0000.0000000000000000,+0000.0000000000000000,+0000.0383443614312549,+0000.9586090357813719
+0000.0030223051594586,+0000.0000000000000000,+0000.0000000000000000,+0000.0383452959554055,+0000.9586323988851360
+0000.0029982668258519,+0000.0000000000000000,+0000.0000000000000000,+0000.0383462205066980,+0000.9586555126674497
+0000.0029744842456580,+0000.0000000000000000,+0000.0000000000000000,+0000.0383471352213209,+0000.9586783805330211
+0000.0029509539372723,+0000.0000000000000000,+0000.0000000000000000,+0000.0383480402331819,+0000.9587010058295459
+0000.0029276724772026,+0000.0000000000000000,+0000.0000000000000000,+0000.0383489356739538,+0000.9587233918488437
+0000.0029046364989193,+0000.0000000000000000,+0000.0000000000000000,+0000.0383498216731185,+0000.9587455418279623
+0000.0028818426917306,+0000.0000000000000000,+0000.0000000000000000,+0000.0383506983580104,+0000.9587674589502588
+0000.0028592877996849,+0000.0000000000000000,+0000.0000000000000000,+0000.0383515658538583,+0000.9587891463464566
+0000.0028369686204971,+0000.0000000000000000,+0000.0000000000000000,+0000.0383524242838271,+0000.9588106070956758
+0000.0028148820044994,+0000.0000000000000000,+0000.0000000000000000,+0000.0383532737690577,+0000.9588318442264429
+0000.0027930248536164,+0000.0000000000000000,+0000.0000000000000000,+0000.0383541144287071,+0000.9588528607176765
+0000.0027713941203625,+0000.0000000000000000,+0000.0000000000000000,+0000.0383549463799861,+0000.9588736594996514
+0000.0027499868068627,+0000.0000000000000000,+0000.0000000000000000,+0000.0383557697381976,+0000.9588942434549396
+0000.0027287999638943,+0000.0000000000000000,+0000.0000000000000000,+0000.0383565846167733,+0000.9589146154193322
+0000.0027078306899510,+0000.0000000000000000,+0000.0000000000000000,+0000.0383573911273096,+0000.9589347781827395
+0000.0026870761303272,+0000.0000000000000000,+0000.0000000000000000,+0000.0383581893796028,+0000.9589547344900702
+0000.0026665334762227,+0000.0000000000000000,+0000.0000000000000000,+0000.0383589794816838,+0000.9589744870420935
+0000.0026461999638678,+0000.0000000000000000,+0000.0000000000000000,+0000.0383597615398513,+0000.9589940384962812
+0000.0026260728736665,+0000.0000000000000000,+0000.0000000000000000,+0000.0383605356587052,+0000.9590133914676287
+0000.0026061495293599,+0000.0000000000000000,+0000.0000000000000000,+0000.0383613019411785,+0000.9590325485294617
+0000.0025864272972070,+0000.0000000000000000,+0000.0000000000000000,+0000.0383620604885690,+0000.9590515122142240
+0000.0025669035851836,+0000.0000000000000000,+0000.0000000000000000,+0000.0383628114005699,+0000.9590702850142467
+0000.0025475758421989,+0000.0000000000000000,+0000.0000000000000000,+0000.0383635547753001,+0000.9590888693825008
+0000.0025284415573294,+0000.0000000000000000,+0000.0000000000000000,+0000.0383642907093335,+0000.9591072677333368
+0000.0025094982590679,+0000.0000000000000000,+0000.0000000000000000,+0000.0383650192977282,+0000.9591254824432036
+0000.0024907435145911,+0000.0000000000000000,+0000.0000000000000000,+0000.0383657406340542,+0000.9591435158513545
+0000.0024721749290407,+0000.0000000000000000,+0000.0000000000000000,+0000.0383664548104215,+0000.9591613702605378
+0000.0024537901448211,+0000.0000000000000000,+0000.0000000000000000,+0000.0383671619175069,+0000.9591790479376717
+0000.0024355868409123,+0000.0000000000000000,+0000.0000000000000000,+0000.0383678620445803,+0000.9591965511145071
+0000.0024175627321968,+0000.0000000000000000,+0000.0000000000000000,+0000.0383685552795309,+0000.9592138819882724
+0000.0023997155688011,+0000.0000000000000000,+0000.0000000000000000,+0000.0383692417088923,+0000.9592310427223067
+0000.0023820431354512,+0000.0000000000000000,+0000.0000000000000000,+0000.0383699214178673,+0000.9592480354466815
+0000.0023645432508418,+0000.0000000000000000,+0000.0000000000000000,+0000.0383705944903523,+0000.9592648622588061
+0000.0023472137670186,+0000.0000000000000000,+0000.0000000000000000,+0000.0383712610089609,+0000.9592815252240208
+0000.0023300525687741,+0000.0000000000000000,+0000.0000000000000000,+0000.0383719210550472,+0000.9592980263761786
+0000.0023130575730549,+0000.0000000000000000,+0000.0000000000000000,+0000.0383725747087287,+0000.9593143677182164
+0000.0022962267283831,+0000.0000000000000000,+0000.0000000000000000,+0000.0383732220489084,+0000.9593305512227084
+0000.0022795580142880,+0000.0000000000000000,+0000.0000000000000000,+0000.0383738631532966,+0000.9593465788324154
+0000.0022630494407511,+0000.0000000000000000,+0000.0000000000000000,+0000.0383744980984327,+0000.9593624524608163
+0000.0022466990476615,+0000.0000000000000000,+0000.0000000000000000,+0000.0383751269597053,+0000.9593781739926330
+0000.0022305049042835,+0000.0000000000000000,+0000.0000000000000000,+0000.0383757498113737,+0000.9593937452843426
+0000.0022144651087341,+0000.0000000000000000,+0000.0000000000000000,+0000.0383763667265872,+0000.9594091681646786
+0000.0021985777874722,+0000.0000000000000000,+0000.0000000000000000,+0000.0383769777774049,+0000.9594244444351228
+0000.0021828410947978,+0000.0000000000000000,+0000.0000000000000000,+0000.0383775830348155,+0000.9594395758703864
+0000.0021672532123617,+0000.0000000000000000,+0000.0000000000000000,+0000.0383781825687553,+0000.9594545642188830
+0000.0021518123486845,+0000.0000000000000000,+0000.0000000000000000,+0000.0383787764481275,+0000.9594694112031883
+0000.0021365167386866,+0000.0000000000000000,+0000.0000000000000000,+0000.0383793647408197,+0000.9594841185204936
+0000.0021213646432265,+0000.0000000000000000,+0000.0000000000000000,+0000.0383799475137220,+0000.9594986878430511
