+0001.0000000000000000,+0000.0000000000000000,+0000.0000000000000000,+0000.0000000000000000,+0000.0000000000000000
+0000.9986567607078158,+0000.0000780504897180,+0000.0012488078354885,+0000.0000009635862928,+0000.0000154173806850
+0000.9950753423491969,+0000.0002815825721665,+0000.0045053211546642,+0000.0000081031719984,+0000.0001296507519741
+0000.9897540059404805,+0000.0005723721775604,+0000.0091579548409660,+0000.0000303333553526,+0000.0004853336856408
+0000.9830031213653313,+0000.0009208357935847,+0000.0147333726973545,+0000.0000789805966900,+0000.0012636895470394
+0000.9749932330685814,+0000.0013041592489243,+0000.0208665479827892,+0000.0001668270411591,+0000.0026692326585461
+0000.9657941676894920,+0000.0017047273717687,+0000.0272756379482989,+0000.0003073804112024,+0000.0049180865792378
+0000.9554062811255802,+0000.0021088761766028,+0000.0337420188256440,+0000.0005142837571867,+0000.0082285401149865
+0000.9437853788058541,+0000.0025059379531427,+0000.0400950072502827,+0000.0008008044700424,+0000.0128128715206781
+0000.9308627423839027,+0000.0028875320645698,+0000.0462005130331171,+0000.0011793654422594,+0000.0188698470761508
+0000.9165613911170457,+0000.0032470525181795,+0000.0519528402908718,+0000.0016611009455237,+0000.0265776151283792
+0000.9008093605141858,+0000.0035793079799704,+0000.0572689276795259,+0000.0022554355191952,+0000.0360869683071228
+0000.8835504698715625,+0000.0038802762888639,+0000.0620844206218219,+0000.0029696960716325,+0000.0475151371461195
+0000.8647528066777291,+0000.0041469417566769,+0000.0663510681068310,+0000.0038087754975743,+0000.0609404079611890
+0000.8444149919282777,+0000.0043771890240215,+0000.0700350243843443,+0000.0047748702743151,+0000.0763979243890412
+0000.8225702079509876,+0000.0045697319950536,+0000.0731157119208582,+0000.0058673145960647,+0000.0938770335370357
+0000.7992879637690737,+0000.0047240606223938,+0000.0755849699583005,+0000.0070825297441313,+0000.1133204759061005
+0000.7746736298630769,+0000.0048403922866324,+0000.0774462765861187,+0000.0084141000743631,+0000.1346256011898088
+0000.7488658756518874,+0000.0049196183420845,+0000.0787138934733519,+0000.0098529772078045,+0000.1576476353248719
+0000.7220322656525677,+0000.0049632400793825,+0000.0794118412701193,+0000.0113878031175253,+0000.1822048498804050
+0000.6943633890345531,+0000.0049732917675685,+0000.0795726682810960,+0000.0130053324068696,+0000.2080853185099127
+0000.6660659894208332,+0000.0049522513967916,+0000.0792360223486657,+0000.0146909256961006,+0000.2350548111376090
+0000.6373556107221666,+0000.0049029420549281,+0000.0784470728788501,+0000.0164290808437680,+0000.2628652935002869
+0000.6084492727209546,+0000.0048284283978993,+0000.0772548543663889,+0000.0182039673243975,+0000.2912634771903599
+0000.5795586387507984,+0000.0047319133678243,+0000.0757106138851888,+0000.0199999314115405,+0000.3199989025846479
+0000.5508840470186666,+0000.0046166402349996,+0000.0738662437599941,+0000.0218019452344906,+0000.3488311237518491
+0000.5226096620447210,+0000.0044858043399566,+0000.0717728694393059,+0000.0235959802456481,+0000.3775356839303682
+0000.4948998802258865,+0000.0043424777986909,+0000.0694796447790538,+0000.0253692939527276,+0000.4059087032436413
+0000.4678970089628163,+0000.0041895491311892,+0000.0670327860990264,+0000.0271106268121747,+0000.4337700289947937
+0000.4417201435247769,+0000.0040296784817093,+0000.0644748557073490,+0000.0288103130756568,+0000.4609650092105078
+0000.4164650963101915,+0000.0038652679714192,+0000.0618442875427073,+0000.0304603145985696,+0000.4873650335771124
+0000.3922051910241131,+0000.0036984458526682,+0000.0591751336426905,+0000.0320541899694429,+0000.5128670395110855
+0000.3689927173283379,+0000.0035310625543487,+0000.0564970008695785,+0000.0335870128969257,+0000.5373922063508092
+0000.3468608450438444,+0000.0033646964081156,+0000.0538351425298501,+0000.0350552538834230,+0000.5608840621347667
+0000.3258258152194702,+0000.0032006667833788,+0000.0512106685340607,+0000.0364566382037113,+0000.5833062112593790
+0000.3058892525657551,+0000.0030400524772484,+0000.0486408396359734,+0000.0377899914894720,+0000.6046398638315512
+0000.2870404748955857,+0000.0028837134434978,+0000.0461394150959650,+0000.0390550821508796,+0000.6248813144140717
+0000.2692587064636972,+0000.0027323142475234,+0000.0437170279603739,+0000.0402524677252004,+0000.6440394836032048
+0000.2525151308285570,+0000.0025863479582681,+0000.0413815673322896,+0000.0413833502282875,+0000.6621336036525977
+0000.2367747435517690,+0000.0024461595013387,+0000.0391385520214185,+0000.0424494438191456,+0000.6791911011063281
+0000.2219979850666257,+0000.0023119677797377,+0000.0369914844758032,+0000.0434528566281080,+0000.6952457060497252
+0000.2081421493894168,+0000.0021838861090203,+0000.0349421777443246,+0000.0443959874563083,+0000.7103357993009300
+0000.1951625754195015,+0000.0020619407087381,+0000.0329910513398091,+0000.0452814372077620,+0000.7245029953241890
+0000.1830136349969604,+0000.0019460871431836,+0000.0311373942909379,+0000.0461119343275835,+0000.7377909492413343
+0000.1716495363557083,+0000.0018362247160910,+0000.0293795954574553,+0000.0468902731453381,+0000.7502443703254074
+0000.1610249638045291,+0000.0017322089019621,+0000.0277153424313928,+0000.0476192638154187,+0000.7619082210466973
+0000.1510955749972590,+0000.0016338619473518,+0000.0261417911576290,+0000.0483016924645743,+0000.7728270794331857
+0000.1418183765291378,+0000.0015409818047569,+0000.0246557088761105,+0000.0489402901641175,+0000.7830446426258775
+0000.1331519972301971,+0000.0014533495750557,+0000.0232535932008905,+0000.0495377094114035,+0000.7926033505824535
+0000.1250568767336619,+0000.0013707356362457,+0000.0219317701799313,+0000.0500965069088332,+0000.8015441105413281
+0000.1174953849091893,+0000.0012929046301706,+0000.0206864740827288,+0000.0506191315516420,+0000.8099061048262693
+0000.1104318857296822,+0000.0012196194678632,+0000.0195139114858106,+0000.0511079166656851,+0000.8177266666509592
+0000.1038327571939883,+0000.0011506445002093,+0000.0184103120033484,+0000.0515650756648504,+0000.8250412106376039
+0000.0976663771220513,+0000.0010857479854058,+0000.0173719677664928,+0000.0519927004191796,+0000.8318832067068707
+0000.0919030830095553,+0000.0010247039692525,+0000.0163952635080400,+0000.0523927617360679,+0000.8382841877770841
+0000.0865151126898873,+0000.0009672936793947,+0000.0154766988703149,+0000.0527671114564945,+0000.8442737833039088
+0000.0814765313019860,+0000.0009133065206838,+0000.0146129043309412,+0000.0531174857556701,+0000.8498797720907189
+0000.0767631489938423,+0000.0008625407460937,+0000.0138006519374992,+0000.0534455093130922,+0000.8551281490094724
+0000.0723524328882796,+0000.0008148038662304,+0000.0130368618596861,+0000.0537527000815181,+0000.8600432013042857
+0000.0682234160827738,+0000.0007699128504190,+0000.0123186056067041,+0000.0540404744388298,+0000.8646475910212731
+0000.0643566058303501,+0000.0007276941635871,+0000.0116431066173933,+0000.0543101525522749,+0000.8689624408363945
+0000.0607338925363182,+0000.0006879836756047,+0000.0110077388096751,+0000.0545629638222592,+0000.8730074211561427
+0000.0573384607892469,+0000.0006506264732781,+0000.0104100235724494,+0000.0548000523038253,+0000.8768008368612006
+0000.0541547033091382,+0000.0006154765997065,+0000.0098476255953033,+0000.0550224820291680,+0000.8803597124666840
+0000.0511681384279361,+0000.0005823967410864,+0000.0093183478573816,+0000.0552312421749176,+0000.8836998747986782
+0000.0483653315057196,+0000.0005512578771718,+0000.0088201260347487,+0000.0554272520342567,+0000.8868360325481035
+0000.0457338205202142,+0000.0005219389083675,+0000.0083510225338798,+0000.0556113657669143,+0000.8897818522706240
+0000.0432620459391571,+0000.0004943262697541,+0000.0079092203160657,+0000.0557843769102957,+0000.8925500305647274
+0000.0409392848874467,+0000.0004683135401348,+0000.0074930166421569,+0000.0559470226429568,+0000.8951523622873045
+0000.0387555895479559,+0000.0004438010523785,+0000.0071008168380567,+0000.0560999877977420,+0000.8975998047638671
+0000.0367017296814707,+0000.0004206955098539,+0000.0067311281576631,+0000.0562439086265304,+0000.8999025380244821
+0000.0347691391133763,+0000.0003989096125439,+0000.0063825538007023,+0000.0563793763219636,+0000.9020700211514138
+0000.0329498660091435,+0000.0003783616954581,+0000.0060537871273295,+0000.0565069403040043,+0000.9041110448640645
+0000.0312365267446643,+0000.0003589753811797,+0000.0057436060988751,+0000.0566271112808991,+0000.9060337804943815
+0000.0296222631688782,+0000.0003406792477588,+0000.0054508679641414,+0000.0567403640952486,+0000.9078458255239731
+0000.0281007030531483,+0000.0003234065126729,+0000.0051745042027659,+0000.0568471403665539,+0000.9095542458648591
+0000.0266659235231011,+0000.0003070947331860,+0000.0049135157309755,+0000.0569478509419260,+0000.9111656150708115
+0000.0253124172730065,+0000.0002916855231414,+0000.0046669683702631,+0000.0570428781666820,+0000.9126860506669071
+0000.0240350613693639,+0000.0002771242859903,+0000.0044339885758452,+0000.0571325779864003,+0000.9141212477824000
+0000.0228290884584889,+0000.0002633599636881,+0000.0042137594190095,+0000.0572172818916952,+0000.9154765102671183
+0000.0216900602020140,+0000.0002503448009650,+0000.0040055168154405,+0000.0572972987165638,+0000.9167567794650167
+0000.0206138427739135,+0000.0002380341243865,+0000.0038085459901840,+0000.0573729163006777,+0000.9179666608108386
+0000.0195965842626205,+0000.0002263861355597,+0000.0036221781689545,+0000.0574444030254629,+0000.9191104484074023
+0000.0186346938317797,+0000.0002153617178060,+0000.0034457874848960,+0000.0575120092332660,+0000.9201921477322522
+0000.0177248225029966,+0000.0002049242556010,+0000.0032787880896160,+0000.0575759685383407,+0000.9212154966134458
+0000.0168638454334815,+0000.0001950394660771,+0000.0031206314572338,+0000.0576364990378360,+0000.9221839846053717
+0000.0160488455706412,+0000.0001856752418930,+0000.0029708038702886,+0000.0576938044304224,+0000.9231008708867545
+0000.0152770985744006,+0000.0001768015047863,+0000.0028288240765808,+0000.0577480750496610,+0000.9239692007945712
+0000.0145460589062921,+0000.0001683900691465,+0000.0026942411063437,+0000.0577994888187190,+0000.9247918210994985
+0000.0138533469921213,+0000.0001604145149712,+0000.0025666322395394,+0000.0578482121325514,+0000.9255713941208168
+0000.0131967373722914,+0000.0001528500695942,+0000.0024456011135077,+0000.0578944006732124,+0000.9263104107713941
+0000.0125741477606641,+0000.0001456734976041,+0000.0023307759616662,+0000.0579382001635335,+0000.9270112026165317
+0000.0119836289391445,+0000.0001388629984028,+0000.0022218079744447,+0000.0579797470640007,+0000.9276759530240068
+0000.0114233554210387,+0000.0001323981108826,+0000.0021183697741213,+0000.0580191692172919,+0000.9283067074766653
+0000.0108916168216534,+0000.0001262596247323,+0000.0020201539957175,+0000.0580565864445825,+0000.9289053831133145
+0000.0103868098796116,+0000.0001204294979112,+0000.0019268719665795,+0000.0580921110974061,+0000.9294737775584916
+0000.0099074310769796,+0000.0001148907798588,+0000.0018382524777405,+0000.0581258485685545,+0000.9300135770968663
+0000.0094520698105502,+0000.0001096275400376,+0000.0017540406406019,+0000.0581578977652244,+0000.9305263642435858
+0000.0090194020705377,+0000.0001046248014310,+0000.0016739968228958,+0000.0581883515473612,+0000.9310136247577743
+0000.0086081845865389,+0000.0000998684786439,+0000.0015978956583017,+0000.0582172971339130,+0000.9314767541426024
+0000.0082172494039093,+0000.0000953453202794,+0000.0015255251244700,+0000.0582448164794909,+0000.9319170636718501
+0000.0078454988567370,+0000.0000910428552859,+0000.0014566856845739,+0000.0582709866237299,+0000.9323357859796735
+0000.0074919009063713,+0000.0000869493429905,+0000.0013911894878482,+0000.0582958800154585,+0000.9327340802473316
+0000.0071554848170111,+0000.0000830537265562,+0000.0013288596248991,+0000.0583195648136199,+0000.9331130370179139
+0000.0068353371421924,+0000.0000793455896167,+0000.0012695294338669,+0000.0583421051667252,+0000.9334736826675992
+0000.0065305979981488,+0000.0000758151158630,+0000.0012130418538077,+0000.0583635614724815,+0000.9338169835596989
+0000.0062404576019828,+0000.0000724530513700,+0000.0011592488219198,+0000.0583839906191019,+0000.9341438499056255
+0000.0059641530543756,+0000.0000692506694679,+0000.0011080107114869,+0000.0584034462096867,+0000.9344551393549828
+0000.0057009653482081,+0000.0000661997379775,+0000.0010591958076392,+0000.0584219787709518,+0000.9347516603352235
+0000.0054502165859707,+0000.0000632924886400,+0000.0010126798182405,+0000.0584396359474796,+0000.9350341751596694
+0000.0052112673902180,+0000.0000605215885883,+0000.0009683454174124,+0000.0584564626825757,+0000.9353034029212058
+0000.0049835144925879,+0000.0000578801137115,+0000.0009260818193832,+0000.0584725013867248,+0000.9355600221875926
+0000.0047663884880610,+0000.0000553615237827,+0000.0008857843805228,+0000.0584877920945670,+0000.9358046735130663
+0000.0045593517421973,+0000.0000529596392237,+0000.0008473542275787,+0000.0585023726112356,+0000.9360379617797647
+0000.0043618964400581,+0000.0000506686193923,+0000.0008106979102763,+0000.0585162786488399,+0000.9362604583814336
+0000.0041735427664133,+0000.0000484829422861,+0000.0007757270765776,+0000.0585295439538075,+0000.9364727032609157
+0000.0039938372076498,+0000.0000463973855639,+0000.0007423581690216,+0000.0585422004257511,+0000.9366752068120134
+0000.0038223509665466,+0000.0000444070087926,+0000.0007105121406810,+0000.0585542782284697,+0000.9368684516555100
+0000.0036586784817704,+0000.0000425071368362,+0000.0006801141893791,+0000.0585658058936482,+0000.9370528942983658
+0000.0035024360445742,+0000.0000406933443068,+0000.0006510935089084,+0000.0585768104177774,+0000.9372289666844333
+0000.0033532605057645,+0000.0000389614410052,+0000.0006233830560837,+0000.0585873173527736,+0000.9373970776443731
+0000.0032108080665291,+0000.0000373074582843,+0000.0005969193325485,+0000.0585973508907437,+0000.9375576142518947
+0000.0030747531472127,+0000.0000357276362706,+0000.0005716421803288,+0000.0586069339433054,+0000.9377109430928822
+0000.0029447873285699,+0000.0000342184118878,+0000.0005474945902050,+0000.0586160882158437,+0000.9378574114534934
+0000.0028206183604443,+0000.0000327764076271,+0000.0005244225220341,+0000.0586248342770529,+0000.9379973484328417
+0000.0027019692331962,+0000.0000313984210139,+0000.0005023747362226,+0000.0586331916240925,+0000.9381310659854749
+0000.0025885773075567,+0000.0000300814147251,+0000.0004813026356014,+0000.0586411787436542,+0000.9382588598984624
+0000.0024801934989011,+0000.0000288225073133,+0000.0004611601170129,+0000.0586488131692222,+0000.9383810107075503
+0000.0023765815122370,+0000.0000276189644978,+0000.0004419034319643,+0000.0586561115347827,+0000.9384977845565182
+0000.0022775171244698,+0000.0000264681909845,+0000.0004234910557515,+0000.0586630896252235,+0000.9386094340035710
+0000.0021827875107624,+0000.0000253677227810,+0000.0004058835644957,+0000.0586697624236450,+0000.9387161987783159
+0000.0020921906120375,+0000.0000243152199736,+0000.0003890435195771,+0000.0586761441557892,+0000.9388183064926225
+0000.0020055345408830,+0000.0000233084599365,+0000.0003729353589836,+0000.0586822483317765,+0000.9389159733084202
+0000.0019226370233195,+0000.0000223453309455,+0000.0003575252951283,+0000.0586880877853301,+0000.9390094045652767
+0000.0018433248740696,+0000.0000214238261699,+0000.0003427812187180,+0000.0586936747106498,+0000.9390987953703926
+0000.0017674335031391,+0000.0000205420380179,+0000.0003286726082866,+0000.0586990206970918,+0000.9391843311534649
+0000.0016948064516699,+0000.0000196981528144,+0000.0003151704450297,+0000.0587041367617936,+0000.9392661881886927
+0000.0016252949551765,+0000.0000188904457879,+0000.0003022471326071,+0000.0587090333803784,+0000.9393445340860498
+0000.0015587575323998,+0000.0000181172763498,+0000.0002898764215971,+0000.0587137205158622,+0000.9394195282537909
+0000.0014950595981454,+0000.0000173770836445,+0000.0002780333383112,+0000.0587182076458767,+0000.9394913223340220
+0000.0014340730985779,+0000.0000166683823561,+0000.0002666941176970,+0000.0587225037883161,+0000.9395600606130529
+0000.0013756761675533,+0000.0000159897587546,+0000.0002558361400744,+0000.0587266175255072,+0000.9396258804081106
+0000.0013197528026669,+0000.0000153398669667,+0000.0002454378714677,+0000.0587305570269943,+0000.9396889124319041
+0000.0012661925597847,+0000.0000147174254571,+0000.0002354788073133,+0000.0587343300710265,+0000.9397492811364183
+0000.0012148902649077,+0000.0000141212137084,+0000.0002259394193346,+0000.0587379440648267,+0000.9398071050372228
+0000.0011657457423005,+0000.0000135500690870,+0000.0002168011053914,+0000.0587414060637192,+0000.9398624970195018
+0000.0011186635578818,+0000.0000130028838828,+0000.0002080461421246,+0000.0587447227891833,+0000.9399155646269276
+0000.0010735527769452,+0000.0000124786025141,+0000.0001996576402253,+0000.0587479006459012,+0000.9399664103344141
+0000.0010303267353390,+0000.0000119762188858,+0000.0001916195021721,+0000.0587509457378593,+0000.9400151318057437
+0000.0009889028232909,+0000.0000114947738931,+0000.0001839163822890,+0000.0587538638835607,+0000.9400618221369660
+0000.0009492022811168,+0000.0000110333530616,+0000.0001765336489849,+0000.0587566606304025,+0000.9401065700864341
+0000.0009111500061037,+0000.0000105910843154,+0000.0001694573490466,+0000.0587593412682671,+0000.9401494602922674
+0000.0008746743699017,+0000.0000101671358665,+0000.0001626741738638,+0000.0587619108423749,+0000.9401905734779928
+0000.0008397070458026,+0000.0000097607142170,+0000.0001561714274727,+0000.0587643741654420,+0000.9402299866470657
+0000.0008061828453238,+0000.0000093710622696,+0000.0001499369963129,+0000.0587667358291823,+0000.9402677732669115
+0000.0007740395635525,+0000.0000089974575373,+0000.0001439593205971,+0000.0587690002151952,+0000.9403040034431178
+0000.0007432178327400,+0000.0000086392104501,+0000.0001382273672015,+0000.0587711715052714,+0000.9403387440843366
+0000.0007136609836678,+0000.0000082956627493,+0000.0001327306039888,+0000.0587732536911530,+0000.9403720590584411
+0000.0006853149143378,+0000.0000079661859676,+0000.0001274589754814,+0000.0587752505837776,+0000.9404040093404358
+0000.0006581279655671,+0000.0000076501799881,+0000.0001224028798098,+0000.0587771658220377,+0000.9404346531525971
+0000.0006320508030918,+0000.0000073470716789,+0000.0001175531468617,+0000.0587790028810808,+0000.9404640460972867
+0000.0006070363058126,+0000.0000070563135978,+0000.0001129010175654,+0000.0587807650801783,+0000.9404922412828460
+0000.0005830394598332,+0000.0000067773827652,+0000.0001084381242437,+0000.0587824555901861,+0000.9405192894429716
+0000.0005600172579682,+0000.0000065097794986,+0000.0001041564719783,+0000.0587840774406213,+0000.9405452390499336
+0000.0005379286044121,+0000.0000062530263080,+0000.0001000484209282,+0000.0587856335263740,+0000.9405701364219778
+0000.0005167342242845,+0000.0000060066668469,+0000.0000961066695504,+0000.0587871266140779,+0000.9405940258252405
+0000.0004963965777805,+0000.0000057702649170,+0000.0000923242386719,+0000.0587885593481551,+0000.9406169495704755
+0000.0004768797786724,+0000.0000055434035230,+0000.0000886944563673,+0000.0587899342565555,+0000.9406389481048818
+0000.0004581495169246,+0000.0000053256839748,+0000.0000852109435971,+0000.0587912537562065,+0000.9406600600992971
+0000.0004401729851973,+0000.0000051167250354,+0000.0000818676005670,+0000.0587925201581886,+0000.9406803225310114
+0000.0004229188090275,+0000.0000049161621104,+0000.0000786585937669,+0000.0587937356726530,+0000.9406997707624423
+0000.0004063569804880,+0000.0000047236464785,+0000.0000755783436554,+0000.0587949024134932,+0000.9407184386158849
+0000.0003904587951392,+0000.0000045388445596,+0000.0000726215129533,+0000.0587960224027855,+0000.9407363584445624
+0000.0003751967920948,+0000.0000043614372197,+0000.0000697829955146,+0000.0587970975750104,+0000.9407535612001607
+0000.0003605446970375,+0000.0000041911191090,+0000.0000670579057447,+0000.0587981297810656,+0000.9407700764970431
+0000.0003464773680275,+0000.0000040275980334,+0000.0000644415685351,+0000.0587991207920829,+0000.9407859326733208
+0000.0003329707439556,+0000.0000038705943556,+0000.0000619295096901,+0000.0588000723030591,+0000.9408011568489396
+0000.0003200017955028,+0000.0000037198404260,+0000.0000595174468166,+0000.0588009859363094,+0000.9408157749809448
+0000.0003075484784753,+0000.0000035750800410,+0000.0000572012806561,+0000.0588018632447549,+0000.9408298119160723
+0000.0002955896893896,+0000.0000034360679271,+0000.0000549770868328,+0000.0588027057150504,+0000.9408432914408003
+0000.0002841052231935,+0000.0000033025692499,+0000.0000528411079986,+0000.0588035147705626,+0000.9408562363289954
+0000.0002730757330096,+0000.0000031743591471,+0000.0000507897463536,+0000.0588042917742056,+0000.9408686683872839
+0000.0002624826918001,+0000.0000030512222826,+0000.0000488195565224,+0000.0588050380311412,+0000.9408806084982535
+0000.0002523083558530,+0000.0000029329524231,+0000.0000469272387694,+0000.0588057547913506,+0000.9408920766616037
+0000.0002425357299964,+0000.0000028193520334,+0000.0000451096325340,+0000.0588064432520848,+0000.9409030920333513
+0000.0002331485344547,+0000.0000027102318920,+0000.0000433637102713,+0000.0588071045601993,+0000.9409136729631831
+0000.0002241311732624,+0000.0000026054107238,+0000.0000416865715816,+0000.0588077398143787,+0000.9409238370300534
+0000.0002154687041572,+0000.0000025047148509,+0000.0000400754376146,+0000.0588083500672578,+0000.9409336010761196
+0000.0002071468098792,+0000.0000024079778584,+0000.0000385276457351,+0000.0588089363274431,+0000.9409429812390843
+0000.0001991517708041,+0000.0000023150402772,+0000.0000370406444357,+0000.0588094995614405,+0000.9409519929830423
+0000.0001914704388461,+0000.0000022257492804,+0000.0000356119884862,+0000.0588100406954937,+0000.9409606511278936
+0000.0001840902125659,+0000.0000021399583941,+0000.0000342393343064,+0000.0588105606173376,+0000.9409689698773961
+0000.0001769990134256,+0000.0000020575272220,+0000.0000329204355515,+0000.0588110601778710,+0000.9409769628459301
+0000.0001701852631330,+0000.0000019783211813,+0000.0000316531389012,+0000.0588115401927524,+0000.9409846430840321
+0000.0001636378620227,+0000.0000019022112525,+0000.0000304353800398,+0000.0588120014439230,+0000.9409920231027622
+0000.0001573461684229,+0000.0000018290737388,+0000.0000292651798205,+0000.0588124446810602,+0000.9409991148969575
+0000.0001512999789607,+0000.0000017587900378,+0000.0000281406406042,+0000.0588128706229649,+0000.9410059299674325
+0000.0001454895097595,+0000.0000016912464227,+0000.0000270599427631,+0000.0588132799588859,+0000.9410124793421689
+0000.0001399053784862,+0000.0000016263338339,+0000.0000260213413432,+0000.0588136733497848,+0000.9410187735965517
+0000.0001345385872071,+0000.0000015639476798,+0000.0000250231628764,+0000.0588140514295436,+0000.9410248228726932
+0000.0001293805060134,+0000.0000015039876460,+0000.0000240638023363,+0000.0588144148061182,+0000.9410306368978860
+0000.0001244228573806,+0000.0000014463575144,+0000.0000231417202298,+0000.0588147640626400,+0000.9410362250022350
+0000.0001196577012254,+0000.0000013909649886,+0000.0000222554398183,+0000.0588150997584690,+0000.9410415961354988
+0000.0001150774206282,+0000.0000013377215290,+0000.0000214035444637,+0000.0588154224301991,+0000.9410467588831799
+0000.0001106747081900,+0000.0000012865421932,+0000.0000205846750906,+0000.0588157325926195,+0000.9410517214819067
+0000.0001064425529921,+0000.0000012373454851,+0000.0000197975277618,+0000.0588160307396333,+0000.9410564918341274
+0000.0001023742281324,+0000.0000011900532101,+0000.0000190408513611,+0000.0588163173451354,+0000.9410610775221612
+0000.0000984632788101,+0000.0000011445903361,+0000.0000183134453768,+0000.0588165928638519,+0000.9410654858216253
+0000.0000947035109335,+0000.0000011008848615,+0000.0000176141577839,+0000.0588168577321427,+0000.9410697237142782
+0000.0000910889802271,+0000.0000010588676886,+0000.0000169418830180,+0000.0588171123687689,+0000.9410737979002973
+0000.0000876139818138,+0000.0000010184725024,+0000.0000162955600383,+0000.0588173571756265,+0000.9410777148100190
+0000.0000842730402514,+0000.0000009796356547,+0000.0000156741704747,+0000.0588175925384485,+0000.9410814806151707
+0000.0000810609000023,+0000.0000009422960534,+0000.0000150767368552,+0000.0588178188274761,+0000.9410851012396129
+0000.0000779725163154,+0000.0000009063950569,+0000.0000145023209107,+0000.0588180363981013,+0000.9410885823696156
+0000.0000750030465035,+0000.0000008718763720,+0000.0000139500219527,+0000.0588182455914810,+0000.9410919294636906
+0000.0000721478415956,+0000.0000008386859575,+0000.0000134189753207,+0000.0588184467351254,+0000.9410951477620007
+0000.0000694024383497,+0000.0000008067719311,+0000.0000129083508970,+0000.0588186401434604,+0000.9410982422953617
+0000.0000667625516073,+0000.0000007760844803,+0000.0000124173516846,+0000.0588188261183666,+0000.9411012178938611
+0000.0000642240669761,+0000.0000007465757779,+0000.0000119452124470,+0000.0588190049496944,+0000.9411040791951049
+0000.0000617830338252,+0000.0000007181999003,+0000.0000114911984046,+0000.0588191769157574,+0000.9411068306521126
+0000.0000594356585787,+0000.0000006909127493,+0000.0000110546039881,+0000.0588193422838052,+0000.9411094765408785
+0000.0000571782982951,+0000.0000006646719778,+0000.0000106347516443,+0000.0588195013104757,+0000.9411120209676069
+0000.0000550074545183,+0000.0000006394369183,+0000.0000102309906924,+0000.0588196542422280,+0000.9411144678756433
+0000.0000529197673901,+0000.0000006151685143,+0000.0000098426962290,+0000.0588198013157572,+0000.9411168210521097
+0000.0000509120100108,+0000.0000005918292550,+0000.0000094692680795,+0000.0588199427583917,+0000.9411190841342628
+0000.0000489810830379,+0000.0000005693831121,+0000.0000091101297934,+0000.0588200787884742,+0000.9411212606155825
+0000.0000471240095117,+0000.0000005477954801,+0000.0000087647276821,+0000.0588202096157253,+0000.9411233538516007
+0000.0000453379298993,+0000.0000005270331186,+0000.0000084325298970,+0000.0588203354415935,+0000.9411253670654914
+0000.0000436200973447,+0000.0000005070640966,+0000.0000081130255460,+0000.0588204564595892,+0000.9411273033534231
+0000.0000419678731194,+0000.0000004878577405,+0000.0000078057238479,+0000.0588205728556057,+0000.9411291656896865
+0000.0000403787222612,+0000.0000004693845826,+0000.0000075101533208,+0000.0588206848082259,+0000.9411309569316093
+0000.0000388502093962,+0000.0000004516163128,+0000.0000072258610052,+0000.0588207924890171,+0000.9411326798242690
+0000.0000373799947337,+0000.0000004345257324,+0000.0000069524117190,+0000.0588208960628129,+0000.9411343370050022
+0000.0000359658302273,+0000.0000004180867090,+0000.0000066893873439,+0000.0588209956879838,+0000.9411359310077360
+0000.0000346055558960,+0000.0000004022741338,+0000.0000064363861407,+0000.0588210915166961,+0000.9411374642671336
+0000.0000332970962964,+0000.0000003870638808,+0000.0000061930220934,+0000.0588211836951608,+0000.9411389391225683
+0000.0000320384571410,+0000.0000003724327675,+0000.0000059589242805,+0000.0588212723638715,+0000.9411403578219394
+0000.0000308277220561,+0000.0000003583585170,+0000.0000057337362714,+0000.0588213576578330,+0000.9411417225253226
+0000.0000296630494728,+0000.0000003448197218,+0000.0000055171155488,+0000.0588214397067801,+0000.9411430353084763
+0000.0000285426696457,+0000.0000003317958096,+0000.0000053087329536,+0000.0588215186353880,+0000.9411442981662027
+0000.0000274648817939,+0000.0000003192670096,+0000.0000051082721539,+0000.0588215945634734,+0000.9411455130155693
+0000.0000264280513595,+0000.0000003072143209,+0000.0000049154291344,+0000.0588216676061877,+0000.9411466816989977
+0000.0000254306073770,+0000.0000002956194817,+0000.0000047299117075,+0000.0588217378742023,+0000.9411478059872314
+0000.0000244710399517,+0000.0000002844649403,+0000.0000045514390444,+0000.0588218054738864,+0000.9411488875821772
+0000.0000235478978391,+0000.0000002737338265,+0000.0000043797412244,+0000.0588218705074773,+0000.9411499281196325
+0000.0000226597861240,+0000.0000002634099253,+0000.0000042145588040,+0000.0588219330732442,+0000.9411509291719021
+0000.0000218053639937,+0000.0000002534776501,+0000.0000040556424021,+0000.0588219932656446,+0000.9411518922503093
+0000.0000209833426006,+0000.0000002439220189,+0000.0000039027523026,+0000.0588220511754755,+0000.9411528188076028
+0000.0000201924830128,+0000.0000002347286296,+0000.0000037556580735,+0000.0588221068900170,+0000.9411537102402672
+0000.0000194315942465,+0000.0000002258836375,+0000.0000036141382007,+0000.0588221604931718,+0000.9411545678907435
+0000.0000186995313781,+0000.0000002173737336,+0000.0000034779797368,+0000.0588222120655974,+0000.9411553930495540
+0000.0000179951937326,+0000.0000002091861228,+0000.0000033469779645,+0000.0588222616848344,+0000.9411561869573456
+0000.0000173175231451,+0000.0000002013085046,+0000.0000032209360729,+0000.0588223094254284,+0000.9411569508068492
+0000.0000166655022916,+0000.0000001937290530,+0000.0000030996648473,+0000.0588223553590478,+0000.9411576857447604
+0000.0000160381530875,+0000.0000001864363982,+0000.0000029829823710,+0000.0588223995545969,+0000.9411583928735465
+0000.0000154345351500,+0000.0000001794196087,+0000.0000028707137399,+0000.0588224420783239,+0000.9411590732531777
+0000.0000148537443222,+0000.0000001726681742,+0000.0000027626907872,+0000.0588224829939248,+0000.9411597279027915
+0000.0000142949112561,+0000.0000001661719888,+0000.0000026587518207,+0000.0588225223626435,+0000.9411603578022908
+0000.0000137572000524,+0000.0000001599213356,+0000.0000025587413691,+0000.0588225602433675,+0000.9411609638938753
+0000.0000132398069545,+0000.0000001539068712,+0000.0000024625099396,+0000.0588225966927200,+0000.9411615470835148
+0000.0000127419590945,+0000.0000001481196115,+0000.0000023699137844,+0000.0588226317651479,+0000.9411621082423617
+0000.0000122629132895,+0000.0000001425509173,+0000.0000022808146769,+0000.0588226655130071,+0000.9411626482081090
+0000.0000118019548847,+0000.0000001371924810,+0000.0000021950796963,+0000.0588226979866437,+0000.9411631677862945
+0000.0000113583966442,+0000.0000001320363139,+0000.0000021125810219,+0000.0588227292344720,+0000.9411636677515481
+0000.0000109315776840,+0000.0000001270747334,+0000.0000020331957340,+0000.0588227593030502,+0000.9411641488487984
+0000.0000105208624485,+0000.0000001223003515,+0000.0000019568056238,+0000.0588227882371518,+0000.9411646117944243
+0000.0000101256397271,+0000.0000001177060632,+0000.0000018832970106,+0000.0588228160798355,+0000.9411650572773632
+0000.0000097453217096,+0000.0000001132850354,+0000.0000018125605659,+0000.0588228428725114,+0000.9411654859601781
+0000.0000093793430788,+0000.0000001090306965,+0000.0000017444911448,+0000.0588228686550050,+0000.9411658984800748
+0000.0000090271601398,+0000.0000001049367265,+0000.0000016789876239,+0000.0588228934656185,+0000.9411662954498915
+0000.0000086882499823,+0000.0000001009970466,+0000.0000016159527456,+0000.0588229173411900,+0000.9411666774590355
+0000.0000083621096768,+0000.0000000972058106,+0000.0000015552929688,+0000.0588229403171499,+0000.9411670450743939
+0000.0000080482555021,+0000.0000000935573953,+0000.0000014969183247,+0000.0588229624275754,+0000.9411673988412026
+0000.0000077462222033,+0000.0000000900463925,+0000.0000014407422793,+0000.0588229837052429,+0000.9411677392838821
+0000.0000074555622789,+0000.0000000866676000,+0000.0000013866816004,+0000.0588230041816779,+0000.9411680669068430
+0000.0000071758452957,+0000.0000000834160144,+0000.0000013346562307,+0000.0588230238872037,+0000.9411683821952554
+0000.0000069066572309,+0000.0000000802868228,+0000.0000012845891648,+0000.0588230428509874,+0000.9411686856157945
+0000.0000066475998393,+0000.0000000772753957,+0000.0000012364063319,+0000.0588230611010845,+0000.9411689776173487
+0000.0000063982900465,+0000.0000000743772802,+0000.0000011900364830,+0000.0588230786644820,+0000.9411692586317084
+0000.0000061583593640,+0000.0000000715881926,+0000.0000011454110818,+0000.0588230955671391,+0000.9411695290742222
+0000.0000059274533292,+0000.0000000689040126,+0000.0000011024642009,+0000.0588231118340271,+0000.9411697893444300
+0000.0000057052309655,+0000.0000000663207763,+0000.0000010611324210,+0000.0588231274891672,+0000.9411700398266705
+0000.0000054913642644,+0000.0000000638346709,+0000.0000010213547348,+0000.0588231425556667,+0000.9411702808906631
+0000.0000052855376877,+0000.0000000614420284,+0000.0000009830724546,+0000.0588231570557549,+0000.9411705128920743
+0000.0000050874476887,+0000.0000000591393202,+0000.0000009462291228,+0000.0588231710108160,+0000.9411707361730524
+0000.0000048968022525,+0000.0000000569231517,+0000.0000009107704267,+0000.0588231844414220,+0000.9411709510627474
+0000.0000047133204537,+0000.0000000547902573,+0000.0000008766441161,+0000.0588231973673634,+0000.9411711578778097
+0000.0000045367320316,+0000.0000000527374953,+0000.0000008437999247,+0000.0588232098076795,+0000.9411713569228686
+0000.0000043667769817,+0000.0000000507618433,+0000.0000008121894932,+0000.0588232217806874,+0000.9411715484909944
+0000.0000042032051633,+0000.0000000488603936,+0000.0000007817662975,+0000.0588232333040088,+0000.9411717328641366
+0000.0000040457759221,+0000.0000000470303486,+0000.0000007524855774,+0000.0588232443945974,+0000.9411719103135547
+0000.0000038942577273,+0000.0000000452690169,+0000.0000007243042699,+0000.0588232550687641,+0000.9411720811002218
+0000.0000037484278229,+0000.0000000435738090,+0000.0000006971809439,+0000.0588232653422017,+0000.9411722454752227
+0000.0000036080718928,+0000.0000000419422336,+0000.0000006710757383,+0000.0588232752300082,+0000.9411724036801270
+0000.0000034729837380,+0000.0000000403718938,+0000.0000006459503014,+0000.0588232847467101,+0000.9411725559473567
+0000.0000033429649673,+0000.0000000388604834,+0000.0000006217677340,+0000.0588232939062835,+0000.9411727025005319
+0000.0000032178246990,+0000.0000000374057833,+0000.0000005984925333,+0000.0588233027221758,+0000.9411728435548087
+0000.0000030973792749,+0000.0000000360056588,+0000.0000005760905402,+0000.0588233112073253,+0000.9411729793172008
+0000.0000029814519846,+0000.0000000346580555,+0000.0000005545288879,+0000.0588233193741809,+0000.9411731099868907
+0000.0000028698728012,+0000.0000000333609970,+0000.0000005337759526,+0000.0588233272347208,+0000.9411732357555284
+0000.0000027624781261,+0000.0000000321125816,+0000.0000005138013061,+0000.0588233348004700,+0000.9411733568075166
+0000.0000026591105449,+0000.0000000309109794,+0000.0000004945756704,+0000.0588233420825182,+0000.9411734733202871
+0000.0000025596185919,+0000.0000000297544296,+0000.0000004760708740,+0000.0588233490915358,+0000.9411735854645685
+0000.0000024638565236,+0000.0000000286412381,+0000.0000004582598097,+0000.0588233558377902,+0000.9411736934046385
+0000.0000023716841011,+0000.0000000275697746,+0000.0000004411163940,+0000.0588233623311608,+0000.9411737972985694
+0000.0000022829663811,+0000.0000000265384705,+0000.0000004246155284,+0000.0588233685811544,+0000.9411738972984660
+0000.0000021975735146,+0000.0000000255458164,+0000.0000004087330619,+0000.0588233745969183,+0000.9411739935506886
+0000.0000021153805534,+0000.0000000245903597,+0000.0000003934457551,+0000.0588233803872550,+0000.9411740861960768
+0000.0000020362672636,+0000.0000000236707028,+0000.0000003787312453,+0000.0588233859606348,+0000.9411741753701534
+0000.0000019601179474,+0000.0000000227855008,+0000.0000003645680134,+0000.0588233913252084,+0000.9411742612033298
+0000.0000018868212704,+0000.0000000219334595,+0000.0000003509353523,+0000.0588233964888189,+0000.9411743438210989
+0000.0000018162700963,+0000.0000000211133334,+0000.0000003378133351,+0000.0588234014590140,+0000.9411744233442209
+0000.0000017483613278,+0000.0000000203239242,+0000.0000003251827866,+0000.0588234062430568,+0000.9411744998889046
+0000.0000016829957532,+0000.0000000195640784,+0000.0000003130252541,+0000.0588234108479364,+0000.9411745735669779
+0000.0000016200778994,+0000.0000000188326863,+0000.0000003013229803,+0000.0588234152803787,+0000.9411746444860555
+0000.0000015595158902,+0000.0000000181286798,+0000.0000002900588768,+0000.0588234195468563,+0000.9411747127496970
+0000.0000015012213102,+0000.0000000174510312,+0000.0000002792164991,+0000.0588234236535978,+0000.9411747784575616
+0000.0000014451090734,+0000.0000000167987514,+0000.0000002687800217,+0000.0588234276065975,+0000.9411748417055563
+0000.0000013910972976,+0000.0000000161708884,+0000.0000002587342151,+0000.0588234314116237,+0000.9411749025859752
+0000.0000013391071831,+0000.0000000155665264,+0000.0000002490644231,+0000.0588234350742277,+0000.9411749611876394
+0000.0000012890628957,+0000.0000000149847838,+0000.0000002397565412,+0000.0588234385997519,+0000.9411750175960273
+0000.0000012408914552,+0000.0000000144248122,+0000.0000002307969955,+0000.0588234419933377,+0000.9411750718933996
+0000.0000011945226270,+0000.0000000138857952,+0000.0000002221727229,+0000.0588234452599329,+0000.9411751241589220
+0000.0000011498888184,+0000.0000000133669470,+0000.0000002138711515,+0000.0588234484042992,+0000.9411751744687840
+0000.0000011069249790,+0000.0000000128675114,+0000.0000002058801826,+0000.0588234514310194,+0000.9411752228963074
+0000.0000010655685045,+0000.0000000123867608,+0000.0000001981881722,+0000.0588234543445039,+0000.9411752695120588
+0000.0000010257591443,+0000.0000000119239946,+0000.0000001907839140,+0000.0588234571489971,+0000.9411753143839499
+0000.0000009874389126,+0000.0000000114785389,+0000.0000001836566231,+0000.0588234598485841,+0000.9411753575773413
+0000.0000009505520031,+0000.0000000110497450,+0000.0000001767959200,+0000.0588234624471962,+0000.9411753991551358
+0000.0000009150447065,+0000.0000000106369884,+0000.0000001701918151,+0000.0588234649486173,+0000.9411754391778728
+0000.0000008808653317,+0000.0000000102396684,+0000.0000001638346942,+0000.0588234673564888,+0000.9411754777038169
+0000.0000008479641293,+0000.0000000098572065,+0000.0000001577153042,+0000.0588234696743155,+0000.9411755147890445
+0000.0000008162932184,+0000.0000000094890462,+0000.0000001518247398,+0000.0588234719054705,+0000.9411755504875250
+0000.0000007858065167,+0000.0000000091346519,+0000.0000001461544299,+0000.0588234740532003,+0000.9411755848512015
+0000.0000007564596720,+0000.0000000087935078,+0000.0000001406961252,+0000.0588234761206293,+0000.9411756179300657
+0000.0000007282099973,+0000.0000000084651179,+0000.0000001354418864,+0000.0588234781107649,+0000.9411756497722338
+0000.0000007010164081,+0000.0000000081490045,+0000.0000001303840720,+0000.0588234800265011,+0000.9411756804240143
+0000.0000006748393621,+0000.0000000078447080,+0000.0000001255153274,+0000.0588234818706239,+0000.9411757099299788
+0000.0000006496408006,+0000.0000000075517859,+0000.0000001208285740,+0000.0588234836458143,+0000.9411757383330254
+0000.0000006253840935,+0000.0000000072698124,+0000.0000001163169988,+0000.0588234853546529,+0000.9411757656744423
+0000.0000006020339848,+0000.0000000069983778,+0000.0000001119740444,+0000.0588234869996234,+0000.9411757919939694
+0000.0000005795565409,+0000.0000000067370875,+0000.0000001077933996,+0000.0588234885831163,+0000.9411758173298560
+0000.0000005579191015,+0000.0000000064855618,+0000.0000001037689895,+0000.0588234901074324,+0000.9411758417189148
+0000.0000005370902308,+0000.0000000062434355,+0000.0000000998949675,+0000.0588234915747865,+0000.9411758651965795
+0000.0000005170396721,+0000.0000000060103566,+0000.0000000961657061,+0000.0588234929873100,+0000.9411758877969553
+0000.0000004977383032,+0000.0000000057859868,+0000.0000000925757886,+0000.0588234943470545,+0000.9411759095528671
+0000.0000004791580936,+0000.0000000055700001,+0000.0000000891200016,+0000.0588234956559947,+0000.9411759304959104
