+0001.0000000000000000,+0000.0000000000000000,+0000.0000000000000000,+0000.0000000000000000,+0000.0000000000000000
+0000.9898844032118810,+0000.0000000000000000,+0000.0000000000000000,+0000.0095199544048491,+0000.0005956423832701
+0000.9608291061380925,+0000.0000000000000000,+0000.0000000000000000,+0000.0369009201447420,+0000.0022699737171655
+0000.9165777640923110,+0000.0000000000000000,+0000.0000000000000000,+0000.0787160667765048,+0000.0047061691311843
+0000.8622753460256598,+0000.0000000000000000,+0000.0000000000000000,+0000.1302460571965388,+0000.0074785967778017
+0000.8031549654364289,+0000.0000000000000000,+0000.0000000000000000,+0000.1866778624354387,+0000.0101671721281323
+0000.7435948019906939,+0000.0000000000000000,+0000.0000000000000000,+0000.2439665467302834,+0000.0124386512790227
+0000.6867219771128420,+0000.0000000000000000,+0000.0000000000000000,+0000.2991981026259246,+0000.0140799202612332
+0000.6344463376181988,+0000.0000000000000000,+0000.0000000000000000,+0000.3505598462926275,+0000.0149938160891739
+0000.5877118979277043,+0000.0000000000000000,+0000.0000000000000000,+0000.3971120285492416,+0000.0151760735230542
+0000.5467969146010391,+0000.0000000000000000,+0000.0000000000000000,+0000.4385150238041277,+0000.0146880615948331
+0000.5115735543300270,+0000.0000000000000000,+0000.0000000000000000,+0000.4747934973268417,+0000.0136329483431310
+0000.4816992500335499,+0000.0000000000000000,+0000.0000000000000000,+0000.5061631318339392,+0000.0121376181325111
+0000.4567436936922541,+0000.0000000000000000,+0000.0000000000000000,+0000.5329163765009033,+0000.0103399298068424
+0000.4362664952354905,+0000.0000000000000000,+0000.0000000000000000,+0000.5553535229870669,+0000.0083799817774428
+0000.4198611477974949,+0000.0000000000000000,+0000.0000000000000000,+0000.5737448158163757,+0000.0063940363861296
+0000.4071777816300107,+0000.0000000000000000,+0000.0000000000000000,+0000.5883121530945428,+0000.0045100652754467
+0000.3979335026226552,+0000.0000000000000000,+0000.0000000000000000,+0000.5992222699970754,+0000.0028442273802692
+0000.3919160711033653,+0000.0000000000000000,+0000.0000000000000000,+0000.6065860508795906,+0000.0014978780170440
+0000.3889844963194775,+0000.0000000000000000,+0000.0000000000000000,+0000.6104605932221983,+0000.0005549104583241
+0000.3890686657497944,+0000.0000000000000000,+0000.0000000000000000,+0000.6108519749669421,+0000.0000793592832636
+0000.3921691811809119,+0000.0000000000000000,+0000.0000000000000000,+0000.6077175552759654,+0000.0001132635431229
+0000.3983579353981422,+0000.0000000000000000,+0000.0000000000000000,+0000.6009672520938089,+0000.0006748125080489
+0000.4077794655120002,+0000.0000000000000000,+0000.0000000000000000,+0000.5904637436039470,+0000.0017567908840530
+0000.4206526089071396,+0000.0000000000000000,+0000.0000000000000000,+0000.5760220739742290,+0000.0033253171186313
+0000.4372713038347867,+0000.0000000000000000,+0000.0000000000000000,+0000.5574098528535933,+0000.0053188433116198
+0000.4580023186758050,+0000.0000000000000000,+0000.0000000000000000,+0000.5343503015531577,+0000.0076473797710370
+0000.4832759987672536,+0000.0000000000000000,+0000.0000000000000000,+0000.5065320473356190,+0000.0101919538971275
+0000.5135634629521432,+0000.0000000000000000,+0000.0000000000000000,+0000.4736320744431458,+0000.0128044626047109
+0000.5493297658198053,+0000.0000000000000000,+0000.0000000000000000,+0000.4353618273938521,+0000.0153084067863425
+0000.5909474089607492,+0000.0000000000000000,+0000.0000000000000000,+0000.3915509822610989,+0000.0175016087781518
+0000.6385494295467479,+0000.0000000000000000,+0000.0000000000000000,+0000.3422875630999810,+0000.0191630073532712
+0000.6918001313511990,+0000.0000000000000000,+0000.0000000000000000,+0000.2881328991724286,+0000.0200669694763724
+0000.7495737146880085,+0000.0000000000000000,+0000.0000000000000000,+0000.2304164981268459,+0000.0200097871851455
+0000.8095727442490086,+0000.0000000000000000,+0000.0000000000000000,+0000.1715745629756657,+0000.0188526927753255
+0000.8680057488150519,+0000.0000000000000000,+0000.0000000000000000,+0000.1154132923191823,+0000.0165809588657659
+0000.9195649364887413,+0000.0000000000000000,+0000.0000000000000000,+0000.0670688125060045,+0000.0133662510052540
+0000.9580133823157386,+0000.0000000000000000,+0000.0000000000000000,+0000.0323858306564478,+0000.0096007870278136
+0000.9775335332674152,+0000.0000000000000000,+0000.0000000000000000,+0000.0166056136901523,+0000.0058608530424323
+0000.9745083479015660,+0000.0000000000000000,+0000.0000000000000000,+0000.0227136294843668,+0000.0027780226140670
+0000.9488762591785043,+0000.0000000000000000,+0000.0000000000000000,+0000.0502684590227758,+0000.0008552817987199
+0000.9042172315941875,+0000.0000000000000000,+0000.0000000000000000,+0000.0954639368320314,+0000.0003188315737812
+0000.8464930220828062,+0000.0000000000000000,+0000.0000000000000000,+0000.1524237432785125,+0000.0010832346386815
+0000.7822157430612384,+0000.0000000000000000,+0000.0000000000000000,+0000.2149529306812624,+0000.0028313262574991
+0000.7169735359838114,+0000.0000000000000000,+0000.0000000000000000,+0000.2778815842777477,+0000.0051448797384407
+0000.6547449024394441,+0000.0000000000000000,+0000.0000000000000000,+0000.3376370430830587,+0000.0076180544774973
+0000.5978912946269779,+0000.0000000000000000,+0000.0000000000000000,+0000.3921859589520497,+0000.0099227464209724
+0000.5475010302159615,+0000.0000000000000000,+0000.0000000000000000,+0000.4406694051456528,+0000.0118295646383857
+0000.5038104306313429,+0000.0000000000000000,+0000.0000000000000000,+0000.4829876904685939,+0000.0132018789000635
+0000.4665608535221206,+0000.0000000000000000,+0000.0000000000000000,+0000.5194602888387501,+0000.0139788576391294
+0000.4352519245305632,+0000.0000000000000000,+0000.0000000000000000,+0000.5505910134111295,+0000.0141570620583073
+0000.4093012564800808,+0000.0000000000000000,+0000.0000000000000000,+0000.5769240106293663,+0000.0137747328905531
+0000.3881359002380219,+0000.0000000000000000,+0000.0000000000000000,+0000.5989643542480277,+0000.0128997455139506
+0000.3712395555232741,+0000.0000000000000000,+0000.0000000000000000,+0000.6171396340692462,+0000.0116208104074794
+0000.3581734912119759,+0000.0000000000000000,+0000.0000000000000000,+0000.6317854293878550,+0000.0100410794001689
+0000.3485830777372643,+0000.0000000000000000,+0000.0000000000000000,+0000.6431435854450570,+0000.0082733368176789
+0000.3421972651982573,+0000.0000000000000000,+0000.0000000000000000,+0000.6513666169868216,+0000.0064361178149211
+0000.3388252890387071,+0000.0000000000000000,+0000.0000000000000000,+0000.6565244342923048,+0000.0046502766689880
+0000.3383529823926947,+0000.0000000000000000,+0000.0000000000000000,+0000.6586113366684367,+0000.0030356809388687
+0000.3407399298584743,+0000.0000000000000000,+0000.0000000000000000,+0000.6575522468234237,+0000.0017078233181020
+0000.3460180037394600,+0000.0000000000000000,+0000.0000000000000000,+0000.6532077730534711,+0000.0007742232070686
+0000.3542913555200782,+0000.0000000000000000,+0000.0000000000000000,+0000.6453781069682181,+0000.0003305375117039
+0000.3657375185964654,+0000.0000000000000000,+0000.0000000000000000,+0000.6338061650670261,+0000.0004563163365086
+0000.3806087528176439,+0000.0000000000000000,+0000.0000000000000000,+0000.6181809229894740,+0000.0012103241928820
+0000.3992319428710479,+0000.0000000000000000,+0000.0000000000000000,+0000.5981427545053359,+0000.0026253026236160
+0000.4220040065456520,+0000.0000000000000000,+0000.0000000000000000,+0000.5732940089214825,+0000.0047019845328653
+0000.4493775471321068,+0000.0000000000000000,+0000.0000000000000000,+0000.5432203414848695,+0000.0074021113830238
+0000.4818280109543406,+0000.0000000000000000,+0000.0000000000000000,+0000.5075317700964819,+0000.0106402189491773
+0000.5197886237244878,+0000.0000000000000000,+0000.0000000000000000,+0000.4659371874926645,+0000.0142741887828479
+0000.5635333067613579,+0000.0000000000000000,+0000.0000000000000000,+0000.4183714120989428,+0000.0180952811396991
+0000.6129831037849276,+0000.0000000000000000,+0000.0000000000000000,+0000.3651968925259677,+0000.0218200036891047
+0000.6674155000246965,+0000.0000000000000000,+0000.0000000000000000,+0000.3074952719434190,+0000.0250892280318845
+0000.7250832163727732,+0000.0000000000000000,+0000.0000000000000000,+0000.2474322964173997,+0000.0274844872098271
+0000.7828208323908665,+0000.0000000000000000,+0000.0000000000000000,+0000.1886035891344989,+0000.0285755784746347
+0000.8358427295642853,+0000.0000000000000000,+0000.0000000000000000,+0000.1361455510450902,+0000.0280117193906247
+0000.8780605195749511,+0000.0000000000000000,+0000.0000000000000000,+0000.0962885786872577,+0000.0256509017377911
+0000.9032055496268772,+0000.0000000000000000,+0000.0000000000000000,+0000.0751101482397982,+0000.0216843021333243
+0000.9066391967878679,+0000.0000000000000000,+0000.0000000000000000,+0000.0766853521376523,+0000.0166754510744798
+0000.8870813446066133,+0000.0000000000000000,+0000.0000000000000000,+0000.1014711205789432,+0000.0114475348144438
+0000.8472053632422979,+0000.0000000000000000,+0000.0000000000000000,+0000.1459522812729284,+0000.0068423554847741
+0000.7926663643328287,+0000.0000000000000000,+0000.0000000000000000,+0000.2038594686455638,+0000.0034741670216076
+0000.7301912478508096,+0000.0000000000000000,+0000.0000000000000000,+0000.2682040962204823,+0000.0016046559287080
+0000.6658213362755596,+0000.0000000000000000,+0000.0000000000000000,+0000.3330097016646800,+0000.0011689620597606
+0000.6039739661240426,+0000.0000000000000000,+0000.0000000000000000,+0000.3941352254557293,+0000.0018908084202284
+0000.5473160770935960,+0000.0000000000000000,+0000.0000000000000000,+0000.4492765653220261,+0000.0034073575843779
+0000.4970985657319990,+0000.0000000000000000,+0000.0000000000000000,+0000.4975423124332206,+0000.0053591218347803
+0000.4536160900902086,+0000.0000000000000000,+0000.0000000000000000,+0000.5389462232557589,+0000.0074376866540323
+0000.4166082123081032,+0000.0000000000000000,+0000.0000000000000000,+0000.5739894604081073,+0000.0094023272837896
+0000.3855452373605149,+0000.0000000000000000,+0000.0000000000000000,+0000.6033755104092902,+0000.0110792522301950
+0000.3598072143050342,+0000.0000000000000000,+0000.0000000000000000,+0000.6278393116517063,+0000.0123534740432596
+0000.3387848225947132,+0000.0000000000000000,+0000.0000000000000000,+0000.6480562326392469,+0000.0131589447660395
+0000.3219300802570021,+0000.0000000000000000,+0000.0000000000000000,+0000.6646003977180713,+0000.0134695220249265
+0000.3087776584637208,+0000.0000000000000000,+0000.0000000000000000,+0000.6779307323175957,+0000.0132916092186836
+0000.2989504049820624,+0000.0000000000000000,+0000.0000000000000000,+0000.6883910985963091,+0000.0126584964216286
+0000.2921573044973169,+0000.0000000000000000,+0000.0000000000000000,+0000.6962165859246172,+0000.0116261095780658
+0000.2881885700592085,+0000.0000000000000000,+0000.0000000000000000,+0000.7015416365704146,+0000.0102697933703768
+0000.2869103995163190,+0000.0000000000000000,+0000.0000000000000000,+0000.7044078337045472,+0000.0086817667791337
+0000.2882606640198676,+0000.0000000000000000,+0000.0000000000000000,+0000.7047704043047449,+0000.0069689316753876
+0000.2922460565319515,+0000.0000000000000000,+0000.0000000000000000,+0000.7025031899849595,+0000.0052507534830888
+0000.2989407606893159,+0000.0000000000000000,+0000.0000000000000000,+0000.6974022836834755,+0000.0036569556272087
+0000.3084863195464591,+0000.0000000000000000,+0000.0000000000000000,+0000.6891889121999577,+0000.0023247682535832
+0000.3210919340910195,+0000.0000000000000000,+0000.0000000000000000,+0000.6775126277280955,+0000.0013954381808848
+0000.3370337380228453,+0000.0000000000000000,+0000.0000000000000000,+0000.6619566325085455,+0000.0010096294686094
+0000.3566504695243685,+0000.0000000000000000,+0000.0000000000000000,+0000.6420483231632997,+0000.0013012073123314
+0000.3803311179404866,+0000.0000000000000000,+0000.0000000000000000,+0000.6172801927844080,+0000.0023886892751054
+0000.4084872414757099,+0000.0000000000000000,+0000.0000000000000000,+0000.5871493848864398,+0000.0043633736378505
+0000.4414985041219726,+0000.0000000000000000,+0000.0000000000000000,+0000.5512286122701454,+0000.0072728836078821
+0000.4796148842681303,+0000.0000000000000000,+0000.0000000000000000,+0000.5092862965869048,+0000.0110988191449649
+0000.5227949152469382,+0000.0000000000000000,+0000.0000000000000000,+0000.4614771699846205,+0000.0157279147684412
+0000.5704618777430231,+0000.0000000000000000,+0000.0000000000000000,+0000.4086195374969052,+0000.0209185847600715
+0000.6211809796519620,+0000.0000000000000000,+0000.0000000000000000,+0000.3525485498717170,+0000.0262704704763209
+0000.6723177557530002,+0000.0000000000000000,+0000.0000000000000000,+0000.2964677439059873,+0000.0312145003410122
+0000.7198403136811414,+0000.0000000000000000,+0000.0000000000000000,+0000.2451074529278882,+0000.0350522333909705
+0000.7585369547120954,+0000.0000000000000000,+0000.0000000000000000,+0000.2043885647974406,+0000.0370744804904640
+0000.7829053341264083,+0000.0000000000000000,+0000.0000000000000000,+0000.1803337424435035,+0000.0367609234300883
+0000.7886624442292364,+0000.0000000000000000,+0000.0000000000000000,+0000.1773398768370051,+0000.0339976789337585
+0000.7742798440658851,+0000.0000000000000000,+0000.0000000000000000,+0000.1965303773353990,+0000.0291897785987160
+0000.7416465644558078,+0000.0000000000000000,+0000.0000000000000000,+0000.2351831393426672,+0000.0231702962015251
+0000.6953954403324694,+0000.0000000000000000,+0000.0000000000000000,+0000.2876695344740701,+0000.0169350251934606
+0000.6413231266516122,+0000.0000000000000000,+0000.0000000000000000,+0000.3473265253675913,+0000.0113503479807964
+0000.5848214192400628,+0000.0000000000000000,+0000.0000000000000000,+0000.4082032484507356,+0000.0069753323092015
+0000.5299600364592878,+0000.0000000000000000,+0000.0000000000000000,+0000.4660051677948579,+0000.0040347957458541
+0000.4792869240590291,+0000.0000000000000000,+0000.0000000000000000,+0000.5182213268618457,+0000.0024917490791253
+0000.4340712030791519,+0000.0000000000000000,+0000.0000000000000000,+0000.5637794214996619,+0000.0021493754211863
+0000.3946915811632973,+0000.0000000000000000,+0000.0000000000000000,+0000.6025698555476890,+0000.0027385632890136
+0000.3609931443189911,+0000.0000000000000000,+0000.0000000000000000,+0000.6350300005563662,+0000.0039768551246429
+0000.3325498278754824,+0000.0000000000000000,+0000.0000000000000000,+0000.6618486059007900,+0000.0056015662237279
+0000.3088330549426471,+0000.0000000000000000,+0000.0000000000000000,+0000.6837819033263615,+0000.0073850417309914
+0000.2893092615567577,+0000.0000000000000000,+0000.0000000000000000,+0000.7015513079634277,+0000.0091394304798147
+0000.2734905732323385,+0000.0000000000000000,+0000.0000000000000000,+0000.7157933012492391,+0000.0107161255184226
+0000.2609574199124013,+0000.0000000000000000,+0000.0000000000000000,+0000.7270396152996645,+0000.0120029647879338
+0000.2513656950625253,+0000.0000000000000000,+0000.0000000000000000,+0000.7357134450008195,+0000.0129208599366550
+0000.2444462307272979,+0000.0000000000000000,+0000.0000000000000000,+0000.7421331068157986,+0000.0134206624569036
+0000.2400010984005264,+0000.0000000000000000,+0000.0000000000000000,+0000.7465182976885865,+0000.0134806039108872
+0000.2378992129111013,+0000.0000000000000000,+0000.0000000000000000,+0000.7489963821224085,+0000.0131044049664900
+0000.2380725053433559,+0000.0000000000000000,+0000.0000000000000000,+0000.7496074637504547,+0000.0123200309061893
+0000.2405132148979441,+0000.0000000000000000,+0000.0000000000000000,+0000.7483077701595443,+0000.0111790149425115
+0000.2452723950290102,+0000.0000000000000000,+0000.0000000000000000,+0000.7449713683058535,+0000.0097562366651363
+0000.2524593668476305,+0000.0000000000000000,+0000.0000000000000000,+0000.7393906271468701,+0000.0081500060054994
+0000.2622414424494124,+0000.0000000000000000,+0000.0000000000000000,+0000.7312763158622884,+0000.0064822416882992
+0000.2748426388378722,+0000.0000000000000000,+0000.0000000000000000,+0000.7202589391794677,+0000.0048984219826600
+0000.2905391350603135,+0000.0000000000000000,+0000.0000000000000000,+0000.7058940755697687,+0000.0035667893699177
+0000.3096476719153206,+0000.0000000000000000,+0000.0000000000000000,+0000.6876763682543916,+0000.0026759598302880
+0000.3325007180581931,+0000.0000000000000000,+0000.0000000000000000,+0000.6650697212870107,+0000.0024295606547963
+0000.3593989123445469,+0000.0000000000000000,+0000.0000000000000000,+0000.6375653370255856,+0000.0030357506298672
+0000.3905274465987972,+0000.0000000000000000,+0000.0000000000000000,+0000.6047840421566877,+0000.0046885112445154
+0000.4258205157889887,+0000.0000000000000000,+0000.0000000000000000,+0000.5666427051830087,+0000.0075367790280025
+0000.4647616049120084,+0000.0000000000000000,+0000.0000000000000000,+0000.5236005687558316,+0000.0116378263321602
+0000.5061267621731520,+0000.0000000000000000,+0000.0000000000000000,+0000.4769783165107807,+0000.0168949213160673
+0000.5477258005936891,+0000.0000000000000000,+0000.0000000000000000,+0000.4292848765510601,+0000.0229893228552507
+0000.5862757547459011,+0000.0000000000000000,+0000.0000000000000000,+0000.3843895564617742,+0000.0293346887923248
+0000.6176153251575237,+0000.0000000000000000,+0000.0000000000000000,+0000.3472833807385312,+0000.0351012941039454
+0000.6374359985717009,+0000.0000000000000000,+0000.0000000000000000,+0000.3232081275544053,+0000.0393558738738937
+0000.6424539408151778,+0000.0000000000000000,+0000.0000000000000000,+0000.3162334310851638,+0000.0413126280996585
+0000.6315484539771276,+0000.0000000000000000,+0000.0000000000000000,+0000.3278508923471104,+0000.0406006536757619
+0000.6062122118044870,+0000.0000000000000000,+0000.0000000000000000,+0000.3563878780257972,+0000.0373999101697158
+0000.5700118448405984,+0000.0000000000000000,+0000.0000000000000000,+0000.3976270420919704,+0000.0323611130674312
+0000.5274007327580446,+0000.0000000000000000,+0000.0000000000000000,+0000.4462334393704173,+0000.0263658278715381
+0000.4825506601844456,+0000.0000000000000000,+0000.0000000000000000,+0000.4971810851169877,+0000.0202682546985667
+0000.4386589995402379,+0000.0000000000000000,+0000.0000000000000000,+0000.5466132502571603,+0000.0147277502026014
+0000.3977808491731932,+0000.0000000000000000,+0000.0000000000000000,+0000.5920642910317448,+0000.0101548597950621
+0000.3609926269950180,+0000.0000000000000000,+0000.0000000000000000,+0000.6322718943386334,+0000.0067354786663486
+0000.3286730037687619,+0000.0000000000000000,+0000.0000000000000000,+0000.6668394651559186,+0000.0044875310753195
+0000.3007691521137774,+0000.0000000000000000,+0000.0000000000000000,+0000.6959113101107404,+0000.0033195377754822
+0000.2769979537218484,+0000.0000000000000000,+0000.0000000000000000,+0000.7199242815332201,+0000.0030777647449315
+0000.2569789649572438,+0000.0000000000000000,+0000.0000000000000000,+0000.7394415288059042,+0000.0035795062368523
+0000.2403139060005570,+0000.0000000000000000,+0000.0000000000000000,+0000.7550513970657968,+0000.0046346969336458
+0000.2266298719690880,+0000.0000000000000000,+0000.0000000000000000,+0000.7673110109425043,+0000.0060591170884075
+0000.2156001492580760,+0000.0000000000000000,+0000.0000000000000000,+0000.7767177959883692,+0000.0076820547535549
+0000.2069522514819894,+0000.0000000000000000,+0000.0000000000000000,+0000.7836972201393860,+0000.0093505283786245
+0000.2004692754464852,+0000.0000000000000000,+0000.0000000000000000,+0000.7885992369286994,+0000.0109314876248154
+0000.1959882223632410,+0000.0000000000000000,+0000.0000000000000000,+0000.7916988678216688,+0000.0123129098150904
+0000.1933973539015659,+0000.0000000000000000,+0000.0000000000000000,+0000.7931982659472981,+0000.0134043801511359
+0000.1926336871510491,+0000.0000000000000000,+0000.0000000000000000,+0000.7932287720779552,+0000.0141375407709958
+0000.1936811456221217,+0000.0000000000000000,+0000.0000000000000000,+0000.7918521800365849,+0000.0144666743412934
+0000.1965695021695787,+0000.0000000000000000,+0000.0000000000000000,+0000.7890608781093751,+0000.0143696197210462
+0000.2013739449566918,+0000.0000000000000000,+0000.0000000000000000,+0000.7847768788749231,+0000.0138491761683852
+0000.2082147604119182,+0000.0000000000000000,+0000.0000000000000000,+0000.7788501217972712,+0000.0129351177908103
+0000.2172561461403922,+0000.0000000000000000,+0000.0000000000000000,+0000.7710569664701474,+0000.0116868873894606
+0000.2287024089305651,+0000.0000000000000000,+0000.0000000000000000,+0000.7611006585902877,+0000.0101969324791477
+0000.2427886061472686,+0000.0000000000000000,+0000.0000000000000000,+0000.7486169674285496,+0000.0085944264241817
+0000.2597608879608759,+0000.0000000000000000,+0000.0000000000000000,+0000.7331904247959006,+0000.0070486872432234
+0000.2798393415454564,+0000.0000000000000000,+0000.0000000000000000,+0000.7143898355011615,+0000.0057708229533818
+0000.3031534077887373,+0000.0000000000000000,+0000.0000000000000000,+0000.6918357614268988,+0000.0050108307843638
+0000.3296384423263929,+0000.0000000000000000,+0000.0000000000000000,+0000.6653160627166511,+0000.0050454949569558
+0000.3588855036736576,+0000.0000000000000000,+0000.0000000000000000,+0000.6349641462690183,+0000.0061503500573239
+0000.3899520306195259,+0000.0000000000000000,+0000.0000000000000000,+0000.6014997346745374,+0000.0085482347059365
+0000.4211773477915353,+0000.0000000000000000,+0000.0000000000000000,+0000.5664916142345801,+0000.0123310379738845
+0000.4501041574755469,+0000.0000000000000000,+0000.0000000000000000,+0000.5325307712693229,+0000.0173650712551301
+0000.4736556956711431,+0000.0000000000000000,+0000.0000000000000000,+0000.5031287983704499,+0000.0232155059584069
+0000.4886839684522776,+0000.0000000000000000,+0000.0000000000000000,+0000.4821672004310474,+0000.0291488311166749
+0000.4928168328276936,+0000.0000000000000000,+0000.0000000000000000,+0000.4729202781961188,+0000.0342628889761877
+0000.4852565649634033,+0000.0000000000000000,+0000.0000000000000000,+0000.4770155026865182,+0000.0377279323500786
+0000.4670773200337901,+0000.0000000000000000,+0000.0000000000000000,+0000.4938889488522373,+0000.0390337311139726
+0000.4408305846941655,+0000.0000000000000000,+0000.0000000000000000,+0000.5210551901410527,+0000.0381142251647818
+0000.4097077244580015,+0000.0000000000000000,+0000.0000000000000000,+0000.5549920684481610,+0000.0353002070938377
+0000.3767191711340254,+0000.0000000000000000,+0000.0000000000000000,+0000.5921229669487537,+0000.0311578619172208
+0000.3442016082458602,+0000.0000000000000000,+0000.0000000000000000,+0000.6294860430285510,+0000.0263123487255891
+0000.3136886209309837,+0000.0000000000000000,+0000.0000000000000000,+0000.6649885658611274,+0000.0213228132078891
+0000.2860149692204836,+0000.0000000000000000,+0000.0000000000000000,+0000.6973620651037773,+0000.0166229656757387
+0000.2615080787855948,+0000.0000000000000000,+0000.0000000000000000,+0000.7259815370438988,+0000.0125103841705064
+0000.2401741712948905,+0000.0000000000000000,+0000.0000000000000000,+0000.7506642033708733,+0000.0091616253342363
+0000.2218418489182094,+0000.0000000000000000,+0000.0000000000000000,+0000.7715018479615359,+0000.0066563031202548
+0000.2062589787837100,+0000.0000000000000000,+0000.0000000000000000,+0000.7887399186702059,+0000.0050011025460842
+0000.1931520088473655,+0000.0000000000000000,+0000.0000000000000000,+0000.8026978128227586,+0000.0041501783298760
+0000.1822592242038207,+0000.0000000000000000,+0000.0000000000000000,+0000.8137194986758751,+0000.0040212771203039
+0000.1733475523126150,+0000.0000000000000000,+0000.0000000000000000,+0000.8221443501935365,+0000.0045080974938482
+0000.1662197337275330,+0000.0000000000000000,+0000.0000000000000000,+0000.8282905662554374,+0000.0054897000170297
+0000.1607162754503131,+0000.0000000000000000,+0000.0000000000000000,+0000.8324460048536779,+0000.0068377196960091
+0000.1567148803471629,+0000.0000000000000000,+0000.0000000000000000,+0000.8348631450923288,+0000.0084219745605082
+0000.1541289143740307,+0000.0000000000000000,+0000.0000000000000000,+0000.8357561714653411,+0000.0101149141606282
+0000.1529057651377991,+0000.0000000000000000,+0000.0000000000000000,+0000.8352989915405613,+0000.0117952433216395
+0000.1530255065664999,+0000.0000000000000000,+0000.0000000000000000,+0000.8336235015834770,+0000.0133509918500230
+0000.1544999967242805,+0000.0000000000000000,+0000.0000000000000000,+0000.8308177308296358,+0000.0146822724460836
+0000.1573723096020914,+0000.0000000000000000,+0000.0000000000000000,+0000.8269237224775758,+0000.0157039679203329
+0000.1617161626508990,+0000.0000000000000000,+0000.0000000000000000,+0000.8219352306388833,+0000.0163486067102176
+0000.1676346765140074,+0000.0000000000000000,+0000.0000000000000000,+0000.8157956099645021,+0000.0165697135214903
+0000.1752573082813665,+0000.0000000000000000,+0000.0000000000000000,+0000.8083967469881461,+0000.0163459447304871
+0000.1847330378047134,+0000.0000000000000000,+0000.0000000000000000,+0000.7995806563782673,+0000.0156863058170194
+0000.1962167672853262,+0000.0000000000000000,+0000.0000000000000000,+0000.7891465936261238,+0000.0146366390885498
+0000.2098444070042877,+0000.0000000000000000,+0000.0000000000000000,+0000.7768683453802741,+0000.0132872476154383
+0000.2256905283956964,+0000.0000000000000000,+0000.0000000000000000,+0000.7625286831702376,+0000.0117807884340662
+0000.2437017105655863,+0000.0000000000000000,+0000.0000000000000000,+0000.7459801375437483,+0000.0103181518906652
+0000.2636010458858176,+0000.0000000000000000,+0000.0000000000000000,+0000.7272412332366327,+0000.0091577208775495
+0000.2847687969518767,+0000.0000000000000000,+0000.0000000000000000,+0000.7066307830585556,+0000.0086004199895680
+0000.3061257960610867,+0000.0000000000000000,+0000.0000000000000000,+0000.6849232843055391,+0000.0089509196333743
+0000.3260799703510344,+0000.0000000000000000,+0000.0000000000000000,+0000.6634718325093866,+0000.0104481971395789
+0000.3426259145421716,+0000.0000000000000000,+0000.0000000000000000,+0000.6442022406050718,+0000.0131718448527564
+0000.3536712287246231,+0000.0000000000000000,+0000.0000000000000000,+0000.6293737595718952,+0000.0169550117034815
+0000.3575589377149609,+0000.0000000000000000,+0000.0000000000000000,+0000.6210843727718264,+0000.0213566895132127
+0000.3535913004138381,+0000.0000000000000000,+0000.0000000000000000,+0000.6206721481416952,+0000.0257365514444663
+0000.3422768770181192,+0000.0000000000000000,+0000.0000000000000000,+0000.6283021025340981,+0000.0294210204477831
+0000.3251496553728531,+0000.0000000000000000,+0000.0000000000000000,+0000.6429645772347214,+0000.0318857673924252
+0000.3042709987724038,+0000.0000000000000000,+0000.0000000000000000,+0000.6628607055451743,+0000.0328682956824217
+0000.2816876075814601,+0000.0000000000000000,+0000.0000000000000000,+0000.6859363102607151,+0000.0323760821578248
+0000.2590654066705350,+0000.0000000000000000,+0000.0000000000000000,+0000.7103163851369008,+0000.0306182081925644
+0000.2375561139901985,+0000.0000000000000000,+0000.0000000000000000,+0000.7345313128328131,+0000.0279125731769883
+0000.2178330347704167,+0000.0000000000000000,+0000.0000000000000000,+0000.7575599242779846,+0000.0246070409515986
+0000.2002035931618391,+0000.0000000000000000,+0000.0000000000000000,+0000.7787680254740887,+0000.0210283813640723
+0000.1847317415439917,+0000.0000000000000000,+0000.0000000000000000,+0000.7978118370446606,+0000.0174564214113477
+0000.1713385774031572,+0000.0000000000000000,+0000.0000000000000000,+0000.8145462793120040,+0000.0141151432848387
+0000.1598735828554973,+0000.0000000000000000,+0000.0000000000000000,+0000.8289533610260670,+0000.0111730561184358
+0000.1501601831234026,+0000.0000000000000000,+0000.0000000000000000,+0000.8410921174503694,+0000.0087476994262282
+0000.1420225073061767,+0000.0000000000000000,+0000.0000000000000000,+0000.8510660312097489,+0000.0069114614840748
+0000.1352997534948352,+0000.0000000000000000,+0000.0000000000000000,+0000.8590028114740186,+0000.0056974350311463
+0000.1298529792190038,+0000.0000000000000000,+0000.0000000000000000,+0000.8650421475058847,+0000.0051048732751114
+0000.1255675757665483,+0000.0000000000000000,+0000.0000000000000000,+0000.8693282313622533,+0000.0051041928711984
+0000.1223534825286318,+0000.0000000000000000,+0000.0000000000000000,+0000.8720049144581050,+0000.0056416030132632
+0000.1201443708690612,+0000.0000000000000000,+0000.0000000000000000,+0000.8732121741568537,+0000.0066434549740848
+0000.1188964909673020,+0000.0000000000000000,+0000.0000000000000000,+0000.8730831286188078,+0000.0080203804138904
+0000.1185875341425731,+0000.0000000000000000,+0000.0000000000000000,+0000.8717412072349850,+0000.0096712586224417
+0000.1192156384118779,+0000.0000000000000000,+0000.0000000000000000,+0000.8692973208898150,+0000.0114870406983071
+0000.1207984959363356,+0000.0000000000000000,+0000.0000000000000000,+0000.8658470342707615,+0000.0133544697929028
+0000.1233723593139234,+0000.0000000000000000,+0000.0000000000000000,+0000.8614678674536823,+0000.0151597732323942
+0000.1269905462065261,+0000.0000000000000000,+0000.0000000000000000,+0000.8562169890731703,+0000.0167924647203038
+0000.1317207652138070,+0000.0000000000000000,+0000.0000000000000000,+0000.8501297534484651,+0000.0181494813377281
+0000.1376401867677153,+0000.0000000000000000,+0000.0000000000000000,+0000.8432198285594024,+0000.0191399846728821
+0000.1448266297540204,+0000.0000000000000000,+0000.0000000000000000,+0000.8354821104205729,+0000.0196912598254066
+0000.1533435471644374,+0000.0000000000000000,+0000.0000000000000000,+0000.8269002494623630,+0000.0197562033731994
+0000.1632158334857839,+0000.0000000000000000,+0000.0000000000000000,+0000.8174613683448870,+0000.0193227981693290
+0000.1743933173676024,+0000.0000000000000000,+0000.0000000000000000,+0000.8071811504738144,+0000.0184255321585830
+0000.1867001803582309,+0000.0000000000000000,+0000.0000000000000000,+0000.7961421978752609,+0000.0171576217665084
+0000.1997732066998203,+0000.0000000000000000,+0000.0000000000000000,+0000.7845459788014529,+0000.0156808144987269
+0000.2130016907540190,+0000.0000000000000000,+0000.0000000000000000,+0000.7727718320624918,+0000.0142264771834892
+0000.2254969945654142,+0000.0000000000000000,+0000.0000000000000000,+0000.7614242298323722,+0000.0130787756022134
+0000.2361336670242575,+0000.0000000000000000,+0000.0000000000000000,+0000.7513351181405259,+0000.0125312148352165
+0000.2437001596674687,+0000.0000000000000000,+0000.0000000000000000,+0000.7434835970821547,+0000.0128162432503765
+0000.2471563324111344,+0000.0000000000000000,+0000.0000000000000000,+0000.7388182829146148,+0000.0140253846742511
+0000.2459215088621544,+0000.0000000000000000,+0000.0000000000000000,+0000.7380231839709276,+0000.0160553071669179
+0000.2400615510120799,+0000.0000000000000000,+0000.0000000000000000,+0000.7413238185111845,+0000.0186146304767355
+0000.2302718302530151,+0000.0000000000000000,+0000.0000000000000000,+0000.7484307100631927,+0000.0212974596837922
+0000.2176642117815859,+0000.0000000000000000,+0000.0000000000000000,+0000.7586447951354491,+0000.0236909930829648
+0000.2034713471276438,+0000.0000000000000000,+0000.0000000000000000,+0000.7710599463267764,+0000.0254687065455798
+0000.1887980312971084,+0000.0000000000000000,+0000.0000000000000000,+0000.7847639631370583,+0000.0264380055658334
+0000.1744868179602913,+0000.0000000000000000,+0000.0000000000000000,+0000.7989718040694882,+0000.0265413779702203
+0000.1610922648858282,+0000.0000000000000000,+0000.0000000000000000,+0000.8130787546001571,+0000.0258289805140146
+0000.1489217791925627,+0000.0000000000000000,+0000.0000000000000000,+0000.8266557950865392,+0000.0244224257208980
+0000.1381009473318891,+0000.0000000000000000,+0000.0000000000000000,+0000.8394168168157002,+0000.0224822358524107
+0000.1286368299888417,+0000.0000000000000000,+0000.0000000000000000,+0000.8511795748544244,+0000.0201835951567337
+0000.1204680121522043,+0000.0000000000000000,+0000.0000000000000000,+0000.8618317296662401,+0000.0177002581815557
+0000.1134996626472258,+0000.0000000000000000,+0000.0000000000000000,+0000.8713056966862752,+0000.0151946406664990
+0000.1076260190008134,+0000.0000000000000000,+0000.0000000000000000,+0000.8795620086430688,+0000.0128119723561179
+0000.1027437321329687,+0000.0000000000000000,+0000.0000000000000000,+0000.8865793813822738,+0000.0106768864847573
+0000.0987591380558604,+0000.0000000000000000,+0000.0000000000000000,+0000.8923494579495564,+0000.0088914039945830
+0000.0955917591400584,+0000.0000000000000000,+0000.0000000000000000,+0000.8968745071523863,+0000.0075337337075553
+0000.0931756055923827,+0000.0000000000000000,+0000.0000000000000000,+0000.9001667783459634,+0000.0066576160616538
+0000.0914592801932778,+0000.0000000000000000,+0000.0000000000000000,+0000.9022486061242563,+0000.0062921136824659
+0000.0904054897602689,+0000.0000000000000000,+0000.0000000000000000,+0000.9031526743730488,+0000.0064418358666823
+0000.0899902974990232,+0000.0000000000000000,+0000.0000000000000000,+0000.9029220920168324,+0000.0070876104841443
+0000.0902022682279233,+0000.0000000000000000,+0000.0000000000000000,+0000.9016101191157447,+0000.0081876126563317
+0000.0910415263036713,+0000.0000000000000000,+0000.0000000000000000,+0000.8992795284862137,+0000.0096789452101148
+0000.0925186342054614,+0000.0000000000000000,+0000.0000000000000000,+0000.8960017084708605,+0000.0114796573236783
+0000.0946530840648739,+0000.0000000000000000,+0000.0000000000000000,+0000.8918557176654834,+0000.0134911982696424
+0000.0974710550370079,+0000.0000000000000000,+0000.0000000000000000,+0000.8869276006103999,+0000.0156013443525921
+0000.1010019116489431,+0000.0000000000000000,+0000.0000000000000000,+0000.8813103693329344,+0000.0176877190181225
+0000.1052726994000762,+0000.0000000000000000,+0000.0000000000000000,+0000.8751051457219488,+0000.0196221548779752
+0000.1102996599964056,+0000.0000000000000000,+0000.0000000000000000,+0000.8684240222617486,+0000.0212763177418459
+0000.1160756280912676,+0000.0000000000000000,+0000.0000000000000000,+0000.8613951755084351,+0000.0225291964002974
+0000.1225522891112019,+0000.0000000000000000,+0000.0000000000000000,+0000.8541705381354625,+0000.0232771727533357
+0000.1296170562022915,+0000.0000000000000000,+0000.0000000000000000,+0000.8469357004195228,+0000.0234472433781856
+0000.1370663276449380,+0000.0000000000000000,+0000.0000000000000000,+0000.8399204159380654,+0000.0230132564169966
+0000.1445806427462195,+0000.0000000000000000,+0000.0000000000000000,+0000.8334059833177051,+0000.0220133739360755
+0000.1517125670977353,+0000.0000000000000000,+0000.0000000000000000,+0000.8277232331700052,+0000.0205641997322591
+0000.1579028575292771,+0000.0000000000000000,+0000.0000000000000000,+0000.8232333343728777,+0000.0188638080978454
+0000.1625395835950336,+0000.0000000000000000,+0000.0000000000000000,+0000.8202858894489313,+0000.0171745269560353
+0000.1650624049856151,+0000.0000000000000000,+0000.0000000000000000,+0000.8191573342843672,+0000.0157802607300174
+0000.1650897407321508,+0000.0000000000000000,+0000.0000000000000000,+0000.8199860498321487,+0000.0149242094357005
+0000.1625227283229692,+0000.0000000000000000,+0000.0000000000000000,+0000.8227305353058356,+0000.0147467363711948
+0000.1575781544516720,+0000.0000000000000000,+0000.0000000000000000,+0000.8271726367466314,+0000.0152492088016966
+0000.1507326972123225,+0000.0000000000000000,+0000.0000000000000000,+0000.8329674888371812,+0000.0162998139504964
+0000.1426045629398860,+0000.0000000000000000,+0000.0000000000000000,+0000.8397188210888731,+0000.0176766159712410
+0000.1338238063568178,+0000.0000000000000000,+0000.0000000000000000,+0000.8470495036133630,+0000.0191266900298193
+0000.1249350821788282,+0000.0000000000000000,+0000.0000000000000000,+0000.8546464509612859,+0000.0204184668598858
+0000.1163498591091578,+0000.0000000000000000,+0000.0000000000000000,+0000.8622756755561958,+0000.0213744653346464
+0000.1083412392812697,+0000.0000000000000000,+0000.0000000000000000,+0000.8697753416631095,+0000.0218834190556206
+0000.1010642403638154,+0000.0000000000000000,+0000.0000000000000000,+0000.8770381081659702,+0000.0218976514702143
+0000.0945855142033340,+0000.0000000000000000,+0000.0000000000000000,+0000.8839916633233234,+0000.0214228224733427
+0000.0889122744504514,+0000.0000000000000000,+0000.0000000000000000,+0000.8905823254293899,+0000.0205054001201590
+0000.0840158120652543,+0000.0000000000000000,+0000.0000000000000000,+0000.8967633614695272,+0000.0192208264652184
+0000.0798486141835451,+0000.0000000000000000,+0000.0000000000000000,+0000.9024878603800220,+0000.0176635254364326
+0000.0763558612519044,+0000.0000000000000000,+0000.0000000000000000,+0000.9077052772159340,+0000.0159388615321616
+0000.0734826321893268,+0000.0000000000000000,+0000.0000000000000000,+0000.9123606552490814,+0000.0141567125615919
+0000.0711781052273239,+0000.0000000000000000,+0000.0000000000000000,+0000.9163956764694513,+0000.0124262183032248
+0000.0693977824125414,+0000.0000000000000000,+0000.0000000000000000,+0000.9197508920259645,+0000.0108513255614943
+0000.0681044766137970,+0000.0000000000000000,+0000.0000000000000000,+0000.9223686615767144,+0000.0095268618094886
+0000.0672685537816173,+0000.0000000000000000,+0000.0000000000000000,+0000.9241964639630782,+0000.0085349822553047
+0000.0668677355462647,+0000.0000000000000000,+0000.0000000000000000,+0000.9251903367758395,+0000.0079419276778961
+0000.0668866301992093,+0000.0000000000000000,+0000.0000000000000000,+0000.9253182726379252,+0000.0077950971628654
+0000.0673160592010488,+0000.0000000000000000,+0000.0000000000000000,+0000.9245634581186456,+0000.0081204826803055
+0000.0681521672716300,+0000.0000000000000000,+0000.0000000000000000,+0000.9229272957637853,+0000.0089205369645845
+0000.0693952350404417,+0000.0000000000000000,+0000.0000000000000000,+0000.9204322038613992,+0000.0101725610981593
+0000.0710480458143932,+0000.0000000000000000,+0000.0000000000000000,+0000.9171242387224423,+0000.0118277154631645
+0000.0731135886668584,+0000.0000000000000000,+0000.0000000000000000,+0000.9130756188152235,+0000.0138107925179182
+0000.0755918129570402,+0000.0000000000000000,+0000.0000000000000000,+0000.9083872272157308,+0000.0160209598272290
+0000.0784751024080473,+0000.0000000000000000,+0000.0000000000000000,+0000.9031910940824452,+0000.0183338035095074
+0000.0817421509044610,+0000.0000000000000000,+0000.0000000000000000,+0000.8976526666580478,+0000.0206051824374913
+0000.0853500724056026,+0000.0000000000000000,+0000.0000000000000000,+0000.8919723068547261,+0000.0226776207396713
+0000.0892249785912664,+0000.0000000000000000,+0000.0000000000000000,+0000.8863848813691932,+0000.0243901400395406
+0000.0932520435972420,+0000.0000000000000000,+0000.0000000000000000,+0000.8811555717005444,+0000.0255923847022135
+0000.0972673146871381,+0000.0000000000000000,+0000.0000000000000000,+0000.8765693603419941,+0000.0261633249708680
+0000.1010550447400445,+0000.0000000000000000,+0000.0000000000000000,+0000.8729115721522269,+0000.0260333831077287
+0000.1043554460333708,+0000.0000000000000000,+0000.0000000000000000,+0000.8704381838974644,+0000.0252063700691646
+0000.1068872260080481,+0000.0000000000000000,+0000.0000000000000000,+0000.8693380875328733,+0000.0237746864590787
+0000.1083856799665651,+0000.0000000000000000,+0000.0000000000000000,+0000.8696948262795997,+0000.0219194937538355
+0000.1086503510134455,+0000.0000000000000000,+0000.0000000000000000,+0000.8714602273314853,+0000.0198894216550692
+0000.1075889797348943,+0000.0000000000000000,+0000.0000000000000000,+0000.8744528145826720,+0000.0179582056824335
+0000.1052417242810210,+0000.0000000000000000,+0000.0000000000000000,+0000.8783869542588770,+0000.0163713214601020
