+0000.0000000000000000,+0001.0000000000000000,+0000.0000000000000000,+0000.0000000000000000,+0000.0000000000000000
+0000.0000965230601616,+0000.9999024385487661,+0000.0000000364821027,+0000.0000010019052471,+0000.0000000000037223
+0000.0003858471391849,+0000.9996095605364507,+0000.0000005811927761,+0000.0000040110388155,+0000.0000000000927726
+0000.0008666660705921,+0000.9991213768674860,+0000.0000029244072198,+0000.0000090319302798,+0000.0000000007244226
+0000.0015364383189294,+0000.9984383114182398,+0000.0000091786432159,+0000.0000160683082794,+0000.0000000033113357
+0000.0023914136007331,+0000.9975612131125851,+0000.0000222391142149,+0000.0000251230978231,+0000.0000000110746438
+0000.0034266672869685,+0000.9964913656886130,+0000.0000457384467792,+0000.0000361984219581,+0000.0000000301556814
+0000.0046361423146530,+0000.9952304950293096,+0000.0000839960781656,+0000.0000492956083511,+0000.0000000709695205
+0000.0060126982761556,+0000.9937807739546438,+0000.0001419627865013,+0000.0000644152012455,+0000.0000001497814540
+0000.0075481672969007,+0000.9921448243985569,+0000.0002251608396074,+0000.0000815569791676,+0000.0000002904857678
+0000.0092334162568424,+0000.9903257169215016,+0000.0003396202784534,+0000.0001007199786597,+0000.0000005265645428
+0000.0110584148590592,+0000.9883269675369649,+0000.0004918118769020,+0000.0001219025242188,+0000.0000009032028549
+0000.0130123090010623,+0000.9861525318584927,+0000.0006885773403270,+0000.0001451022645164,+0000.0000014795356015
+0000.0150834988617486,+0000.9838067966016695,+0000.0009370573214126,+0000.0001703162148737,+0000.0000023310002955
+0000.0172597210801286,+0000.9812945685028360,+0000.0012446178416337,+0000.0001975408058661,+0000.0000035517695353
+0000.0195281343716749,+0000.9786210607426794,+0000.0016187757113322,+0000.0002267719378288,+0000.0000052572364844
+0000.0218754079048875,+0000.9757918769877812,+0000.0020671235398097,+0000.0002580050409436,+0000.0000075865265779
+0000.0242878117448611,+0000.9728129931863878,+0000.0025972549194458,+0000.0002912351404951,+0000.0000107050088103
+0000.0267513086625043,+0000.9696907372757334,+0000.0032166903546207,+0000.0003264569268024,+0000.0000148067803394
+0000.0292516466076804,+0000.9664317669769293,+0000.0039328044873877,+0000.0003636648292549,+0000.0000201170987477
+0000.0317744511518702,+0000.9630430458694419,+0000.0047527551477434,+0000.0004028530938172,+0000.0000268947371273
+0000.0343053172207556,+0000.9595318179503819,+0000.0056834147273888,+0000.0004440158633057,+0000.0000354342381681
+0000.0368298994590520,+0000.9559055808940469,+0000.0067313043425980,+0000.0004871472596965,+0000.0000460680446065
+0000.0393340005984711,+0000.9521720582343374,+0000.0079025312147857,+0000.0005322414676825,+0000.0000591684847235
+0000.0418036572342725,+0000.9483391706967944,+0000.0092027296572446,+0000.0005792928186742,+0000.0000751495930143
+0000.0442252224557604,+0000.9444150069081374,+0000.0106370060139985,+0000.0006282958744189,+0000.0000944687476846
+0000.0465854448205114,+0000.9404077937093799,+0000.0122098878524867,+0000.0006792455094084,+0000.0001176281082138
+0000.0488715432102446,+0000.9363258662940712,+0000.0139252776665901,+0000.0007321369912504,+0000.0001451758378438
+0000.0510712771571989,+0000.9321776383861089,+0000.0157864113010217,+0000.0007869660581880,+0000.0001777070974827
+0000.0531730122827663,+0000.9279715726621293,+0000.0177958212630146,+0000.0008437289929778,+0000.0002158647991124
+0000.0551657805440810,+0000.9237161516120083,+0000.0199553050431795,+0000.0009024226923656,+0000.0002603401083656
+0000.0570393350384277,+0000.9194198490177452,+0000.0222658985249533,+0000.0009630447314342,+0000.0003118726874393
+0000.0587841991689118,+0000.9150911022162717,+0000.0247278545217179,+0000.0010255934221470,+0000.0003712506709517
+0000.0603917100270882,+0000.9107382852958712,+0000.0273406264428860,+0000.0010900678654553,+0000.0004393103686994
+0000.0618540558985234,+0000.9063696833591910,+0000.0301028570553658,+0000.0011564679963947,+0000.0005169356905250
+0000.0631643078449744,+0000.9019934679685908,+0000.0330123722751099,+0000.0012247946216556,+0000.0006050572896694
+0000.0643164453615492,+0000.8976176738721335,+0000.0360661798951033,+0000.0012950494491701,+0000.0007046514220437
+0000.0653053761484634,+0000.8932501770911357,+0000.0392604731312481,+0000.0013672351093280,+0000.0008167385198248
+0000.0661269500745561,+0000.8888986744330996,+0000.0425906388461835,+0000.0014413551674943,+0000.0009423814786665
+0000.0667779674433874,+0000.8845706644773527,+0000.0460512702930639,+0000.0015174141275723,+0000.0010826836586240
+0000.0672561817024178,+0000.8802734300649273,+0000.0496361842065893,+0000.0015954174264220,+0000.0012387865996435
+0000.0675602967614780,+0000.8760140223094035,+0000.0533384420569347,+0000.0016753714190123,+0000.0014118674531715
+0000.0676899591085501,+0000.8717992461316658,+0000.0571503752734122,+0000.0017572833542518,+0000.0016031361321201
+0000.0676457449289739,+0000.8676356473089840,+0000.0610636142384272,+0000.0018411613415146,+0000.0018138321821004
+0000.0674291424487768,+0000.8635295010175317,+0000.0650691208482242,+0000.0019270143079389,+0000.0020452213775284
+0000.0670425297341982,+0000.8594868018375186,+0000.0691572244346971,+0000.0020148519466484,+0000.0022985920469380
+0000.0664891481879614,+0000.8555132551815113,+0000.0733176608417909,+0000.0021046846561080,+0000.0025752511326283
+0000.0657730719887983,+0000.8516142700992997,+0000.0775396144503636,+0000.0021965234708926,+0000.0028765199906457
+0000.0648991737245424,+0000.8477949534067493,+0000.0818117629464194,+0000.0022903799842122,+0000.0032037299380765
+0000.0638730864711722,+0000.8440601050814992,+0000.0861223246290029,+0000.0023862662626000,+0000.0035582175557258
+0000.0627011625709037,+0000.8404142148649738,+0000.0904591080554011,+0000.0024841947532327,+0000.0039413197554887
+0000.0613904293622006,+0000.8368614600079678,+0000.0948095638223069,+0000.0025841781844162,+0000.0043543686231083
+0000.0599485421137541,+0000.8334057040958943,+0000.0991608382819603,+0000.0026862294598318,+0000.0047986860485596
+0000.0583837344134547,+0000.8300504968895978,+0000.1034998289917416,+0000.0027903615471972,+0000.0052755781580089
+0000.0567047662624350,+0000.8267990751182861,+0000.1078132416940370,+0000.0028965873620601,+0000.0057863295631821
+0000.0549208701236978,+0000.8236543641625294,+0000.1120876486202584,+0000.0030049196474983,+0000.0063321974460162
+0000.0530416951748972,+0000.8206189805672950,+0000.1163095479085724,+0000.0031153708505598,+0000.0069144054986754
+0000.0510772500156932,+0000.8176952353275089,+0000.1204654239191146,+0000.0032279529963311,+0000.0075341377413520
+0000.0490378440818890,+0000.8148851378915487,+0000.1245418082232430,+0000.0033426775605750,+0000.0081925322427445
+0000.0469340280213758,+0000.8121904008312539,+0000.1285253410347746,+0000.0034595553419305,+0000.0088906747706650
+0000.0447765332907544,+0000.8096124451303998,+0000.1324028328412750,+0000.0035785963347102,+0000.0096295924028605
+0000.0425762112363583,+0000.8071524060469673,+0000.1361613259825108,+0000.0036998096033768,+0000.0104102471307869
+0000.0403439719291664,+0000.8048111395079338,+0000.1397881559113721,+0000.0038232031598101,+0000.0112335294917174
+0000.0380907230296059,+0000.8025892289985321,+0000.1432710118602098,+0000.0039487838445098,+0000.0121002522671425
+0000.0358273089653154,+0000.8004869929109450,+0000.1465979966229650,+0000.0040765572128965,+0000.0130111442878783
+0000.0335644507122904,+0000.7985044923201614,+0000.1497576851510772,+0000.0042065274278877,+0000.0139668443885833
+0000.0313126864771715,+0000.7966415391570962,+0000.1527391816493746,+0000.0043386971599256,+0000.0149678955564323
+0000.0290823135854149,+0000.7948977047510755,+0000.1555321748474409,+0000.0044730674956250,+0000.0160147393204439
+0000.0268833318863166,+0000.7932723287153601,+0000.1581269911127873,+0000.0046096378561892,+0000.0171077104293470
+0000.0247253889909584,+0000.7917645281504618,+0000.1605146450650440,+0000.0047484059267032,+0000.0182470318668328
+0000.0226177276626663,+0000.7903732071406353,+0000.1626868873458166,+0000.0048893675973698,+0000.0194328102535122
+0000.0205691356811194,+0000.7890970665190618,+0000.1646362491972994,+0000.0050325169176852,+0000.0206650316848345
+0000.0185878985003775,+0000.7879346138769149,+0000.1663560835046783,+0000.0051778460644762,+0000.0219435580535528
+0000.0166817550174370,+0000.7868841737907150,+0000.1678406019631984,+0000.0053253453246253,+0000.0232681239040244
+0000.0148578567610839,+0000.7859438982411866,+0000.1690849080408840,+0000.0054750030931988,+0000.0246383338636466
+0000.0131227308004894,+0000.7851117771952940,+0000.1700850254225923,+0000.0056268058875715,+0000.0260536606940527
+0000.0114822466588990,+0000.7843856493212358,+0000.1708379216405701,+0000.0057807383780017,+0000.0275134440012933
+0000.0099415874997139,+0000.7837632128041028,+0000.1713415266211071,+0000.0059367834349552,+0000.0290168896401210
+0000.0085052258301228,+0000.7832420362276022,+0000.1715947459062677,+0000.0060949221933190,+0000.0305630698426882
+0000.0071769039411731,+0000.7828195694849067,+0000.1715974683439611,+0000.0062551341334638,+0000.0321509240964954
+0000.0059596192728360,+0000.7824931546793044,+0000.1713505680785902,+0000.0064173971789385,+0000.0337792607903309
+0000.0048556148583645,+0000.7822600369730679,+0000.1708559007178900,+0000.0065816878103863,+0000.0354467596402914
+0000.0038663749643296,+0000.7821173753408412,+0000.1701162935989045,+0000.0067479811950839,+0000.0371519749008408
+0000.0029926260014991,+0000.7820622531820244,+0000.1691355301268219,+0000.0069162513313118,+0000.0388933393583430
+0000.0022343427376408,+0000.7820916887451396,+0000.1679183282139426,+0000.0070864712065727,+0000.0406691690967042
+0000.0015907597969421,+0000.7822026453161190,+0000.1664703129016534,+0000.0072586129684949,+0000.0424776690167905
+0000.0010603883826518,+0000.7823920411218837,+0000.1647979833051051,+0000.0074326481070792,+0000.0443169390832801
+0000.0006410381104634,+0000.7826567589006043,+0000.1629086740774523,+0000.0076085476467870,+0000.0461849812646930
+0000.0003298437908203,+0000.7829936550906363,+0000.1608105116470741,+0000.0077862823468175,+0000.0480797071246517
+0000.0001232969495089,+0000.7833995685913903,+0000.1585123655362079,+0000.0079658229077951,+0000.0499989460150980
+0000.0000172818284233,+0000.7838713290513161,+0000.1560237951219309,+0000.0081471401829735,+0000.0519404538153561
+0000.0000071155630305,+0000.7844057646407878,+0000.1533549922494815,+0000.0083302053919824,+0000.0539019221547179
+0000.0000875921906177,+0000.7849997092709229,+0000.1505167201526488,+0000.0085149903350726,+0000.0558809880507382
+0000.0002530301046025,+0000.7856500092232803,+0000.1475202491755470,+0000.0087014676057861,+0000.0578752438907839
+0000.0004973225357053,+0000.7863535291598653,+0000.1443772898238186,+0000.0088896107999614,+0000.0598822476806495
+0000.0008139906112213,+0000.7871071574879029,+0000.1410999237005537,+0000.0090793947190052,+0000.0618995334813171
+0000.0011962385194952,+0000.7879078110593590,+0000.1377005329025036,+0000.0092707955654047,+0000.0639246219532373
+0000.0016370102883804,+0000.7887524391910847,+0000.1341917284651388,+0000.0094637911285230,+0000.0659550309268730
+0000.0021290476742539,+0000.7896380269976708,+0000.1305862784505714,+0000.0096583609588179,+0000.0679882859186861
+0000.0026649486522056,+0000.7905615980355339,+0000.1268970362702819,+0000.0098544865287411,+0000.0700219305132375
+0000.0032372259983585,+0000.7915202162632924,+0000.1231368698250536,+0000.0100521513787160,+0000.0720535365345794
+0000.0038383654618252,+0000.7925109873300439,+0000.1193185920277924,+0000.0102513412467484,+0000.0740807139335903
+0000.0044608830363415,+0000.7935310592096376,+0000.1154548932513650,+0000.0104520441804017,+0000.0761011203222542
+0000.0050973808598262,+0000.7945776222053195,+0000.1115582762137622,+0000.0106542506300548,+0000.0781124700910372
+0000.0057406012935715,+0000.7956479083551468,+0000.1076409937773770,+0000.0108579535225566,+0000.0801125430513482
+0000.0063834787609618,+0000.7967391902742289,+0000.1037149900987280,+0000.0110631483145974,+0000.0820991925514837
+0000.0070191889579610,+0000.7978487794750844,+0000.0997918455203131,+0000.0112698330253236,+0000.0840703530213178
+0000.0076411950834726,+0000.7989740242121183,+0000.0958827255482951,+0000.0114780082479300,+0000.0860240469081842
+0000.0082432907763739,+0000.8001123069004157,+0000.0919983342092595,+0000.0116876771401680,+0000.0879583909737832
+0000.0088196394868721,+0000.8012610411626142,+0000.0881488720272042,+0000.0118988453939092,+0000.0898716019294003
+0000.0093648100521153,+0000.8024176685605769,+0000.0843439988090857,+0000.0121115211840938,+0000.0917620013941282
+0000.0098738082890387,+0000.8035796550708912,+0000.0805928013744690,+0000.0123257150975739,+0000.0936280201680271
+0000.0103421044605763,+0000.8047444873648787,+0000.0769037663128776,+0000.0125414400425330,+0000.0954682018191343
+0000.0107656565140026,+0000.8059096689548035,+0000.0732847578020328,+0000.0127587111393150,+0000.0972812055898463
+0000.0111409290317283,+0000.8070727162683382,+0000.0697430004719215,+0000.0129775455936408,+0000.0990658086343714
+0000.0114649078748607,+0000.8082311547131028,+0000.0662850672541052,+0000.0131979625533115,+0000.1008209076046195
+0000.0117351105378119,+0000.8093825147922631,+0000.0629168721133189,+0000.0134199829496088,+0000.1025455196069972
+0000.0119495922678441,+0000.8105243283307931,+0000.0596436675195832,+0000.0136436293246954,+0000.1042387825570839
+0000.0121069480363942,+0000.8116541248701263,+0000.0564700464840360,+0000.0138689256463953,+0000.1058999549630481
+0000.0122063104790967,+0000.8127694282865499,+0000.0533999489506570,+0000.0140958971117937,+0000.1075284151719028
+0000.0122473439485031,+0000.8138677536859307,+0000.0504366723091102,+0000.0143245699411449,+0000.1091236601153109
+0000.0122302348474776,+0000.8149466046241998,+0000.0475828857710842,+0000.0145549711636072,+0000.1106853035936313
+0000.0121556784321510,+0000.8160034706995285,+0000.0448406483337006,+0000.0147871283963423,+0000.1122130741382775
+0000.0120248622911536,+0000.8170358255583720,+0000.0422114300386832,+0000.0150210696185261,+0000.1137068124932653
+0000.0118394467227375,+0000.8180411253535100,+0000.0396961362248471,+0000.0152568229418104,+0000.1151664687570951
+0000.0116015422434598,+0000.8190168076880139,+0000.0372951344638711,+0000.0154944163787636,+0000.1165920992258914
+0000.0113136844715048,+0000.8199602910746510,+0000.0350082838650029,+0000.0157338776107945,+0000.1179838629780471
+0000.0109788066346572,+0000.8208689749357169,+0000.0328349664330398,+0000.0159752337570323,+0000.1193420182395538
+0000.0106002099576193,+0000.8217402401636548,+0000.0307741201653393,+0000.0162185111456002,+0000.1206669185677865
+0000.0101815321859984,+0000.8225714502580870,+0000.0288242735774436,+0000.0164637350886749,+0000.1219590088897961
+0000.0097267145051028,+0000.8233599530501424,+0000.0269835813528576,+0000.0167109296626778,+0000.1232188214292192
+0000.0092399671108933,+0000.8241030830201473,+0000.0252498608203055,+0000.0169601174948902,+0000.1244469715537638
+0000.0087257336882444,+0000.8247981642099512,+0000.0236206289711359,+0000.0172113195577282,+0000.1256441535729400
+0000.0081886550482759,+0000.8254425137263643,+0000.0220931397401910,+0000.0174645549718552,+0000.1268111365133137
+0000.0076335321720964,+0000.8260334458274019,+0000.0206644212851542,+0000.0177198408192437,+0000.1279487598961037
+0000.0070652889030163,+0000.8265682765783295,+0000.0193313130119465,+0000.0179771919672365,+0000.1290579295394711
+0000.0064889345232728,+0000.8270443290598195,+0000.0180905021069449,+0000.0182366209045854,+0000.1301396134053776
+0000.0059095264446875,+0000.8274589391059649,+0000.0169385593505006,+0000.0184981375903777,+0000.1311948375084695
+0000.0053321332355251,+0000.8278094615454212,+0000.0158719740002911,+0000.0187617493166850,+0000.1322246819020777
+0000.0047617981982317,+0000.8280932769145765,+0000.0148871875473461,+0000.0190274605856915,+0000.1332302767541542
+0000.0042035037047285,+0000.8283077986074528,+0000.0139806261620381,+0000.0192952730019839,+0000.1342127985237967
+0000.0036621364875747,+0000.8284504804229910,+0000.0131487316618771,+0000.0195651851805956,+0000.1351734662469614
+0000.0031424540765795,+0000.8285188244665258,+0000.0123879908475252,+0000.0198371926713191,+0000.1361135379380502
+0000.0026490525613628,+0000.8285103893586259,+0000.0116949630680320,+0000.0201112878997063,+0000.1370343071122728
+0000.0021863358508898,+0000.8284227987011117,+0000.0110663058908619,+0000.0203874601250861,+0000.1379370994320508
+0000.0017584865911424,+0000.8282537497469586,+0000.0104987987668291,+0000.0206656954158328,+0000.1388232694792368
+0000.0013694388917866,+0000.8280010222180424,+0000.0099893645945745,+0000.0209459766420202,+0000.1396941976535763
+0000.0010228530019259,+0000.8276624872122276,+0000.0095350891037175,+0000.0212282834854917,+0000.1405512871966372
+0000.0007220920637611,+0000.8272361161392994,+0000.0091332379902918,+0000.0215125924672757,+0000.1413959613393721
+0000.0004702010611730,+0000.8267199896235744,+0000.0087812717525381,+0000.0217988769921642,+0000.1422296605705501
+0000.0002698880678818,+0000.8261123063098779,+0000.0084768581895726,+0000.0220871074101665,+0000.1430538400225014
+0000.0001235078869015,+0000.8254113915088434,+0000.0082178825398764,+0000.0223772510944360,+0000.1438699669699427
+0000.0000330481594891,+0000.8246157056173127,+0000.0080024552509397,+0000.0226692725351618,+0000.1446795184370966
+0000.0000001180076959,+0000.8237238522499114,+0000.0078289173857294,+0000.0229631334487990,+0000.1454839789078642
+0000.0000259392599852,+0000.8227345860187520,+0000.0076958436858918,+0000.0232587929019100,+0000.1462848381334608
+0000.0001113402942211,+0000.8216468198996264,+0000.0076020433257141,+0000.0235562074487741,+0000.1470835890316642
+0000.0002567525167122,+0000.8204596321250215,+0000.0075465584047998,+0000.0238553312818245,+0000.1478817256716421
+0000.0004622094799845,+0000.8191722725468309,+0000.0075286602410921,+0000.0241561163938695,+0000.1486807413382226
+0000.0007273486256396,+0000.8177841684147267,+0000.0075478435392433,+0000.0244585127509604,+0000.1494821266694300
+0000.0010514156221400,+0000.8162949295197672,+0000.0076038185222875,+0000.0247624684746845,+0000.1502873678611207
+0000.0014332712507628,+0000.8147043526569822,+0000.0076965011270485,+0000.0250679300325793,+0000.1510979449326272
+0000.0018714007764055,+0000.8130124253652791,+0000.0078260013755976,+0000.0253748424352984,+0000.1519153300474196
+0000.0023639257235640,+0000.8112193289081091,+0000.0079926100462877,+0000.0256831494390966,+0000.1527409858829427
+0000.0029086179617679,+0000.8093254404638004,+0000.0081967837783104,+0000.0259927937521581,+0000.1535763640439635
+0000.0035029159892198,+0000.8073313345002983,+0000.0084391287532692,+0000.0263037172432526,+0000.1544229035139603
+0000.0041439432884976,+0000.8052377833151770,+0000.0087203831058311,+0000.0266158611511842,+0000.1552820291393101
+0000.0048285286140923,+0000.8030457567281344,+0000.0090413982230195,+0000.0269291662934906,+0000.1561551501412633
+0000.0055532280584395,+0000.8007564209196973,+0000.0094031190980610,+0000.0272435732728513,+0000.1570436586509508
+0000.0063143487310894,+0000.7983711364164690,+0000.0098065639098285,+0000.0275590226796896,+0000.1579489282629233
+0000.0071079738749024,+0000.7958914552298585,+0000.0102528030027601,+0000.0278754552894837,+0000.1588723126029953
+0000.0079299892337714,+0000.7933191171617976,+0000.0107429374446391,+0000.0281928122533528,+0000.1598151439064393
+0000.0087761104784728,+0000.7906560452973682,+0000.0112780773407529,+0000.0285110352805487,+0000.1607787316028571
+0000.0096419114909286,+0000.7879043407104760,+0000.0118593200826952,+0000.0288300668115592,+0000.1617643609043410
+0000.0105228533024950,+0000.7850662764146350,+0000.0124877287084251,+0000.0291498501806188,+0000.1627732913938264
+0000.0114143134789336,+0000.7821442905965247,+0000.0131643105471763,+0000.0294703297665276,+0000.1638067556108380
+0000.0123116157435003,+0000.7791409791751478,+0000.0138899963184330,+0000.0297914511307889,+0000.1648659576321301
+0000.0132100596301072,+0000.7760590877341356,+0000.0146656198485227,+0000.0301131611422013,+0000.1659520716450333
+0000.0141049499607742,+0000.7729015028789479,+0000.0154918985614664,+0000.0304354080871710,+0000.1670662405116401
+0000.0149916259455338,+0000.7696712430743669,+0000.0163694148926620,+0000.0307581417651494,+0000.1682095743222878
+0000.0158654897085417,+0000.7663714490207302,+0000.0172985987648405,+0000.0310813135687458,+0000.1693831489371418
+0000.0167220340512965,+0000.7630053736298235,+0000.0182797112556377,+0000.0314048765482091,+0000.1705880045150330
+0000.0175568692724760,+0000.7595763716631579,+0000.0193128295751616,+0000.0317287854601284,+0000.1718251440290761
+0000.0183657488738605,+0000.7560878890965648,+0000.0203978334602513,+0000.0320529968003468,+0000.1730955317689767
+0000.0191445939929931,+0000.7525434522756153,+0000.0215343930798136,+0000.0323774688212359,+0000.1744000918303424
+0000.0198895164154858,+0000.7489466569263153,+0000.0227219585328396,+0000.0327021615336257,+0000.1757397065917334
+0000.0205968400330845,+0000.7453011570849031,+0000.0239597510075621,+0000.0330270366938235,+0000.1771152151806267
+0000.0212631206275756,+0000.7416106540093516,+0000.0252467556568436,+0000.0333520577762976,+0000.1785274119299318
+0000.0218851638752243,+0000.7378788851334607,+0000.0265817162314169,+0000.0336771899327271,+0000.1799770448271710
+0000.0224600414814941,+0000.7341096131221748,+0000.0279631314991477,+0000.0340023999382441,+0000.1814648139589393
+0000.0229851053711699,+0000.7303066150840875,+0000.0293892534651705,+0000.0343276561258052,+0000.1829913699537669
+0000.0234579998745322,+0000.7264736719940206,+0000.0308580873946694,+0000.0346529283097321,+0000.1845573124270459
+0000.0238766718657640,+0000.7226145583751337,+0000.0323673936273359,+0000.0349781876995527,+0000.1861631884322139
+0000.0242393788251716,+0000.7187330322863059,+0000.0339146911602186,+0000.0353034068053514,+0000.1878094909229527
+0000.0245446948119447,+0000.7148328256565757,+0000.0354972629638677,+0000.0356285593359071,+0000.1894966572317048
+0000.0247915143489421,+0000.7109176350042867,+0000.0371121629854395,+0000.0359536200909480,+0000.1912250675703835
+0000.0249790542352695,+0000.7069911125743218,+0000.0387562247818122,+0000.0362785648488964,+0000.1929950435596999
+0000.0251068533161153,+0000.7030568579224652,+0000.0404260717158322,+0000.0366033702515019,+0000.1948068467940855
+0000.0251747702523464,+0000.6991184099715689,+0000.0421181286395853,+0000.0369280136867783,+0000.1966606774497213
+0000.0251829793446791,+0000.6951792395598529,+0000.0438286349801090,+0000.0372524731716595,+0000.1985566729436992
+0000.0251319644787606,+0000.6912427424973910,+0000.0455536591352390,+0000.0375767272357793,+0000.2004949066528300
+0000.0250225112681896,+0000.6873122331426590,+0000.0472891140803347,+0000.0379007548077552,+0000.2024753867010617
+0000.0248556974823340,+0000.6833909385070025,+0000.0490307740804556,+0000.0382245351053226,+0000.2044980548248853
+0000.0246328818547422,+0000.6794819928910124,+0000.0507742923971634,+0000.0385480475306161,+0000.2065627853264661
+0000.0243556913759848,+0000.6755884330531438,+0000.0525152198744961,+0000.0388712715718368,+0000.2086693841245386
+0000.0240260071818941,+0000.6717131939074843,+0000.0542490242847961,+0000.0391941867124777,+0000.2108175879133479
+0000.0236459491543935,+0000.6678591047443790,+0000.0559711103119528,+0000.0395167723491963,+0000.2130070634400782
+0000.0232178593574348,+0000.6640288859646815,+0000.0576768400472393,+0000.0398390077193418,+0000.2152374069113026
+0000.0227442844349982,+0000.6602251463157203,+0000.0593615538712561,+0000.0401608718390426,+0000.2175081435389827
+0000.0222279571016780,+0000.6564503806146700,+0000.0610205915945357,+0000.0404823434526630,+0000.2198187272364533
+0000.0216717768590885,+0000.6527069679428680,+0000.0626493137290885,+0000.0408034009943211,+0000.2221685404746339
+0000.0210787900732053,+0000.6489971702927585,+0000.0642431227635722,+0000.0411240225620528,+0000.2245568943084111
+0000.0204521695488258,+0000.6453231316475390,+0000.0657974843158277,+0000.0414441859050790,+0000.2269830285827286
+0000.0197951937376146,+0000.6416868774722345,+0000.0673079480382290,+0000.0417638684245158,+0000.2294461123274059
+0000.0191112257157123,+0000.6380903145938414,+0000.0687701681536363,+0000.0420830471877364,+0000.2319452443490736
+0000.0184036920656562,+0000.6345352314473063,+0000.0701799235026993,+0000.0424016989564667,+0000.2344794540278714
+0000.0176760617954143,+0000.6310232986634958,+0000.0715331369868298,+0000.0427198002285672,+0000.2370477023256931
+0000.0169318254246788,+0000.6275560699748736,+0000.0728258942953266,+0000.0430373272933243,+0000.2396488830117969
+0000.0161744743652431,+0000.6241349834143953,+0000.0740544618098915,+0000.0433542562999452,+0000.2422818241105248
+0000.0154074807183025,+0000.6207613627830884,+0000.0752153035850930,+0000.0436705633388251,+0000.2449452895746910
+0000.0146342776069045,+0000.6174364193619142,+0000.0763050973092156,+0000.0439862245350326,+0000.2476379811869329
+0000.0138582401565533,+0000.6141612538438033,+0000.0773207491563481,+0000.0443012161533399,+0000.2503585406899556
+0000.0130826672311671,+0000.6109368584621668,+0000.0782594074474900,+0000.0446155147140112,+0000.2531055521451651
+0000.0123107640252251,+0000.6077641192927461,+0000.0791184750458864,+0000.0449290971184539,+0000.2558775445176887
+0000.0115456256060525,+0000.6046438187063103,+0000.0798956204196745,+0000.0452419407837393,+0000.2586729944842235
+0000.0107902214928080,+0000.6015766379504726,+0000.0805887873132474,+0000.0455540237849041,+0000.2614903294585680
+0000.0100473813508965,+0000.5985631598397256,+0000.0811962029774333,+0000.0458653250038625,+0000.2643279308280820
+0000.0093197818722683,+0000.5956038715337119,+0000.0817163849176381,+0000.0461758242836839,+0000.2671841373926976
+0000.0086099349034274,+0000.5926991673847030,+0000.0821481461284381,+0000.0464855025869273,+0000.2700572489965042
+0000.0079201768740065,+0000.5898493518362824,+0000.0824905987926895,+0000.0467943421566727,+0000.2729455303403492
+0000.0072526595695210,+0000.5870546423562808,+0000.0827431564329794,+0000.0471023266788460,+0000.2758472149623731
+0000.0066093422824531,+0000.5843151723880934,+0000.0829055345131169,+0000.0474094414444086,+0000.2787605093719283
+0000.0059919853661916,+0000.5816309943056154,+0000.0829777494972768,+0000.0477156735099625,+0000.2816835973209535
+0000.0054021452066311,+0000.5790020823581503,+0000.0829601163842990,+0000.0480210118553232,+0000.2846146441955963
+0000.0048411706164878,+0000.5764283355927677,+0000.0828532447444211,+0000.0483254475366142,+0000.2875518015097094
+0000.0043102006476752,+0000.5739095807427146,+0000.0826580332953225,+0000.0486289738334680,+0000.2904932114808196
+0000.0038101638074887,+0000.5714455750716031,+0000.0823756630636849,+0000.0489315863889433,+0000.2934370116682798
+0000.0033417786549342,+0000.5690360091641965,+0000.0820075891874601,+0000.0492332833408215,+0000.2963813396525874
+0000.0029055557443844,+0000.5666805096557197,+0000.0815555314225992,+0000.0495340654430007,+0000.2993243377342961
+0000.0025018008749223,+0000.5643786418926766,+0000.0810214634260579,+0000.0498339361757752,+0000.3022641576305680
+0000.0021306195953147,+0000.5621299125192171,+0000.0804076008943845,+0000.0501329018438699,+0000.3051989651472137
+0000.0017919229066088,+0000.5599337719840991,+0000.0797163886440452,+0000.0504309716611869,+0000.3081269448040599
+0000.0014854340969328,+0000.5577896169642917,+0000.0789504867257883,+0000.0507281578213217,+0000.3110463043916655
+0000.0012106966362660,+0000.5556967927022086,+0000.0781127556707398,+0000.0510244755530134,+0000.3139552794377721
+0000.0009670830527759,+0000.5536545952544792,+0000.0772062409705046,+0000.0513199431598033,+0000.3168521375624367
+0000.0007538047068542,+0000.5516622736510457,+0000.0762341568972881,+0000.0516145820432997,+0000.3197351827015123
+0000.0005699223742548,+0000.5497190319641975,+0000.0751998697729197,+0000.0519084167095650,+0000.3226027591790629
+0000.0004143575457810,+0000.5478240312879616,+0000.0741068807976313,+0000.0522014747582717,+0000.3254532556103543
+0000.0002859043478108,+0000.5459763916290004,+0000.0729588085505145,+0000.0524937868543968,+0000.3282851086182775
+0000.0001832419856053,+0000.5441751937108741,+0000.0717593712737488,+0000.0527853866823587,+0000.3310968063474129
+0000.0001049476098184,+0000.5424194806941831,+0000.0705123690519668,+0000.0530763108826214,+0000.3338868917614103
+0000.0000495095059247,+0000.5407082598156945,+0000.0692216659965308,+0000.0533665989709232,+0000.3366539657109269
+0000.0000153405063783,+0000.5390405039501314,+0000.0678911725420608,+0000.0536562932404046,+0000.3393966897610247
+0000.0000007915262156,+0000.5374151530987910,+0000.0665248279593166,+0000.0539454386470327,+0000.3421137887686440
+0000.0000041651244604,+0000.5358311158096229,+0000.0651265831845526,+0000.0542340826788286,+0000.3448040532025357
+0000.0000237289960780,+0000.5342872705337967,+0000.0637003840607767,+0000.0545222752095169,+0000.3474663411998315
+0000.0000577293022856,+0000.5327824669241507,+0000.0622501550810238,+0000.0548100683373112,+0000.3500995803552290
+0000.0001044037507339,+0000.5313155270812012,+0000.0607797837178645,+0000.0550975162096471,+0000.3527027692405534
+0000.0001619943413609,+0000.5298852467526683,+0000.0592931054169842,+0000.0553846748347559,+0000.3552749786542308
+0000.0002287596985345,+0000.5284903964926552,+0000.0577938893258548,+0000.0556716018810501,+0000.3578153526019056
+0000.0003029869153797,+0000.5271297227867938,+0000.0562858248213683,+0000.0559583564653579,+0000.3603231090111004
+0000.0003830028418688,+0000.5258019491497666,+0000.0547725088928765,+0000.0562449989311032,+0000.3627975401843846
+0000.0004671847542718,+0000.5245057772016841,+0000.0532574344294650,+0000.0565315906175748,+0000.3652380129970041
+0000.0005539703498527,+0000.5232398877298062,+0000.0517439794525617,+0000.0568181936214698,+0000.3676439688463095
+0000.0006418670171936,+0000.5220029417420824,+0000.0502353973272084,+0000.0571048705519255,+0000.3700149233615904
+0000.0007294603391634,+0000.5207935815188978,+0000.0487348079775822,+0000.0573916842802750,+0000.3723504658840816
+0000.0008154217922652,+0000.5196104316693191,+0000.0472451901247120,+0000.0576786976857775,+0000.3746502587279265
+0000.0008985156128286,+0000.5184521001979648,+0000.0457693745568480,+0000.0579659733985740,+0000.3769140362337844
+0000.0009776048072128,+0000.5173171795884537,+0000.0443100384356748,+0000.0582535735411207,+0000.3791416036275377
+0000.0010516562897929,+0000.5162042479091360,+0000.0428697006345590,+0000.0585415594693384,+0000.3813328356971738
+0000.0011197451389710,+0000.5151118699465697,+0000.0414507180983332,+0000.0588299915146991,+0000.3834876753014272
+0000.0011810579677443,+0000.5140385983718948,+0000.0400552832077900,+0000.0591189287284487,+0000.3856061317241222
+0000.0012348954114236,+0000.5129829749449306,+0000.0386854221261095,+0000.0594084286291335,+0000.3876882788884030
+0000.0012806737409108,+0000.5119435317604630,+0000.0373429940989167,+0000.0596985469545629,+0000.3897342534451465
+0000.0013179256154670,+0000.5109187925408024,+0000.0360296916745725,+0000.0599893374193024,+0000.3917442527498559
+0000.0013462999941163,+0000.5099072739782637,+0000.0347470418066590,+0000.0602808514787467,+0000.3937185327422145
+0000.0013655612297180,+0000.5089074871307916,+0000.0334964077964452,+0000.0605731381007763,+0000.3956574057422688
+0000.0013755873742750,+0000.5079179388734730,+0000.0322789920294126,+0000.0608662435459483,+0000.3975612381768910
+0000.0013763677282270,+0000.5069371334081982,+0000.0310958394566775,+0000.0611602111571227,+0000.3994304482497744
+0000.0013679996702938,+0000.5059635738332128,+0000.0299478417693813,+0000.0614550811593687,+0000.4012655035677434
+0000.0013506848078738,+0000.5049957637737793,+0000.0288357422118053,+0000.0617508904709378,+0000.4030669187356036
+0000.0013247244910812,+0000.5040322090746164,+0000.0277601409771025,+0000.0620476725260352,+0000.4048352529311647
+0000.0012905147362057,+0000.5030714195542199,+0000.0267215011281155,+0000.0623454571100596,+0000.4065711074713994
+0000.0012485406067168,+0000.5021119108206032,+0000.0257201549847398,+0000.0626442702079223,+0000.4082751233800181
+0000.0011993701019167,+0000.5011522061473999,+0000.0247563109186901,+0000.0629441338659962,+0000.4099479789659971
+0000.0011436476049687,+0000.5001908384086862,+0000.0238300604963079,+0000.0632450660681852,+0000.4115903874218521
+0000.0010820869433143,+0000.4992263520702827,+0000.0229413859101917,+0000.0635470806265410,+0000.4132030944496700
+0000.0010154641154442,+0000.4982573052346925,+0000.0220901676409232,+0000.0638501870867968,+0000.4147868759221432
+0000.0009446097386151,+0000.4972822717362373,+0000.0212761922909704,+0000.0641543906491229,+0000.4163425355850542
+0000.0008704012724238,+0000.4962998432823602,+0000.0204991605339659,+0000.0644596921043513,+0000.4178709028068987
+0000.0007937550731680,+0000.4953086316364732,+0000.0197586951239488,+0000.0647660877858519,+0000.4193728303805581
+0000.0007156183336528,+0000.4943072708371575,+0000.0190543489108161,+0000.0650735695371876,+0000.4208491923811859
+0000.0006369609625548,+0000.4932944194479616,+0000.0183856128101216,+0000.0653821246956089,+0000.4223008820837527
+0000.0005587674566428,+0000.4922687628315029,+0000.0177519236774770,+0000.0656917360913947,+0000.4237288099429825
+0000.0004820288180864,+0000.4912290154410585,+0000.0171526720401245,+0000.0660023820629808,+0000.4251339016377497
+0000.0004077345677735,+0000.4901739231223458,+0000.0165872096407515,+0000.0663140364877639,+0000.4265170961813652
+0000.0003368649040098,+0000.4891022654177259,+0000.0160548567512815,+0000.0666266688284046,+0000.4278793440985782
+0000.0002703830542086,+0000.4880128578646480,+0000.0155549092171904,+0000.0669402441943971,+0000.4292216056695560
+0000.0002092278651963,+0000.4869045542797616,+0000.0150866451958415,+0000.0672547234186183,+0000.4305448492405822
+0000.0001543066755769,+0000.4857762490197918,+0000.0146493315553937,+0000.0675700631485050,+0000.4318500496007328
+0000.0001064885112235,+0000.4846268792099705,+0000.0142422299040000,+0000.0678862159514596,+0000.4331381864233465
+0000.0000665976424086,+0000.4834554269305920,+0000.0138646022222581,+0000.0682031304340232,+0000.4344102427707181
+0000.0000354075383577,+0000.4822609213520605,+0000.0135157160751896,+0000.0685207513743065,+0000.4356672036600859
+0000.0000136352521257,+0000.4810424408086859,+0000.0131948493833968,+0000.0688390198671121,+0000.4369100546886794
+0000.0000019362656648,+0000.4797991148014166,+0000.0129012947364510,+0000.0691578734811333,+0000.4381397807153344
+0000.0000008998217828,+0000.4785301259196961,+0000.0126343632350024,+0000.0694772464275670,+0000.4393573645959516
+0000.0000110447664101,+0000.4772347116727089,+0000.0123933878515414,+0000.0697970697394289,+0000.4405637859699106
+0000.0000328159211962,+0000.4759121662204093,+0000.0121777263031741,+0000.0701172714608170,+0000.4417600200944033
+0000.0000665810029791,+0000.4745618419949416,+0000.0119867634331892,+0000.0704377768453297,+0000.4429470367235604
+0000.0001126281031142,+0000.4731831512033344,+0000.0118199131015628,+0000.0707585085628036,+0000.4441257990291850
+0000.0001711637360378,+0000.4717755672027050,+0000.0116766195878646,+0000.0710793869135051,+0000.4452972625598876
+0000.0002423114627930,+0000.4703386257396216,+0000.0115563585132784,+0000.0714003300488775,+0000.4464623742354296
+0000.0003261110915807,+0000.4688719260457655,+0000.0114586372915986,+0000.0717212541979201,+0000.4476220713731353
+0000.0004225184537350,+0000.4673751317825824,+0000.0113829951221246,+0000.0720420738982523,+0000.4487772807433059
+0000.0005314057498829,+0000.4658479718282327,+0000.0113290025402968,+0000.0723627022309016,+0000.4499289176506860
+0000.0006525624574603,+0000.4642902409008233,+0000.0112962605447147,+0000.0726830510578380,+0000.4510778850391637
+0000.0007856967872268,+0000.4627018000126379,+0000.0112843993218102,+0000.0730030312612754,+0000.4522250726170496
+0000.0009304376729957,+0000.4610825767508647,+0000.0112930765919179,+0000.0733225529837537,+0000.4533713560004679
+0000.0010863372754755,+0000.4594325653811451,+0000.0113219756027630,+0000.0736415258680249,+0000.4545175958725918
+0000.0012528739779368,+0000.4577518267711405,+0000.0113708027984699,+0000.0739598592957711,+0000.4556646371566818
+0000.0014294558484024,+0000.4560404881322079,+0000.0114392851940612,+0000.0742774626242015,+0000.4568133082011272
+0000.0016154245402120,+0000.4542987425782009,+0000.0115271674870601,+0000.0745942454195944,+0000.4579644199749328
+0000.0018100596001803,+0000.4525268485013597,+0000.0116342089392151,+0000.0749101176868781,+0000.4591187652723666
+0000.0020125831511453,+0000.4507251287662039,+0000.0117601800625276,+0000.0752249900943755,+0000.4602771179257476
+0000.0022221649135293,+0000.4488939697232968,+0000.0119048591446703,+0000.0755387741928770,+0000.4614402320256266
+0000.0024379275286129,+0000.4470338200457070,+0000.0120680286495331,+0000.0758513826282467,+0000.4626088411479004
+0000.0026589521445711,+0000.4451451893919207,+0000.0122494715290199,+0000.0761627293468163,+0000.4637836575876719
+0000.0028842842249536,+0000.4432286468998860,+0000.0124489674823402,+0000.0764727297928709,+0000.4649653715999493
+0000.0031129395382188,+0000.4412848195177402,+0000.0126662891988944,+0000.0767813010975903,+0000.4661546506475563
+0000.0033439102861562,+0000.4393143901776417,+0000.0129011986204473,+0000.0770883622588663,+0000.4673521386568885
+0000.0035761713285705,+0000.4373180958199142,+0000.0131534432576180,+0000.0773938343114800,+0000.4685584552824169
+0000.0038086864614387,+0000.4352967252754785,+0000.0134227525947973,+0000.0776976404871911,+0000.4697741951810943
+0000.0040404147059098,+0000.4332511170152428,+0000.0137088346164473,+0000.0779997063643544,+0000.4709999272980456
+0000.0042703165659728,+0000.4311821567757573,+0000.0140113724863409,+0000.0782999600067531,+0000.4722361941651756
+0000.0044973602133776,+0000.4290907750710100,+0000.0143300214096930,+0000.0785983320914048,+0000.4734835112145149
+0000.0047205275594488,+0000.4269779446007381,+0000.0146644057063116,+0000.0788947560251682,+0000.4747423661083331
+0000.0049388201747621,+0000.4248446775660588,+0000.0150141161208974,+0000.0791891680500490,+0000.4760132180882325
+0000.0051512650192589,+0000.4226920229035564,+0000.0153787073944360,+0000.0794815073371711,+0000.4772964973455776
+0000.0053569199472243,+0000.4205210634492503,+0000.0157576961182992,+0000.0797717160694507,+0000.4785926044157756
+0000.0055548789536488,+0000.4183329130440410,+0000.0161505588902085,+0000.0800597395130714,+0000.4799019095990301
+0000.0057442771307934,+0000.4161287135923491,+0000.0165567307886362,+0000.0803455260779277,+0000.4812247524102937
+0000.0059242953062806,+0000.4139096320856867,+0000.0169756041795553,+0000.0806290273672588,+0000.4825614410612185
+0000.0060941643367004,+0000.4116768576028613,+0000.0174065278667165,+0000.0809101982167554,+0000.4839122519769666
+0000.0062531690335405,+0000.4094315982983768,+0000.0178488065938486,+0000.0811889967234729,+0000.4852774293507612
+0000.0064006517011875,+0000.4071750783904168,+0000.0183017009043805,+0000.0814653842649324,+0000.4866571847390829
+0000.0065360152697842,+0000.4049085351595160,+0000.0187644273614749,+0000.0817393255088351,+0000.4880516967003897
+0000.0066587260088360,+0000.4026332159687098,+0000.0192361591283849,+0000.0820107884138539,+0000.4894611104802151
+0000.0067683158106131,+0000.4003503753155561,+0000.0197160269064011,+0000.0822797442219992,+0000.4908855377454303
