+0001.0000000000000000,+0000.0000000000000000,+0000.0000000000000000,+0000.0000000000000000,+0000.0000000000000000
+0000.9999073241225286,+0000.0000869834040097,+0000.0000054364627506,+0000.0000002409512576,+0000.0000000150594536
+0000.9996463689342600,+0000.0003307324264989,+0000.0000206707766562,+0000.0000020968118445,+0000.0000001310507403
+0000.9992395049151197,+0000.0007076479594748,+0000.0000442279974672,+0000.0000081121204125,+0000.0000005070075258
+0000.9987051995681544,+0000.0011968346591750,+0000.0000748021661984,+0000.0000218010413857,+0000.0000013625650866
+0000.9980584955022677,+0000.0017798263578395,+0000.0001112391473650,+0000.0000474719929673,+0000.0000029669995605
+0000.9973114418886034,+0000.0024403326023805,+0000.0001525207876488,+0000.0000900750318751,+0000.0000056296894922
+0000.9964734818639767,+0000.0031640065884898,+0000.0001977504117806,+0000.0001550693042382,+0000.0000096918315149
+0000.9955517989689935,+0000.0039382340814314,+0000.0002461396300895,+0000.0002483080653983,+0000.0000155192540874
+0000.9945516259547014,+0000.0047519424596712,+0000.0002969964037294,+0000.0003759389947274,+0000.0000234961871705
+0000.9934765193487302,+0000.0055954287295970,+0000.0003497142955998,+0000.0005443177657156,+0000.0000340198603572
+0000.9923286030999350,+0000.0064602051953166,+0000.0004037628247073,+0000.0007599330635682,+0000.0000474958164730
+0000.9911087844644030,+0000.0073388613929243,+0000.0004586788370578,+0000.0010293414641084,+0000.0000643338415068
+0000.9898169450884073,+0000.0082249408875167,+0000.0005140588054698,+0000.0013591107939823,+0000.0000849444246239
+0000.9884521100093002,+0000.0091128315637486,+0000.0005695519727343,+0000.0017557707804398,+0000.0001097356737775
+0000.9870125970503048,+0000.0099976681019293,+0000.0006248542563706,+0000.0022257699683721,+0000.0001391106230233
+0000.9854961488412932,+0000.0108752454105527,+0000.0006797028381595,+0000.0027754380329360,+0000.0001734648770585
+0000.9839000494625436,+0000.0117419418747086,+0000.0007338713671693,+0000.0034109527487796,+0000.0002131845467987
+0000.9822212274870582,+0000.0125946513723196,+0000.0007871657107700,+0000.0041383109928022,+0000.0002586444370501
+0000.9804563469919496,+0000.0134307231025964,+0000.0008394201939123,+0000.0049633032579214,+0000.0003102064536201
+0000.9786018879220572,+0000.0142479083608191,+0000.0008904942725512,+0000.0058914912419506,+0000.0003682182026219
+0000.9766542170195239,+0000.0150443134788063,+0000.0009402695924254,+0000.0069281881498772,+0000.0004330117593673
+0000.9746096503812780,+0000.0158183582301976,+0000.0009886473893874,+0000.0080784414109528,+0000.0005049025881846
+0000.9724645085712739,+0000.0165687390734234,+0000.0010355461920890,+0000.0093470175653775,+0000.0005841885978361
+0000.9702151650949971,+0000.0172943966727939,+0000.0010808997920496,+0000.0107383891201502,+0000.0006711493200094
+0000.9678580889387958,+0000.0179944871995833,+0000.0011246554499740,+0000.0122567232109620,+0000.0007660452006851
+0000.9653898817849219,+0000.0186683569705352,+0000.0011667723106584,+0000.0139058719377736,+0000.0008691169961108
+0000.9628073104333552,+0000.0193155200312085,+0000.0012072200019505,+0000.0156893642668101,+0000.0009805852666756
+0000.9601073348924370,+0000.0199356383364017,+0000.0012459773960251,+0000.0176103994118929,+0000.0011006499632433
+0000.9572871325408426,+0000.0205285042199505,+0000.0012830315137469,+0000.0196718416239627,+0000.0012294901014977
+0000.9543441187123972,+0000.0210940248819068,+0000.0013183765551192,+0000.0218762163299544,+0000.0013672635206221
+0000.9512759640117412,+0000.0216322086528797,+0000.0013520130408050,+0000.0242257075713638,+0000.0015141067232102
+0000.9480806086318925,+0000.0221431528235437,+0000.0013839470514715,+0000.0267221566993811,+0000.0016701347937113
+0000.9447562739136193,+0000.0226270328523571,+0000.0014141895532723,+0000.0293670622877659,+0000.0018354413929854
+0000.9413014713603558,+0000.0230840927867185,+0000.0014427557991699,+0000.0321615812270644,+0000.0020100988266915
+0000.9377150093005875,+0000.0235146367524347,+0000.0014696647970272,+0000.0351065309646593,+0000.0021941581852912
+0000.9339959973715655,+0000.0239190213837527,+0000.0014949388364845,+0000.0382023928547741,+0000.0023876495534234
+0000.9301438489833052,+0000.0242976490815742,+0000.0015186030675984,+0000.0414493165811977,+0000.0025905822863248
+0000.9261582819096663,+0000.0246509620010563,+0000.0015406851250660,+0000.0448471256133754,+0000.0028029453508360
+0000.9220393171433873,+0000.0249794366817983,+0000.0015612147926124,+0000.0483953236538374,+0000.0030247077283648
+0000.9177872761439375,+0000.0252835792444078,+0000.0015802237027755,+0000.0520931020318865,+0000.0032558188769929
+0000.9134027766005809,+0000.0255639210865950,+0000.0015977450679122,+0000.0559393479952115,+0000.0034962092497007
+0000.9088867268278039,+0000.0258210150201861,+0000.0016138134387616,+0000.0599326538477631,+0000.0037457908654852
+0000.9042403189060186,+0000.0260554317977288,+0000.0016284644873580,+0000.0640713268789596,+0000.0040044579299350
+0000.8994650206769350,+0000.0262677569837641,+0000.0016417348114853,+0000.0683534000261794,+0000.0042720875016362
+0000.8945625667000443,+0000.0264585881314894,+0000.0016536617582181,+0000.0727766432096456,+0000.0045485402006028
+0000.8895349482740481,+0000.0266285322304968,+0000.0016642832644061,+0000.0773385752762812,+0000.0048336609547676
+0000.8843844026247176,+0000.0267782033956391,+0000.0016736377122274,+0000.0820364764869796,+0000.0051272797804362
+0000.8791134013583716,+0000.0269082207709022,+0000.0016817637981814,+0000.0868674014800423,+0000.0054292125925026
+0000.8737246382779238,+0000.0270192066255248,+0000.0016887004140953,+0000.0918281926423117,+0000.0057392620401445
+0000.8682210166560692,+0000.0271117846225410,+0000.0016944865389088,+0000.0969154938188055,+0000.0060572183636753
+0000.8626056360576938,+0000.0271865782424937,+0000.0016991611401559,+0000.1021257642914416,+0000.0063828602682151
+0000.8568817788008950,+0000.0272442093473013,+0000.0017027630842063,+0000.1074552929577386,+0000.0067159558098587
+0000.8510528961430894,+0000.0272852968712116,+0000.0017053310544507,+0000.1129002126411747,+0000.0070562632900734
+0000.8451225942755087,+0000.0273104556274656,+0000.0017069034767166,+0000.1184565144661733,+0000.0074035321541358
+0000.8390946202059900,+0000.0273202952207553,+0000.0017075184512972,+0000.1241200622324305,+0000.0077575038895269
+0000.8329728476062943,+0000.0273154190568243,+0000.0017072136910515,+0000.1298866067254871,+0000.0081179129203429
+0000.8267612626962885,+0000.0272964234416430,+0000.0017060264651027,+0000.1357517999030268,+0000.0084844874939392
+0000.8204639502332232,+0000.0272638967635195,+0000.0017039935477200,+0000.1417112088993293,+0000.0088569505562081
+0000.8140850796700123,+0000.0272184187523032,+0000.0017011511720189,+0000.1477603297935677,+0000.0092350206120980
+0000.8076288915419598,+0000.0271605598105087,+0000.0016975349881568,+0000.1538946010911766,+0000.0096184125681985
+0000.8010996841367661,+0000.0270908804117614,+0000.0016931800257351,+0000.1601094168712823,+0000.0100068385544551
+0000.7945018004979518,+0000.0270099305624454,+0000.0016881206601528,+0000.1664001395571293,+0000.0104000087223206
+0000.7878396158070599,+0000.0269182493228359,+0000.0016823905826772,+0000.1727621122705195,+0000.0107976320169074
+0000.7811175251852261,+0000.0268163643843378,+0000.0016760227740211,+0000.1791906707354493,+0000.0111994169209656
+0000.7743399319499258,+0000.0267047916997280,+0000.0016690494812330,+0000.1856811547003419,+0000.0116050721687713
+0000.7675112363579741,+0000.0265840351635315,+0000.0016615021977207,+0000.1922289188524927,+0000.0120143074282808
+0000.7606358248612244,+0000.0264545863398514,+0000.0016534116462407,+0000.1988293432025257,+0000.0124268339501578
+0000.7537180598968583,+0000.0263169242351299,+0000.0016448077646956,+0000.2054778429207683,+0000.0128423651825480
+0000.7467622702297942,+0000.0261715151134441,+0000.0016357196945903,+0000.2121698776114554,+0000.0132606173507159
+0000.7397727418604934,+0000.0260188123520485,+0000.0016261757720030,+0000.2189009600145458,+0000.0136813100009091
+0000.7327537095074260,+0000.0258592563349627,+0000.0016162035209352,+0000.2256666641286364,+0000.0141041665080397
+0000.7257093486696303,+0000.0256932743824752,+0000.0016058296489047,+0000.2324626327519905,+0000.0145289145469994
+0000.7186437682712029,+0000.0255212807144994,+0000.0015950800446562,+0000.2392845844420158,+0000.0149552865276260
+0000.7115610038861974,+0000.0253436764457690,+0000.0015839797778606,+0000.2461283198966336,+0000.0153830199935396
+0000.7044650115393043,+0000.0251608496109118,+0000.0015725531006820,+0000.2529897277638607,+0000.0158118579852413
+0000.6973596620748258,+0000.0249731752174834,+0000.0015608234510927,+0000.2598647898885630,+0000.0162415493680352
+0000.6902487360838702,+0000.0247810153250871,+0000.0015488134578179,+0000.2667495860077411,+0000.0166718491254838
+0000.6831359193773493,+0000.0245847191487476,+0000.0015365449467967,+0000.2736402979078649,+0000.0171025186192415
+0000.6760247989902928,+0000.0243846231847483,+0000.0015240389490468,+0000.2805332130596823,+0000.0175333258162301
+0000.6689188597011601,+0000.0241810513571859,+0000.0015113157098241,+0000.2874247277476049,+0000.0179640454842253
+0000.6618214810482648,+0000.0239743151835410,+0000.0014983946989713,+0000.2943113497122097,+0000.0183944593570131
+0000.6547359348240830,+0000.0237647139576095,+0000.0014852946223506,+0000.3011897003256068,+0000.0188243562703504
+0000.6476653830271117,+0000.0235525349481897,+0000.0014720334342619,+0000.3080565163204109,+0000.0192535322700257
+0000.6406128762500640,+0000.0233380536119696,+0000.0014586283507481,+0000.3149086510938526,+0000.0196817906933658
+0000.6335813524824896,+0000.0231215338191146,+0000.0014450958636947,+0000.3217430756091305,+0000.0201089422255706
+0000.6265736363054468,+0000.0229032280901089,+0000.0014314517556318,+0000.3285568789165297,+0000.0205348049322831
+0000.6195924384555229,+0000.0226833778424629,+0000.0014177111151539,+0000.3353472683170449,+0000.0209592042698153
+0000.6126403557353821,+0000.0224622136459575,+0000.0014038883528723,+0000.3421115691913300,+0000.0213819730744581
+0000.6057198712480162,+0000.0222399554851553,+0000.0013899972178222,+0000.3488472245167116,+0000.0218029515322944
+0000.5988333549320441,+0000.0220168130279736,+0000.0013760508142483,+0000.3555517940948084,+0000.0222219871309255
+0000.5919830643756691,+0000.0217929858991717,+0000.0013620616186982,+0000.3622229535119632,+0000.0226389345944977
+0000.5851711458873055,+0000.0215686639576721,+0000.0013480414973545,+0000.3688584928542756,+0000.0230536558033922
+0000.5783996358013647,+0000.0213440275766945,+0000.0013340017235434,+0000.3754563151984917,+0000.0234660196999057
+0000.5716704619982692,+0000.0211192479257478,+0000.0013199529953592,+0000.3820144348994109,+0000.0238759021812131
+0000.5649854456184071,+0000.0208944872535824,+0000.0013059054533489,+0000.3885309756937994,+0000.0242831859808624
+0000.5583463029504507,+0000.0206698991712733,+0000.0012918686982046,+0000.3950041686400672,+0000.0246877605400041
+0000.5517546474752146,+0000.0204456289346573,+0000.0012778518084161,+0000.4014323499121997,+0000.0250895218695124
+0000.5452119920470334,+0000.0202218137254140,+0000.0012638633578384,+0000.4078139584656132,+0000.0254883724041008
+0000.5387197511954692,+0000.0199985829301315,+0000.0012499114331332,+0000.4141475335917797,+0000.0258842208494862
+0000.5322792435310004,+0000.0197760584167591,+0000.0012360036510474,+0000.4204317123775936,+0000.0262769820235995
+0000.5258916942392240,+0000.0195543548078991,+0000.0012221471754937,+0000.4266652270845959,+0000.0266665766927872
+0000.5195582376489650,+0000.0193335797504460,+0000.0012083487344029,+0000.4328469024622928,+0000.0270529314038933
+0000.5132799198605607,+0000.0191138341811267,+0000.0011946146363204,+0000.4389756530089342,+0000.0274359783130584
+0000.5070577014214599,+0000.0188952125875486,+0000.0011809507867218,+0000.4450504801922538,+0000.0278156550120158
+0000.5008924600371301,+0000.0186778032644039,+0000.0011673627040252,+0000.4510704696418264,+0000.0281919043526141
+0000.4947849933061040,+0000.0184616885645243,+0000.0011538555352828,+0000.4570347883238484,+0000.0285646742702405
+0000.4887360214688253,+0000.0182469451445194,+0000.0011404340715325,+0000.4629426817083510,+0000.0289339176067719
+0000.4827461901607512,+0000.0180336442047735,+0000.0011271027627983,+0000.4687934709380491,+0000.0292995919336281
+0000.4768160731609397,+0000.0178218517236087,+0000.0011138657327255,+0000.4745865500072715,+0000.0296616593754545
+0000.4709461751281036,+0000.0176116286854594,+0000.0011007267928412,+0000.4803213829586784,+0000.0300200864349174
+0000.4651369343168252,+0000.0174030313029325,+0000.0010876894564333,+0000.4859975011047614,+0000.0303748438190476
+0000.4593887252673181,+0000.0171961112326593,+0000.0010747569520412,+0000.4916145002804529,+0000.0307259062675283
+0000.4537018614627736,+0000.0169909157848710,+0000.0010619322365544,+0000.4971720381325186,+0000.0310732523832825
+0000.4480765979489543,+0000.0167874881266559,+0000.0010492180079160,+0000.5026698314507990,+0000.0314168644656750
+0000.4425131339112898,+0000.0165858674788794,+0000.0010366167174300,+0000.5081076535457890,+0000.0317567283466119
+0000.4370116152052829,+0000.0163860893067693,+0000.0010241305816731,+0000.5134853316764936,+0000.0320928332297809
+0000.4315721368365631,+0000.0161881855041883,+0000.0010117615940118,+0000.5188027445319875,+0000.0324251715332493
+0000.4261947453874135,+0000.0159921845716319,+0000.0009995115357270,+0000.5240598197696258,+0000.0327537387356017
+0000.4208794413870648,+0000.0157981117880098,+0000.0009873819867506,+0000.5292565316123998,+0000.0330785332257750
+0000.4156261816234684,+0000.0156059893762773,+0000.0009753743360173,+0000.5343928985075169,+0000.0333995561567199
+0000.4104348813946726,+0000.0154158366630011,+0000.0009634897914376,+0000.5394689808478951,+0000.0337168113029935
+0000.4053054166982851,+0000.0152276702319528,+0000.0009517293894970,+0000.5444848787578963,+0000.0340303049223686
+0000.4002376263578581,+0000.0150415040718320,+0000.0009400940044895,+0000.5494407299443016,+0000.0343400456215189
+0000.3952313140853326,+0000.0148573497182340,+0000.0009285843573896,+0000.5543367076132175,+0000.0346460442258261
+0000.3902862504789850,+0000.0146752163899794,+0000.0009172010243737,+0000.5591730184533287,+0000.0349483136533331
+0000.3854021749565654,+0000.0144951111199316,+0000.0009059444449957,+0000.5639499006856542,+0000.0352468687928534
+0000.3805787976235683,+0000.0143170388804348,+0000.0008948149300272,+0000.5686676221797361,+0000.0355417263862336
+0000.3758158010767946,+0000.0141410027035073,+0000.0008838126689692,+0000.5733264786359800,+0000.0358329049147488
+0000.3711128421435482,+0000.0139670037959276,+0000.0008729377372455,+0000.5779267918336740,+0000.0361204244896047
+0000.3664695535570050,+0000.0137950416493578,+0000.0008621901030849,+0000.5824689079440494,+0000.0364043067465031
+0000.3618855455684339,+0000.0136251141456453,+0000.0008515696341028,+0000.5869531959075932,+0000.0366845747442246
+0000.3573604074971014,+0000.0134572176574485,+0000.0008410761035905,+0000.5913800458746913,+0000.0369612528671683
+0000.3528937092188040,+0000.0132913471443321,+0000.0008307091965208,+0000.5957498677085582,+0000.0372343667317849
+0000.3484850025940943,+0000.0131274962444767,+0000.0008204685152798,+0000.6000630895493171,+0000.0375039430968324
+0000.3441338228373452,+0000.0129656573621484,+0000.0008103535851343,+0000.6043201564379972,+0000.0377700097773749
+0000.3398396898278940,+0000.0128058217510717,+0000.0008003638594420,+0000.6085215289991459,+0000.0380325955624467
+0000.3356021093645604,+0000.0126479795938493,+0000.0007904987246156,+0000.6126676821806823,+0000.0382917301362927
+0000.3314205743649034,+0000.0124921200775689,+0000.0007807575048481,+0000.6167591040495808,+0000.0385474440030988
+0000.3272945660106211,+0000.0123382314657372,+0000.0007711394666086,+0000.6207962946419134,+0000.0387997684151196
+0000.3232235548405346,+0000.0121863011666774,+0000.0007616438229173,+0000.6247797648657607,+0000.0390487353041101
+0000.3192070017926317,+0000.0120363157985250,+0000.0007522697374078,+0000.6287100354554683,+0000.0392943772159668
+0000.3152443591966612,+0000.0118882612509529,+0000.0007430163281846,+0000.6325876359757190,+0000.0395367272484825
+0000.3113350717187811,+0000.0117421227437561,+0000.0007338826714848,+0000.6364131038738615,+0000.0397758189921164
+0000.3074785772597806,+0000.0115978848824203,+0000.0007248678051513,+0000.6401869835789628,+0000.0400116864736852
+0000.3036743078083808,+0000.0114555317107992,+0000.0007159707319249,+0000.6439098256460187,+0000.0402443641028762
+0000.2999216902511314,+0000.0113150467610174,+0000.0007071904225636,+0000.6475821859438000,+0000.0404738866214875
+0000.2962201471403988,+0000.0111764131007184,+0000.0006985258187949,+0000.6512046248847885,+0000.0407002890552993
+0000.2925690974219362,+0000.0110396133777682,+0000.0006899758361105,+0000.6547777066957037,+0000.0409236066684815
+0000.2889679571235031,+0000.0109046298625248,+0000.0006815393664078,+0000.6583019987271190,+0000.0411438749204450
+0000.2854161400059883,+0000.0107714444877811,+0000.0006732152804863,+0000.6617780708007005,+0000.0413611294250438
+0000.2819130581784575,+0000.0106400388864817,+0000.0006650024304051,+0000.6652064945926172,+0000.0415754059120386
+0000.2784581226785334,+0000.0105103944273156,+0000.0006568996517072,+0000.6685878430517119,+0000.0417867401907321
+0000.2750507440194765,+0000.0103824922482786,+0000.0006489057655174,+0000.6719226898510375,+0000.0419951681156899
+0000.2716903327053152,+0000.0102563132882997,+0000.0006410195805187,+0000.6752116088714035,+0000.0422007255544628
+0000.2683762997153338,+0000.0101318383170207,+0000.0006332398948138,+0000.6784551737156064,+0000.0424034483572254
+0000.2651080569592031,+0000.0100090479628141,+0000.0006255654976759,+0000.6816539572520537,+0000.0426033723282534
+0000.2618850177039990,+0000.0098879227391240,+0000.0006179951711952,+0000.6848085311865240,+0000.0428005331991578
+0000.2587065969743245,+0000.0097684430692083,+0000.0006105276918255,+0000.6879194656608393,+0000.0429949666038025
+0000.2555722119267104,+0000.0096505893093602,+0000.0006031618318350,+0000.6909873288772651,+0000.0431867080548291
+0000.2524812821994440,+0000.0095343417706815,+0000.0005958963606676,+0000.6940126867474891,+0000.0433757929217181
+0000.2494332302389291,+0000.0094196807394799,+0000.0005887300462175,+0000.6969961025650575,+0000.0435622564103161
+0000.2464274816036562,+0000.0093065864963574,+0000.0005816616560223,+0000.6999381367002017,+0000.0437461335437626
+0000.2434634652468170,+0000.0091950393340546,+0000.0005746899583784,+0000.7028393463159996,+0000.0439274591447500
+0000.2405406137785691,+0000.0090850195741149,+0000.0005678137233822,+0000.7057002851048788,+0000.0441062678190550
+0000.2376583637089185,+0000.0089765075824261,+0000.0005610317239016,+0000.7085215030444741,+0000.0442825939402797
+0000.2348161556721555,+0000.0088694837836992,+0000.0005543427364812,+0000.7113035461719190,+0000.0444564716357450
+0000.2320134346337431,+0000.0087639286749374,+0000.0005477455421836,+0000.7140469563756572,+0000.0446279347734786
+0000.2292496500805268,+0000.0086598228379480,+0000.0005412389273717,+0000.7167522712039091,+0000.0447970169502443
+0000.2265242561950984,+0000.0085571469509481,+0000.0005348216844343,+0000.7194200236889595,+0000.0449637514805600
+0000.2238367120151184,+0000.0084558817993112,+0000.0005284926124569,+0000.7220507421864598,+0000.0451281713866538
+0000.2211864815783665,+0000.0083560082855005,+0000.0005222505178438,+0000.7246449502289780,+0000.0452903093893112
+0000.2185730340542612,+0000.0082575074382330,+0000.0005160942148896,+0000.7272031663930505,+0000.0454501978995657
+0000.2159958438625584,+0000.0081603604209150,+0000.0005100225263072,+0000.7297259041790302,+0000.0456078690111894
+0000.2134543907799113,+0000.0080645485393902,+0000.0005040342837119,+0000.7322136719030465,+0000.0457633544939404
+0000.2109481600349438,+0000.0079700532490368,+0000.0004981283280648,+0000.7346669726004279,+0000.0459166857875267
+0000.2084766423924632,+0000.0078768561612508,+0000.0004923035100782,+0000.7370863039399600,+0000.0460678939962475
+0000.2060393342274099,+0000.0077849390493488,+0000.0004865586905843,+0000.7394721581483829,+0000.0462170098842739
+0000.2036357375891180,+0000.0076942838539241,+0000.0004808927408703,+0000.7418250219445528,+0000.0463640638715345
+0000.2012653602564349,+0000.0076048726876865,+0000.0004753045429804,+0000.7441453764827279,+0000.0465090860301705
+0000.1989277157842204,+0000.0075166878398153,+0000.0004697929899885,+0000.7464336973044478,+0000.0466521060815280
+0000.1966223235417292,+0000.0074297117798551,+0000.0004643569862409,+0000.7486904542985171,+0000.0467931533936573
+0000.1943487087433511,+0000.0073439271611788,+0000.0004589954475737,+0000.7509161116686082,+0000.0469322569792880
+0000.1921064024721647,+0000.0072593168240459,+0000.0004537073015029,+0000.7531111279080344,+0000.0470694454942521
+0000.1898949416967405,+0000.0071758637982779,+0000.0004484914873924,+0000.7552759557812602,+0000.0472047472363288
+0000.1877138692816059,+0000.0070935513055763,+0000.0004433469565985,+0000.7574110423117357,+0000.0473381901444835
+0000.1855627339917664,+0000.0070123627615019,+0000.0004382726725939,+0000.7595168287756591,+0000.0474698017984787
+0000.1834410904916597,+0000.0069322817771401,+0000.0004332676110713,+0000.7615937507012979,+0000.0475996094188311
+0000.1813484993389001,+0000.0068532921604674,+0000.0004283307600292,+0000.7636422378735090,+0000.0477276398670943
+0000.1792845269731523,+0000.0067753779174419,+0000.0004234611198401,+0000.7656627143431206,+0000.0478539196464451
+0000.1772487457004593,+0000.0066985232528329,+0000.0004186577033021,+0000.7676555984408524,+0000.0479784749025533
+0000.1752407336733319,+0000.0066227125708066,+0000.0004139195356754,+0000.7696213027954690,+0000.0481013314247168
+0000.1732600748668908,+0000.0065479304752854,+0000.0004092456547053,+0000.7715602343558758,+0000.0482225146472423
+0000.1713063590513403,+0000.0064741617700940,+0000.0004046351106309,+0000.7734727944168799,+0000.0483420496510550
+0000.1693791817610358,+0000.0064013914589074,+0000.0004000869661817,+0000.7753593786483530,+0000.0484599611655221
+0000.1674781442603961,+0000.0063296047450148,+0000.0003956002965634,+0000.7772203771275537,+0000.0485762735704721
+0000.1656028535068963,+0000.0062587870309109,+0000.0003911741894319,+0000.7790561743743629,+0000.0486910108983977
+0000.1637529221113664,+0000.0061889239177278,+0000.0003868077448580,+0000.7808671493892214,+0000.0488041968368264
+0000.1619279682958092,+0000.0061200012045188,+0000.0003825000752824,+0000.7826536756935432,+0000.0489158547308465
+0000.1601276158489374,+0000.0060520048874037,+0000.0003782503054627,+0000.7844161213724199,+0000.0490260075857763
+0000.1583514940796226,+0000.0059849211585880,+0000.0003740575724118,+0000.7861548491194142,+0000.0491346780699634
+0000.1565992377684343,+0000.0059187364052638,+0000.0003699210253290,+0000.7878702162832688,+0000.0492418885177043
+0000.1548704871174420,+0000.0058534372084019,+0000.0003658398255251,+0000.7895625749163586,+0000.0493476609322725
+0000.1531648876984398,+0000.0057890103414441,+0000.0003618131463403,+0000.7912322718247300,+0000.0494520169890457
+0000.1514820903997461,+0000.0057254427689046,+0000.0003578401730565,+0000.7928796486195699,+0000.0495549780387232
+0000.1498217513717228,+0000.0056627216448854,+0000.0003539201028053,+0000.7945050417699636,+0000.0496565651106228
+0000.1481835319711501,+0000.0056008343115165,+0000.0003500521444698,+0000.7961087826568130,+0000.0497567989160509
+0000.1465670987045808,+0000.0055397682973248,+0000.0003462355185828,+0000.7976911976277755,+0000.0498556998517360
+0000.1449721231708022,+0000.0054795113155398,+0000.0003424694572212,+0000.7992526080531168,+0000.0499532880033199
+0000.1433982820025098,+0000.0054200512623417,+0000.0003387532038964,+0000.8007933303823548,+0000.0500495831488972
+0000.1418452568073080,+0000.0053613762150569,+0000.0003350860134411,+0000.8023136762015942,+0000.0501446047625997
+0000.1403127341081318,+0000.0053034744303072,+0000.0003314671518942,+0000.8038139522914508,+0000.0502383720182157
+0000.1388004052831884,+0000.0052463343421177,+0000.0003278958963824,+0000.8052944606854696,+0000.0503309037928419
+0000.1373079665055038,+0000.0051899445599869,+0000.0003243715349992,+0000.8067554987289505,+0000.0504222186705594
+0000.1358351186821606,+0000.0051342938669252,+0000.0003208933666828,+0000.8081973591381003,+0000.0505123349461313
+0000.1343815673933019,+0000.0050793712174646,+0000.0003174607010915,+0000.8096203300594276,+0000.0506012706287143
+0000.1329470228309779,+0000.0050251657356437,+0000.0003140728584777,+0000.8110246951293181,+0000.0506890434455824
+0000.1315311997378992,+0000.0049716667129728,+0000.0003107291695608,+0000.8124107335337101,+0000.0507756708458569
+0000.1301338173461651,+0000.0049188636063811,+0000.0003074289753988,+0000.8137787200678164,+0000.0508611700042386
+0000.1287545993160227,+0000.0048667460361493,+0000.0003041716272593,+0000.8151289251958295,+0000.0509455578247394
+0000.1273932736747156,+0000.0048153037838323,+0000.0003009564864895,+0000.8164616151105526,+0000.0510288509444096
+0000.1260495727554722,+0000.0047645267901725,+0000.0002977829243858,+0000.8177770517929123,+0000.0511110657370571
+0000.1247232331366819,+0000.0047144051530080,+0000.0002946503220630,+0000.8190754930712913,+0000.0511922183169558
+0000.1234139955813055,+0000.0046649291251772,+0000.0002915580703236,+0000.8203571926806532,+0000.0512723245425409
+0000.1221216049765597,+0000.0046160891124228,+0000.0002885055695264,+0000.8216224003214033,+0000.0513514000200878
+0000.1208458102739157,+0000.0045678756712967,+0000.0002854922294560,+0000.8228713617179589,+0000.0514294601073725
+0000.1195863644294473,+0000.0045202795070681,+0000.0002825174691918,+0000.8241043186769818,+0000.0515065199173114
+0000.1183430243445598,+0000.0044732914716366,+0000.0002795807169773,+0000.8253215091452483,+0000.0515825943215781
+0000.1171155508071337,+0000.0044269025614521,+0000.0002766814100908,+0000.8265231672671279,+0000.0516576979541956
+0000.1159037084331074,+0000.0043811039154424,+0000.0002738189947151,+0000.8277095234416328,+0000.0517318452151021
+0000.1147072656085265,+0000.0043358868129514,+0000.0002709929258095,+0000.8288808043790237,+0000.0518050502736891
+0000.1135259944320836,+0000.0042912426716878,+0000.0002682026669805,+0000.8300372331569390,+0000.0518773270723088
+0000.1123596706581681,+0000.0042471630456860,+0000.0002654476903554,+0000.8311790292760378,+0000.0519486893297524
+0000.1112080736404480,+0000.0042036396232807,+0000.0002627274764550,+0000.8323064087151212,+0000.0520191505446952
+0000.1100709862759985,+0000.0041606642250963,+0000.0002600415140685,+0000.8334195839857287,+0000.0520887239991081
+0000.1089481949499962,+0000.0041182288020510,+0000.0002573893001282,+0000.8345187641861878,+0000.0521574227616368
+0000.1078394894809911,+0000.0040763254333781,+0000.0002547703395861,+0000.8356041550551010,+0000.0522252596909439
+0000.1067446630667699,+0000.0040349463246636,+0000.0002521841452915,+0000.8366759590242586,+0000.0522922474390163
+0000.1056635122308225,+0000.0039940838059026,+0000.0002496302378689,+0000.8377343752709702,+0000.0523583984544358
+0000.1045958367694203,+0000.0039537303295737,+0000.0002471081455984,+0000.8387795997697951,+0000.0524237249856123
+0000.1035414396993165,+0000.0039138784687325,+0000.0002446174042958,+0000.8398118253436753,+0000.0524882390839798
+0000.1025001272060749,+0000.0038745209151248,+0000.0002421575571953,+0000.8408312417144517,+0000.0525519526071534
+0000.1014717085930337,+0000.0038356504773208,+0000.0002397281548325,+0000.8418380355527648,+0000.0526148772220479
+0000.1004559962309107,+0000.0037972600788683,+0000.0002373287549293,+0000.8428323905273334,+0000.0526770244079585
+0000.0994528055080521,+0000.0037593427564683,+0000.0002349589222793,+0000.8438144873536004,+0000.0527384054596001
+0000.0984619547813305,+0000.0037218916581714,+0000.0002326182286357,+0000.8447845038417525,+0000.0527990314901097
+0000.0974832653276939,+0000.0036849000415953,+0000.0002303062525997,+0000.8457426149441045,+0000.0528589134340067
+0000.0965165612963660,+0000.0036483612721650,+0000.0002280225795103,+0000.8466889928018433,+0000.0529180620501153
+0000.0955616696617016,+0000.0036122688213744,+0000.0002257668013359,+0000.8476238067911415,+0000.0529764879244465
+0000.0946184201766947,+0000.0035766162650700,+0000.0002235385165669,+0000.8485472235686293,+0000.0530342014730395
+0000.0936866453271408,+0000.0035413972817575,+0000.0002213373301098,+0000.8494594071162278,+0000.0530912129447644
+0000.0927661802864509,+0000.0035066056509306,+0000.0002191628531832,+0000.8503605187853509,+0000.0531475324240846
+0000.0918568628711171,+0000.0034722352514216,+0000.0002170147032139,+0000.8512507173404682,+0000.0532031698337794
+0000.0909585334968263,+0000.0034382800597758,+0000.0002148925037360,+0000.8521301590020348,+0000.0532581349376273
+0000.0900710351352208,+0000.0034047341486470,+0000.0002127958842904,+0000.8529989974887922,+0000.0533124373430496
+0000.0891942132713009,+0000.0033715916852172,+0000.0002107244803261,+0000.8538573840594406,+0000.0533660865037152
+0000.0883279158614686,+0000.0033388469296371,+0000.0002086779331023,+0000.8547054675536863,+0000.0534190917221055
+0000.0874719932922056,+0000.0033064942334904,+0000.0002066558895931,+0000.8555433944326688,+0000.0534714621520419
+0000.0866262983393839,+0000.0032745280382795,+0000.0002046580023925,+0000.8563713088187709,+0000.0535232068011733
+0000.0857906861282028,+0000.0032429428739346,+0000.0002026839296209,+0000.8571893525348158,+0000.0535743345334261
+0000.0849650140937482,+0000.0032117333573440,+0000.0002007333348340,+0000.8579976651426575,+0000.0536248540714162
+0000.0841491419421695,+0000.0031808941909065,+0000.0001988058869317,+0000.8587963839811692,+0000.0536747739988232
+0000.0833429316124663,+0000.0031504201611071,+0000.0001969012600692,+0000.8595856442036304,+0000.0537241027627270
+0000.0825462472388835,+0000.0031203061371126,+0000.0001950191335695,+0000.8603655788145264,+0000.0537728486759080
+0000.0817589551139044,+0000.0030905470693903,+0000.0001931591918369,+0000.8611363187057581,+0000.0538210199191100
+0000.0809809236518393,+0000.0030611379883474,+0000.0001913211242717,+0000.8618979926922744,+0000.0538686245432673
+0000.0802120233530009,+0000.0030320740029922,+0000.0001895046251870,+0000.8626507275471249,+0000.0539156704716954
+0000.0794521267684624,+0000.0030033502996160,+0000.0001877093937260,+0000.8633946480359487,+0000.0539621655022469
+0000.0787011084653900,+0000.0029749621404960,+0000.0001859351337810,+0000.8641298769509016,+0000.0540081173094315
+0000.0779588449929438,+0000.0029469048626196,+0000.0001841815539137,+0000.8648565351440213,+0000.0540535334465015
+0000.0772252148487405,+0000.0029191738764279,+0000.0001824483672767,+0000.8655747415600512,+0000.0540984213475033
+0000.0765000984458718,+0000.0028917646645808,+0000.0001807352915363,+0000.8662846132687165,+0000.0541427883292949
+0000.0757833780804693,+0000.0028646727807410,+0000.0001790420487963,+0000.8669862654964640,+0000.0541866415935291
+0000.0750749378998123,+0000.0028378938483794,+0000.0001773683655237,+0000.8676798116576796,+0000.0542299882286051
+0000.0743746638709685,+0000.0028114235595981,+0000.0001757139724749,+0000.8683653633853725,+0000.0542728352115859
+0000.0736824437499626,+0000.0027852576739747,+0000.0001740786046234,+0000.8690430305613545,+0000.0543151894100847
+0000.0729981670514637,+0000.0027593920174243,+0000.0001724620010890,+0000.8697129213459038,+0000.0543570575841191
+0000.0723217250189871,+0000.0027338224810815,+0000.0001708639050676,+0000.8703751422069306,+0000.0543984463879332
+0000.0716530105956012,+0000.0027085450202002,+0000.0001692840637625,+0000.8710297979486459,+0000.0544393623717904
+0000.0709919183951323,+0000.0026835556530726,+0000.0001677222283170,+0000.8716769917397441,+0000.0544798119837341
+0000.0703383446738628,+0000.0026588504599656,+0000.0001661781537478,+0000.8723168251411045,+0000.0545198015713191
+0000.0696921873027116,+0000.0026344255820757,+0000.0001646515988797,+0000.8729493981330193,+0000.0545593373833138
+0000.0690533457398938,+0000.0026102772205013,+0000.0001631423262813,+0000.8735748091419517,+0000.0545984255713720
+0000.0684217210040489,+0000.0025864016352330,+0000.0001616501022021,+0000.8741931550668387,+0000.0546370721916775
+0000.0677972156478341,+0000.0025627951441597,+0000.0001601746965100,+0000.8748045313049376,+0000.0546752832065586
+0000.0671797337319718,+0000.0025394541220938,+0000.0001587158826309,+0000.8754090317772272,+0000.0547130644860767
+0000.0665691807997476,+0000.0025163749998106,+0000.0001572734374882,+0000.8760067489533679,+0000.0547504218095855
+0000.0659654638519500,+0000.0024935542631066,+0000.0001558471414442,+0000.8765977738762345,+0000.0547873608672647
+0000.0653684913222455,+0000.0024709884518720,+0000.0001544367782420,+0000.8771821961860146,+0000.0548238872616259
+0000.0647781730529824,+0000.0024486741591802,+0000.0001530421349488,+0000.8777601041438952,+0000.0548600065089935
+0000.0641944202714158,+0000.0024266080303933,+0000.0001516630018996,+0000.8783315846553330,+0000.0548957240409583
+0000.0636171455663480,+0000.0024047867622818,+0000.0001502991726426,+0000.8788967232929202,+0000.0549310452058075
+0000.0630462628651769,+0000.0023832071021610,+0000.0001489504438851,+0000.8794556043188491,+0000.0549659752699281
+0000.0624816874113459,+0000.0023618658470410,+0000.0001476166154401,+0000.8800083107069863,+0000.0550005194191866
+0000.0619233357421894,+0000.0023407598427932,+0000.0001462974901746,+0000.8805549241645578,+0000.0550346827602849
+0000.0613711256671662,+0000.0023198859833291,+0000.0001449928739581,+0000.8810955251534556,+0000.0550684703220910
+0000.0608249762464753,+0000.0022992412097956,+0000.0001437025756122,+0000.8816301929111690,+0000.0551018870569481
+0000.0602848077700477,+0000.0022788225097826,+0000.0001424264068614,+0000.8821590054713491,+0000.0551349378419593
+0000.0597505417369075,+0000.0022586269165458,+0000.0001411641822841,+0000.8826820396840116,+0000.0551676274802507
+0000.0592221008348964,+0000.0022386515082417,+0000.0001399157192651,+0000.8831993712353855,+0000.0551999607022116
+0000.0586994089207546,+0000.0022188934071776,+0000.0001386808379486,+0000.8837110746674064,+0000.0552319421667129
+0000.0581823910005544,+0000.0021993497790733,+0000.0001374593611921,+0000.8842172233968759,+0000.0552635764623047
+0000.0576709732104772,+0000.0021800178323365,+0000.0001362511145210,+0000.8847178897342733,+0000.0552948681083920
+0000.0571650827979309,+0000.0021608948173509,+0000.0001350559260844,+0000.8852131449022438,+0000.0553258215563902
+0000.0566646481029998,+0000.0021419780257763,+0000.0001338736266110,+0000.8857030590537535,+0000.0553564411908596
+0000.0561695985402225,+0000.0021232647898617,+0000.0001327040493664,+0000.8861877012899286,+0000.0553867313306205
+0000.0556798645806921,+0000.0021047524817701,+0000.0001315470301106,+0000.8866671396775786,+0000.0554166962298486
+0000.0551953777344719,+0000.0020864385129149,+0000.0001304024070572,+0000.8871414412664056,+0000.0554463400791503
+0000.0547160705333224,+0000.0020683203333085,+0000.0001292700208318,+0000.8876106721059177,+0000.0554756670066198
+0000.0542418765137337,+0000.0020503954309221,+0000.0001281497144326,+0000.8880748972620345,+0000.0555046810788771
+0000.0537727302002579,+0000.0020326613310569,+0000.0001270413331911,+0000.8885341808334064,+0000.0555333863020879
+0000.0533085670891357,+0000.0020151155957262,+0000.0001259447247329,+0000.8889885859674401,+0000.0555617866229650
+0000.0528493236322132,+0000.0019977558230483,+0000.0001248597389405,+0000.8894381748760450,+0000.0555898859297528
+0000.0523949372211431,+0000.0019805796466506,+0000.0001237862279157,+0000.8898830088510973,+0000.0556176880531936
+0000.0519453461718643,+0000.0019635847350835,+0000.0001227240459427,+0000.8903231482796323,+0000.0556451967674770
+0000.0515004897093572,+0000.0019467687912456,+0000.0001216730494528,+0000.8907586526587714,+0000.0556724157911732
+0000.0510603079526675,+0000.0019301295518174,+0000.0001206330969886,+0000.8911895806103778,+0000.0556993487881486
+0000.0506247419001948,+0000.0019136647867072,+0000.0001196040491692,+0000.8916159898954625,+0000.0557259993684664
+0000.0501937334152420,+0000.0018973722985044,+0000.0001185857686565,+0000.8920379374283268,+0000.0557523710892704
+0000.0497672252118185,+0000.0018812499219445,+0000.0001175781201215,+0000.8924554792904615,+0000.0557784674556538
+0000.0493451608406956,+0000.0018652955233822,+0000.0001165809702114,+0000.8928686707441982,+0000.0558042919215124
+0000.0489274846757067,+0000.0018495070002741,+0000.0001155941875171,+0000.8932775662461199,+0000.0558298478903825
+0000.0485141419002904,+0000.0018338822806706,+0000.0001146176425419,+0000.8936822194602326,+0000.0558551387162646
+0000.0481050784942703,+0000.0018184193227170,+0000.0001136512076698,+0000.8940826832709108,+0000.0558801677044320
+0000.0477002412208680,+0000.0018031161141630,+0000.0001126947571352,+0000.8944790097956086,+0000.0559049381122255
+0000.0472995776139448,+0000.0017879706718805,+0000.0001117481669925,+0000.8948712503973477,+0000.0559294531498343
+0000.0469030359654689,+0000.0017729810413910,+0000.0001108113150869,+0000.8952594556969913,+0000.0559537159810620
+0000.0465105653132021,+0000.0017581452963999,+0000.0001098840810250,+0000.8956436755852922,+0000.0559777297240808
+0000.0461221154286036,+0000.0017434615383404,+0000.0001089663461463,+0000.8960239592347387,+0000.0560014974521712
+0000.0457376368049472,+0000.0017289278959240,+0000.0001080579934953,+0000.8964003551111845,+0000.0560250221944491
+0000.0453570806456460,+0000.0017145425246999,+0000.0001071589077937,+0000.8967729109852803,+0000.0560483069365801
+0000.0449803988527831,+0000.0017003036066218,+0000.0001062689754139,+0000.8971416739436998,+0000.0560713546214813
+0000.0446075440158432,+0000.0016862093496222,+0000.0001053880843514,+0000.8975066904001725,+0000.0560941681500108
+0000.0442384694006419,+0000.0016722579871942,+0000.0001045161241996,+0000.8978680061063193,+0000.0561167503816450
+0000.0438731289384488,+0000.0016584477779807,+0000.0001036529861238,+0000.8982256661623026,+0000.0561391041351440
+0000.0435114772153014,+0000.0016447770053707,+0000.0001027985628357,+0000.8985797150272867,+0000.0561612321892055
+0000.0431534694615056,+0000.0016312439771028,+0000.0001019527485689,+0000.8989301965297156,+0000.0561831372831073
+0000.0427990615413199,+0000.0016178470248752,+0000.0001011154390547,+0000.8992771538774120,+0000.0562048221173383
+0000.0424482099428201,+0000.0016045845039631,+0000.0001002865314977,+0000.8996206296675003,+0000.0562262893542188
+0000.0421008717679401,+0000.0015914547928423,+0000.0000994659245526,+0000.8999606658961551,+0000.0562475416185098
+0000.0417570047226873,+0000.0015784562928197,+0000.0000986535183012,+0000.9002973039681805,+0000.0562685814980113
+0000.0414165671075279,+0000.0015655874276698,+0000.0000978492142294,+0000.9006305847064214,+0000.0562894115441514
+0000.0410795178079394,+0000.0015528466432781,+0000.0000970529152049,+0000.9009605483610145,+0000.0563100342725634
+0000.0407458162851280,+0000.0015402324072898,+0000.0000962645254556,+0000.9012872346184718,+0000.0563304521636545
+0000.0404154225669071,+0000.0015277432087660,+0000.0000954839505479,+0000.9016106826106154,+0000.0563506676631635
+0000.0400882972387333,+0000.0015153775578443,+0000.0000947110973653,+0000.9019309309233480,+0000.0563706831827093
+0000.0397644014348990,+0000.0015031339854064,+0000.0000939458740879,+0000.9022480176052767,+0000.0563905011003298
