+0001.0000000000000000,+0000.0000000000000000,+0000.0000000000000000,+0000.0000000000000000,+0000.0000000000000000
+0000.9998110719542017,+0000.0000944543856799,+0000.0000944543856799,+0000.0000000096372192,+0000.0000000096372192
+0000.9992519756980109,+0000.0003739260145423,+0000.0003739260145423,+0000.0000000861364523,+0000.0000000861364523
+0000.9983343029828262,+0000.0008325063748141,+0000.0008325063748141,+0000.0000003421337728,+0000.0000003421337728
+0000.9970696945436043,+0000.0014642090982100,+0000.0014642090982100,+0000.0000009436299879,+0000.0000009436299879
+0000.9954698045069766,+0000.0022629898233682,+0000.0022629898233682,+0000.0000021079231435,+0000.0000021079231435
+0000.9935462683514710,+0000.0032227642898281,+0000.0032227642898280,+0000.0000041015344363,+0000.0000041015344363
+0000.9913106742650161,+0000.0043374247276436,+0000.0043374247276436,+0000.0000072381398483,+0000.0000072381398483
+0000.9887745377332458,+0000.0056008546154784,+0000.0056008546154784,+0000.0000118765178987,+0000.0000118765178987
+0000.9859492791838207,+0000.0070069418859923,+0000.0070069418859923,+0000.0000184185220972,+0000.0000184185220972
+0000.9828462045066255,+0000.0085495906616860,+0000.0085495906616860,+0000.0000273070850012,+0000.0000273070850012
+0000.9794764882669280,+0000.0102227316073102,+0000.0102227316073102,+0000.0000390242592257,+0000.0000390242592257
+0000.9758511594280506,+0000.0120203309866455,+0000.0120203309866455,+0000.0000540892993293,+0000.0000540892993293
+0000.9719810894014149,+0000.0139363985120875,+0000.0139363985120874,+0000.0000730567872052,+0000.0000730567872052
+0000.9678769822447709,+0000.0159649940751851,+0000.0159649940751850,+0000.0000965148024296,+0000.0000965148024296
+0000.9635493668335954,+0000.0181002334452263,+0000.0181002334452262,+0000.0001250831379761,+0000.0001250831379761
+0000.9590085908359273,+0000.0203362930212723,+0000.0203362930212721,+0000.0001594115607641,+0000.0001594115607641
+0000.9542648163269536,+0000.0226674137208344,+0000.0226674137208343,+0000.0002001781156888,+0000.0002001781156888
+0000.9493280168863392,+0000.0250879040857724,+0000.0250879040857722,+0000.0002480874710582,+0000.0002480874710582
+0000.9442079760284061,+0000.0275921426830573,+0000.0275921426830570,+0000.0003038693027397,+0000.0003038693027397
+0000.9389142868226522,+0000.0301745798748845,+0000.0301745798748842,+0000.0003682767137894,+0000.0003682767137894
+0000.9334563525696363,+0000.0328297390292951,+0000.0328297390292948,+0000.0004420846858869,+0000.0004420846858869
+0000.9278433884048354,+0000.0355522172390482,+0000.0355522172390479,+0000.0005260885585344,+0000.0005260885585344
+0000.9220844237106006,+0000.0383366856130185,+0000.0383366856130182,+0000.0006211025316813,+0000.0006211025316813
+0000.9161883052237277,+0000.0411778892009268,+0000.0411778892009265,+0000.0007279581872095,+0000.0007279581872095
+0000.9101637007333534,+0000.0440706466087748,+0000.0440706466087744,+0000.0008475030245488,+0000.0008475030245488
+0000.9040191032708633,+0000.0470098493589819,+0000.0470098493589814,+0000.0009805990055867,+0000.0009805990055867
+0000.8977628357001757,+0000.0499904610459308,+0000.0499904610459303,+0000.0011281211039816,+0000.0011281211039815
+0000.8914030556231608,+0000.0530075163344330,+0000.0530075163344324,+0000.0012909558539867,+0000.0012909558539867
+0000.8849477605210327,+0000.0560561198455460,+0000.0560561198455454,+0000.0014699998939379,+0000.0014699998939379
+0000.8784047930583064,+0000.0591314449712050,+0000.0591314449712044,+0000.0016661584996421,+0000.0016661584996421
+0000.8717818464813502,+0000.0622287326562860,+0000.0622287326562853,+0000.0018803441030393,+0000.0018803441030393
+0000.8650864700486676,+0000.0653432901839913,+0000.0653432901839906,+0000.0021134747916753,+0000.0021134747916753
+0000.8583260744348578,+0000.0684704899978385,+0000.0684704899978377,+0000.0023664727847330,+0000.0023664727847330
+0000.8515079370547021,+0000.0716057685910346,+0000.0716057685910337,+0000.0026402628816148,+0000.0026402628816147
+0000.8446392072580553,+0000.0747446254916269,+0000.0747446254916259,+0000.0029357708793462,+0000.0029357708793461
+0000.8377269113501747,+0000.0778826223695258,+0000.0778826223695247,+0000.0032539219553874,+0000.0032539219553874
+0000.8307779573958547,+0000.0810153822892864,+0000.0810153822892853,+0000.0035956390127868,+0000.0035956390127868
+0000.8237991397692068,+0000.0841385891304069,+0000.0841385891304057,+0000.0039618409849903,+0000.0039618409849903
+0000.8167971434142531,+0000.0872479871948375,+0000.0872479871948363,+0000.0043534410980366,+0000.0043534410980366
+0000.8097785477846016,+0000.0903393810193888,+0000.0903393810193874,+0000.0047713450883111,+0000.0047713450883110
+0000.8027498304334594,+0000.0934086354087626,+0000.0934086354087612,+0000.0052164493745085,+0000.0052164493745085
+0000.7957173702280649,+0000.0964516757030066,+0000.0964516757030051,+0000.0056896391829617,+0000.0056896391829616
+0000.7886874501653762,+0000.0994644882912852,+0000.0994644882912837,+0000.0061917866260275,+0000.0061917866260274
+0000.7816662597684785,+0000.1024431213819733,+0000.1024431213819716,+0000.0067237487337883,+0000.0067237487337882
+0000.7746598970457846,+0000.1053836860371929,+0000.1053836860371911,+0000.0072863654399156,+0000.0072863654399155
+0000.7676743699976276,+0000.1082823574780278,+0000.1082823574780259,+0000.0078804575231595,+0000.0078804575231594
+0000.7607155976573690,+0000.1111353766647491,+0000.1111353766647472,+0000.0085068245065675,+0000.0085068245065674
+0000.7537894106566627,+0000.1139390521544742,+0000.1139390521544721,+0000.0091662425171955,+0000.0091662425171954
+0000.7469015513070190,+0000.1166897622367403,+0000.1166897622367381,+0000.0098594621097513,+0000.0098594621097512
+0000.7400576731923593,+0000.1193839573455165,+0000.1193839573455142,+0000.0105872060583050,+0000.0105872060583049
+0000.7332633402698229,+0000.1220181627441877,+0000.1220181627441854,+0000.0113501671209021,+0000.0113501671209019
+0000.7265240254786907,+0000.1245889814780285,+0000.1245889814780261,+0000.0121490057826274,+0000.0121490057826272
+0000.7198451088599563,+0000.1270930975866442,+0000.1270930975866417,+0000.0129843479833789,+0000.0129843479833788
+0000.7132318751917810,+0000.1295272795667910,+0000.1295272795667884,+0000.0138567828373197,+0000.0138567828373196
+0000.7066895111488323,+0000.1318883840739086,+0000.1318883840739059,+0000.0147668603516766,+0000.0147668603516764
+0000.7002231019963249,+0000.1341733598486002,+0000.1341733598485975,+0000.0157150891532388,+0000.0157150891532386
+0000.6938376278324423,+0000.1363792518522069,+0000.1363792518522040,+0000.0167019342315735,+0000.0167019342315733
+0000.6875379593957295,+0000.1385032055935283,+0000.1385032055935254,+0000.0177278147086085,+0000.0177278147086082
+0000.6813288534569752,+0000.1405424716266829,+0000.1405424716266800,+0000.0187931016448310,+0000.0187931016448307
+0000.6752149478180689,+0000.1424944101980615,+0000.1424944101980585,+0000.0198981158929057,+0000.0198981158929055
+0000.6692007559432700,+0000.1443564960183503,+0000.1443564960183472,+0000.0210431260100163,+0000.0210431260100160
+0000.6632906612512847,+0000.1461263231336822,+0000.1461263231336790,+0000.0222283462406772,+0000.0222283462406769
+0000.6574889110994394,+0000.1478016098681455,+0000.1478016098681422,+0000.0234539345821367,+0000.0234539345821364
+0000.6517996104941151,+0000.1493802038081548,+0000.1493802038081515,+0000.0247199909447895,+0000.0247199909447891
+0000.6462267155643644,+0000.1508600867975896,+0000.1508600867975862,+0000.0260265554202301,+0000.0260265554202297
+0000.6407740268382938,+0000.1522393799111530,+0000.1522393799111496,+0000.0273736066697020,+0000.0273736066697016
+0000.6354451823643241,+0000.1535163483721207,+0000.1535163483721173,+0000.0287610604457191,+0000.0287610604457187
+0000.6302436507217829,+0000.1546894063795545,+0000.1546894063795511,+0000.0301887682595561,+0000.0301887682595557
+0000.6251727239674383,+0000.1557571218091707,+0000.1557571218091673,+0000.0316565162071120,+0000.0316565162071115
+0000.6202355105665108,+0000.1567182207514047,+0000.1567182207514012,+0000.0331640239653418,+0000.0331640239653413
+0000.6154349283583356,+0000.1575715918498072,+0000.1575715918498036,+0000.0347109439710271,+0000.0347109439710266
+0000.6107736976082349,+0000.1583162904027794,+0000.1583162904027757,+0000.0362968607931054,+0000.0362968607931048
+0000.6062543341981828,+0000.1589515421918036,+0000.1589515421917999,+0000.0379212907091072,+0000.0379212907091067
+0000.6018791430095382,+0000.1594767469997767,+0000.1594767469997729,+0000.0395836814954562,+0000.0395836814954556
+0000.5976502115514355,+0000.1598914817838148,+0000.1598914817838109,+0000.0412834124404697,+0000.0412834124404691
+0000.5935694038883340,+0000.1601955034679703,+0000.1601955034679663,+0000.0430197945878650,+0000.0430197945878643
+0000.5896383549197300,+0000.1603887513227086,+0000.1603887513227045,+0000.0447920712174288,+0000.0447920712174281
+0000.5858584650640881,+0000.1604713488997039,+0000.1604713488996997,+0000.0465994185682544,+0000.0465994185682537
+0000.5822308953976851,+0000.1604436054925626,+0000.1604436054925583,+0000.0484409468085974,+0000.0484409468085967
+0000.5787565632972176,+0000.1603060170964310,+0000.1603060170964266,+0000.0503157012549629,+0000.0503157012549621
+0000.5754361386327655,+0000.1600592668421031,+0000.1600592668420988,+0000.0522226638415168,+0000.0522226638415160
+0000.5722700405549725,+0000.1597042248831818,+0000.1597042248831773,+0000.0541607548393346,+0000.0541607548393337
+0000.5692584349171648,+0000.1592419477180536,+0000.1592419477180491,+0000.0561288348233668,+0000.0561288348233658
+0000.5664012323695580,+0000.1586736769318875,+0000.1586736769318830,+0000.0581257068833361,+0000.0581257068833352
+0000.5636980871587587,+0000.1580008373475268,+0000.1580008373475223,+0000.0601501190730967,+0000.0601501190730957
+0000.5611483966614325,+0000.1572250345779877,+0000.1572250345779831,+0000.0622007670912989,+0000.0622007670912978
+0000.5587513016763843,+0000.1563480519772701,+0000.1563480519772655,+0000.0642762971845405,+0000.0642762971845394
+0000.5565056874943457,+0000.1553718469902837,+0000.1553718469902791,+0000.0663753092625463,+0000.0663753092625452
+0000.5544101857595948,+0000.1542985469068600,+0000.1542985469068554,+0000.0684963602133456,+0000.0684963602133444
+0000.5524631771321640,+0000.1531304440290163,+0000.1531304440290118,+0000.0706379674049047,+0000.0706379674049034
+0000.5506627947538666,+0000.1518699902648130,+0000.1518699902648084,+0000.0727986123582566,+0000.0727986123582553
+0000.5490069285157760,+0000.1505197911662586,+0000.1505197911662541,+0000.0749767445758563,+0000.0749767445758549
+0000.5474932301191582,+0000.1490825994327270,+0000.1490825994327225,+0000.0771707855076968,+0000.0771707855076954
+0000.5461191189162531,+0000.1475613079052097,+0000.1475613079052051,+0000.0793791326366667,+0000.0793791326366653
+0000.5448817885117829,+0000.1459589420803910,+0000.1459589420803864,+0000.0816001636637207,+0000.0816001636637192
+0000.5437782141006984,+0000.1442786521769712,+0000.1442786521769666,+0000.0838322407726826,+0000.0838322407726810
+0000.5428051605125048,+0000.1425237047898285,+0000.1425237047898240,+0000.0860737149539222,+0000.0860737149539206
+0000.5419591909275979,+0000.1406974741704704,+0000.1406974741704660,+0000.0883229303657338,+0000.0883229303657321
+0000.5412366762264493,+0000.1388034331747602,+0000.1388034331747558,+0000.0905782287120181,+0000.0905782287120164
+0000.5406338049282295,+0000.1368451439210690,+0000.1368451439210646,+0000.0928379536148192,+0000.0928379536148174
+0000.5401465936716127,+0000.1348262482037983,+0000.1348262482037940,+0000.0951004549603985,+0000.0951004549603966
+0000.5397708981871085,+0000.1327504577086097,+0000.1327504577086053,+0000.0973640931978391,+0000.0973640931978372
+0000.5395024247073256,+0000.1306215440766848,+0000.1306215440766804,+0000.0996272435696554,+0000.0996272435696535
+0000.5393367417591144,+0000.1284433288659153,+0000.1284433288659110,+0000.1018883002545307,+0000.1018883002545287
+0000.5392692922796241,+0000.1262196734570786,+0000.1262196734570744,+0000.1041456804031124,+0000.1041456804031105
+0000.5392954059968804,+0000.1239544689528141,+0000.1239544689528099,+0000.1063978280487488,+0000.1063978280487467
+0000.5394103120146165,+0000.1216516261165646,+0000.1216516261165605,+0000.1086432178761302,+0000.1086432178761281
+0000.5396091515407335,+0000.1193150653976240,+0000.1193150653976199,+0000.1108803588320123,+0000.1108803588320102
+0000.5398869906989259,+0000.1169487070870391,+0000.1169487070870351,+0000.1131077975635012,+0000.1131077975634989
+0000.5402388333636716,+0000.1145564616473849,+0000.1145564616473810,+0000.1153241216707823,+0000.1153241216707800
+0000.5406596339599350,+0000.1121422202573891,+0000.1121422202573852,+0000.1175279627626464,+0000.1175279627626441
+0000.5411443101705242,+0000.1097098456100550,+0000.1097098456100512,+0000.1197179993046860,+0000.1197179993046836
+0000.5416877554960799,+0000.1072631630003604,+0000.1072631630003567,+0000.1218929592516027,+0000.1218929592516003
+0000.5422848516150803,+0000.1048059517358177,+0000.1048059517358140,+0000.1240516224566452,+0000.1240516224566427
+0000.5429304804940185,+0000.1023419369002113,+0000.1023419369002078,+0000.1261928228527825,+0000.1261928228527799
+0000.5436195362009751,+0000.0998747814977226,+0000.0998747814977191,+0000.1283154504017928,+0000.1283154504017902
+0000.5443469363791644,+0000.0974080790014293,+0000.0974080790014259,+0000.1304184528089915,+0000.1304184528089888
+0000.5451076333405798,+0000.0949453463268896,+0000.0949453463268863,+0000.1325008370028234,+0000.1325008370028207
+0000.5458966247436162,+0000.0924900172481987,+0000.0924900172481954,+0000.1345616703799962,+0000.1345616703799934
+0000.5467089638224065,+0000.0900454362705920,+0000.0900454362705888,+0000.1366000818182077,+0000.1366000818182049
+0000.5475397691395731,+0000.0876148529703886,+0000.0876148529703854,+0000.1386152624598279,+0000.1386152624598250
+0000.5483842338380900,+0000.0852014168098495,+0000.0852014168098464,+0000.1406064662711086,+0000.1406064662711057
+0000.5492376343719522,+0000.0828081724314034,+0000.0828081724314004,+0000.1425730103826234,+0000.1425730103826204
+0000.5500953386993180,+0000.0804380554326853,+0000.0804380554326824,+0000.1445142752176588,+0000.1445142752176557
+0000.5509528139256697,+0000.0780938886209667,+0000.0780938886209638,+0000.1464297044162016,+0000.1464297044161984
+0000.5518056333883384,+0000.0757783787428537,+0000.0757783787428509,+0000.1483188045629801,+0000.1483188045629769
+0000.5526494831773677,+0000.0734941136825964,+0000.0734941136825937,+0000.1501811447287228,+0000.1501811447287195
+0000.5534801680911916,+0000.0712435601200140,+0000.0712435601200114,+0000.1520163558343932,+0000.1520163558343899
+0000.5542936170288915,+0000.0690290616369028,+0000.0690290616369003,+0000.1538241298486545,+0000.1538241298486511
+0000.5550858878238975,+0000.0668528372588570,+0000.0668528372588546,+0000.1556042188291973,+0000.1556042188291939
+0000.5558531715268676,+0000.0647169804177170,+0000.0647169804177147,+0000.1573564338188521,+0000.1573564338188486
+0000.5565917961481278,+0000.0626234583183466,+0000.0626234583183445,+0000.1590806436075924,+0000.1590806436075889
+0000.5572982298724486,+0000.0605741116921515,+0000.0605741116921494,+0000.1607767733716270,+0000.1607767733716234
+0000.5579690837611001,+0000.0585706549186620,+0000.0585706549186601,+0000.1624448032007906,+0000.1624448032007870
+0000.5586011139580220,+0000.0566146764956273,+0000.0566146764956255,+0000.1640847665253643,+0000.1640847665253607
+0000.5591912234186150,+0000.0547076398373830,+0000.0547076398373812,+0000.1656967484533123,+0000.1656967484533086
+0000.5597364631810712,+0000.0528508843807638,+0000.0528508843807620,+0000.1672808840287033,+0000.1672808840286997
+0000.5602340332013368,+0000.0510456269775199,+0000.0510456269775183,+0000.1688373564218143,+0000.1688373564218106
+0000.5606812827737502,+0000.0492929635520511,+0000.0492929635520496,+0000.1703663950610765,+0000.1703663950610727
+0000.5610757105601157,+0000.0475938710032871,+0000.0475938710032857,+0000.1718682737166576,+0000.1718682737166538
+0000.5614149642504969,+0000.0459492093297002,+0000.0459492093296989,+0000.1733433085450539,+0000.1733433085450501
+0000.5616968398793157,+0000.0443597239567276,+0000.0443597239567264,+0000.1747918561036171,+0000.1747918561036133
+0000.5619192808204830,+0000.0428260482462884,+0000.0428260482462873,+0000.1762143113434724,+0000.1762143113434686
+0000.5620803764852402,+0000.0413487061685969,+0000.0413487061685959,+0000.1776111055887854,+0000.1776111055887816
+0000.5621783607461852,+0000.0399281151170813,+0000.0399281151170803,+0000.1789827045098284,+0000.1789827045098245
+0000.5622116101106273,+0000.0385645888479056,+0000.0385645888479047,+0000.1803296060967832,+0000.1803296060967793
+0000.5621786416659253,+0000.0372583405263482,+0000.0372583405263473,+0000.1816523386406916,+0000.1816523386406877
+0000.5620781108188967,+0000.0360094858631032,+0000.0360094858631025,+0000.1829514587274508,+0000.1829514587274468
+0000.5619088088506868,+0000.0348180463244284,+0000.0348180463244278,+0000.1842275492502306,+0000.1842275492502266
+0000.5616696603077215,+0000.0336839524009516,+0000.0336839524009511,+0000.1854812174451900,+0000.1854812174451859
+0000.5613597202485280,+0000.0326070469208662,+0000.0326070469208657,+0000.1867130929548720,+0000.1867130929548680
+0000.5609781713652973,+0000.0315870883941729,+0000.0315870883941725,+0000.1879238259231807,+0000.1879238259231767
+0000.5605243209981186,+0000.0306237543755617,+0000.0306237543755615,+0000.1891140851253810,+0000.1891140851253770
+0000.5599975980588291,+0000.0297166448344632,+0000.0297166448344630,+0000.1902845561361243,+0000.1902845561361203
+0000.5593975498804045,+0000.0288652855217209,+0000.0288652855217208,+0000.1914359395380789,+0000.1914359395380749
+0000.5587238390067990,+0000.0280691313232518,+0000.0280691313232517,+0000.1925689491733508,+0000.1925689491733466
+0000.5579762399371002,+0000.0273275695919477,+0000.0273275695919477,+0000.1936843104395042,+0000.1936843104395001
+0000.5571546358368346,+0000.0266399234499395,+0000.0266399234499396,+0000.1947827586316453,+0000.1947827586316412
+0000.5562590152282356,+0000.0260054550541790,+0000.0260054550541791,+0000.1958650373317051,+0000.1958650373317009
+0000.5552894686702825,+0000.0254233688190991,+0000.0254233688190993,+0000.1969318968457616,+0000.1969318968457574
+0000.5542461854383149,+0000.0248928145908795,+0000.0248928145908798,+0000.1979840926899649,+0000.1979840926899607
+0000.5531294502120900,+0000.0244128907685752,+0000.0244128907685756,+0000.1990223841253818,+0000.1990223841253775
+0000.5519396397801963,+0000.0239826473680549,+0000.0239826473680553,+0000.2000475327418489,+0000.2000475327418447
+0000.5506772197678593,+0000.0236010890253474,+0000.0236010890253479,+0000.2010603010907248,+0000.2010603010907206
+0000.5493427413943011,+0000.0232671779365998,+0000.0232671779366003,+0000.2020614513662516,+0000.2020614513662474
+0000.5479368382650071,+0000.0229798367324185,+0000.0229798367324190,+0000.2030517441350799,+0000.2030517441350757
+0000.5464602232034741,+0000.0227379512848864,+0000.0227379512848870,+0000.2040319371133783,+0000.2040319371133741
+0000.5449136851262748,+0000.0225403734460318,+0000.0225403734460325,+0000.2050027839908327,+0000.2050027839908285
+0000.5432980859645904,+0000.0223859237169635,+0000.0223859237169642,+0000.2059650333007431,+0000.2059650333007388
+0000.5416143576347222,+0000.0222733938472880,+0000.0222733938472887,+0000.2069194273353526,+0000.2069194273353484
+0000.5398634990594827,+0000.0222015493647814,+0000.0222015493647822,+0000.2078667011054788,+0000.2078667011054747
+0000.5380465732418267,+0000.0221691320356137,+0000.0221691320356146,+0000.2088075813434746,+0000.2088075813434705
+0000.5361647043915680,+0000.0221748622557031,+0000.0221748622557039,+0000.2097427855485146,+0000.2097427855485105
+0000.5342190751055698,+0000.0222174413740295,+0000.0222174413740304,+0000.2106730210731872,+0000.2106730210731831
+0000.5322109236013669,+0000.0222955539489502,+0000.0222955539489512,+0000.2115989842503677,+0000.2115989842503638
+0000.5301415410038182,+0000.0224078699387403,+0000.0224078699387413,+0000.2125213595593522,+0000.2125213595593482
+0000.5280122686840363,+0000.0225530468277330,+0000.0225530468277340,+0000.2134408188302505,+0000.2134408188302465
+0000.5258244956495626,+0000.0227297316895569,+0000.0227297316895579,+0000.2143580204856635,+0000.2143580204856595
+0000.5235796559844893,+0000.0229365631890604,+0000.0229365631890615,+0000.2152736088186962,+0000.2152736088186923
+0000.5212792263380229,+0000.0231721735245825,+0000.0231721735245836,+0000.2161882133064074,+0000.2161882133064035
+0000.5189247234597932,+0000.0234351903122728,+0000.0234351903122738,+0000.2171024479578320,+0000.2171024479578280
+0000.5165177017800804,+0000.0237242384141886,+0000.0237242384141897,+0000.2180169106957726,+0000.2180169106957687
+0000.5140597510330045,+0000.0240379417118973,+0000.0240379417118984,+0000.2189321827716019,+0000.2189321827715980
+0000.5115524939206531,+0000.0243749248272936,+0000.0243749248272947,+0000.2198488282123813,+0000.2198488282123774
+0000.5089975838160642,+0000.0247338147923129,+0000.0247338147923140,+0000.2207673932996564,+0000.2207673932996526
+0000.5063967025029643,+0000.0251132426691670,+0000.0251132426691681,+0000.2216884060793522,+0000.2216884060793484
+0000.5037515579501584,+0000.0255118451226701,+0000.0255118451226712,+0000.2226123759022521,+0000.2226123759022483
+0000.5010638821185028,+0000.0259282659461450,+0000.0259282659461461,+0000.2235397929946050,+0000.2235397929946012
+0000.4983354287984426,+0000.0263611575423146,+0000.0263611575423157,+0000.2244711280584654,+0000.2244711280584616
+0000.4955679714761621,+0000.0268091823604901,+0000.0268091823604912,+0000.2254068319014303,+0000.2254068319014265
+0000.4927633012264976,+0000.0272710142912608,+0000.0272710142912619,+0000.2263473350954917,+0000.2263473350954880
+0000.4899232246308679,+0000.0277453400197856,+0000.0277453400197866,+0000.2272930476647819,+0000.2272930476647782
+0000.4870495617186011,+0000.0282308603386681,+0000.0282308603386692,+0000.2282443588020326,+0000.2282443588020289
+0000.4841441439301896,+0000.0287262914212817,+0000.0287262914212827,+0000.2292016366136248,+0000.2292016366136211
+0000.4812088121011452,+0000.0292303660562869,+0000.0292303660562880,+0000.2301652278931416,+0000.2301652278931380
+0000.4782454144653054,+0000.0297418348439665,+0000.0297418348439675,+0000.2311354579233821,+0000.2311354579233785
+0000.4752558046766084,+0000.0302594673548737,+0000.0302594673548746,+0000.2321126303068234,+0000.2321126303068198
+0000.4722418398485477,+0000.0307820532511755,+0000.0307820532511764,+0000.2330970268245520,+0000.2330970268245484
+0000.4692053786106993,+0000.0313084033709462,+0000.0313084033709471,+0000.2340889073237054,+0000.2340889073237019
+0000.4661482791819201,+0000.0318373507755534,+0000.0318373507755544,+0000.2350885096334879,+0000.2350885096334844
+0000.4630723974600074,+0000.0323677517601645,+0000.0323677517601654,+0000.2360960495098332,+0000.2360960495098297
+0000.4599795851278210,+0000.0328984868272915,+0000.0328984868272924,+0000.2371117206087992,+0000.2371117206087958
+0000.4568716877760663,+0000.0334284616231919,+0000.0334284616231927,+0000.2381356944887762,+0000.2381356944887727
+0000.4537505430431371,+0000.0339566078368430,+0000.0339566078368438,+0000.2391681206415897,+0000.2391681206415863
+0000.4506179787726273,+0000.0344818840611195,+0000.0344818840611203,+0000.2402091265525680,+0000.2402091265525646
+0000.4474758111893075,+0000.0350032766157201,+0000.0350032766157209,+0000.2412588177896275,+0000.2412588177896241
+0000.4443258430945556,+0000.0355198003313157,+0000.0355198003313165,+0000.2423172781214079,+0000.2423172781214044
+0000.4411698620824246,+0000.0360304992943251,+0000.0360304992943258,+0000.2433845696644638,+0000.2433845696644605
+0000.4380096387776970,+0000.0365344475516682,+0000.0365344475516689,+0000.2444607330594845,+0000.2444607330594812
+0000.4348469250974536,+0000.0370307497747992,+0000.0370307497747998,+0000.2455457876764754,+0000.2455457876764721
+0000.4316834525378409,+0000.0375185418822851,+0000.0375185418822856,+0000.2466397318487958,+0000.2466397318487925
+0000.4285209304878736,+0000.0379969916201688,+0000.0379969916201694,+0000.2477425431358957,+0000.2477425431358924
+0000.4253610445722366,+0000.0384652990993374,+0000.0384652990993379,+0000.2488541786145457,+0000.2488541786145425
+0000.4222054550251913,+0000.0389226972891107,+0000.0389226972891112,+0000.2499745751982951,+0000.2499745751982919
+0000.4190557950977840,+0000.0393684524662713,+0000.0393684524662717,+0000.2511036499848381,+0000.2511036499848349
+0000.4159136695006652,+0000.0398018646187673,+0000.0398018646187677,+0000.2522413006309015,+0000.2522413006308982
+0000.4127806528848987,+0000.0402222678033488,+0000.0402222678033491,+0000.2533874057542034,+0000.2533874057542003
+0000.4096582883632141,+0000.0406290304564308,+0000.0406290304564311,+0000.2545418253619635,+0000.2545418253619604
+0000.4065480860741986,+0000.0410215556575226,+0000.0410215556575229,+0000.2557044013053794,+0000.2557044013053764
+0000.4034515217919599,+0000.0413992813446164,+0000.0413992813446166,+0000.2568749577594052,+0000.2568749577594021
+0000.4003700355838065,+0000.0417616804809941,+0000.0417616804809942,+0000.2580533017271042,+0000.2580533017271012
+0000.3973050305184950,+0000.0421082611729831,+0000.0421082611729832,+0000.2592392235677708,+0000.2592392235677679
+0000.3942578714275661,+0000.0424385667382739,+0000.0424385667382740,+0000.2604324975479445,+0000.2604324975479416
+0000.3912298837222642,+0000.0427521757245001,+0000.0427521757245001,+0000.2616328824143693,+0000.2616328824143664
+0000.3882223522684821,+0000.0430487018778809,+0000.0430487018778809,+0000.2628401219878795,+0000.2628401219878766
+0000.3852365203220965,+0000.0433277940618274,+0000.0433277940618273,+0000.2640539457771260,+0000.2640539457771232
+0000.3822735885269817,+0000.0435891361255219,+0000.0435891361255218,+0000.2652740696109888,+0000.2652740696109859
+0000.3793347139778864,+0000.0438324467225985,+0000.0438324467225984,+0000.2665001962884598,+0000.2665001962884569
+0000.3764210093502369,+0000.0440574790801661,+0000.0440574790801659,+0000.2677320162447168,+0000.2677320162447140
+0000.3735335420988063,+0000.0442640207185418,+0000.0442640207185416,+0000.2689692082320565,+0000.2689692082320537
+0000.3706733337270376,+0000.0444518931221874,+0000.0444518931221871,+0000.2702114400142953,+0000.2702114400142926
+0000.3678413591286559,+0000.0446209513624654,+0000.0446209513624652,+0000.2714583690732082,+0000.2714583690732055
+0000.3650385460030321,+0000.0447710836729657,+0000.0447710836729654,+0000.2727096433255197,+0000.2727096433255170
+0000.3622657743455814,+0000.0449022109782754,+0000.0449022109782750,+0000.2739649018489354,+0000.2739649018489327
+0000.3595238760142880,+0000.0450142863771991,+0000.0450142863771987,+0000.2752237756156584,+0000.2752237756156558
+0000.3568136343732489,+0000.0451072945815594,+0000.0451072945815590,+0000.2764858882318176,+0000.2764858882318149
+0000.3541357840139250,+0000.0451812513118329,+0000.0451812513118325,+0000.2777508566812061,+0000.2777508566812035
+0000.3514910105545703,+0000.0452362026509991,+0000.0452362026509987,+0000.2790182920717175,+0000.2790182920717147
+0000.3488799505180977,+0000.0452722243580970,+0000.0452722243580965,+0000.2802878003828558,+0000.2802878003828531
+0000.3463031912884149,+0000.0452894211430959,+0000.0452894211430954,+0000.2815589832126983,+0000.2815589832126955
+0000.3437612711450421,+0000.0452879259047964,+0000.0452879259047959,+0000.2828314385226842,+0000.2828314385226814
+0000.3412546793755981,+0000.0452678989335780,+0000.0452678989335774,+0000.2841047613786247,+0000.2841047613786220
+0000.3387838564655190,+0000.0452295270809053,+0000.0452295270809047,+0000.2853785446863368,+0000.2853785446863339
+0000.3363491943641506,+0000.0451730228975938,+0000.0451730228975932,+0000.2866523799203327,+0000.2866523799203298
+0000.3339510368261343,+0000.0450986237429133,+0000.0450986237429127,+0000.2879258578440212,+0000.2879258578440184
+0000.3315896798267969,+0000.0450065908666844,+0000.0450065908666837,+0000.2891985692199190,+0000.2891985692199162
+0000.3292653720500393,+0000.0448972084665817,+0000.0448972084665810,+0000.2904701055084005,+0000.2904701055083977
+0000.3269783154470204,+0000.0447707827229169,+0000.0447707827229161,+0000.2917400595535746,+0000.2917400595535718
+0000.3247286658637384,+0000.0446276408132172,+0000.0446276408132164,+0000.2930080262549153,+0000.2930080262549126
+0000.3225165337354163,+0000.0444681299089536,+0000.0444681299089528,+0000.2942736032233399,+0000.2942736032233372
+0000.3203419848454382,+0000.0442926161567991,+0000.0442926161567983,+0000.2955363914204835,+0000.2955363914204808
+0000.3182050411463992,+0000.0441014836468149,+0000.0441014836468141,+0000.2967959957799872,+0000.2967959957799844
+0000.3161056816406907,+0000.0438951333699719,+0000.0438951333699710,+0000.2980520258096845,+0000.2980520258096819
+0000.3140438433178883,+0000.0436739821674119,+0000.0436739821674111,+0000.2993040961736458,+0000.2993040961736431
+0000.3120194221460926,+0000.0434384616738437,+0000.0434384616738429,+0000.3005518272531118,+0000.3005518272531091
+0000.3100322741142412,+0000.0431890172574491,+0000.0431890172574483,+0000.3017948456854321,+0000.3017948456854294
+0000.3080822163223184,+0000.0429261069586460,+0000.0429261069586451,+0000.3030327848801966,+0000.3030327848801940
+0000.3061690281162910,+0000.0426502004300180,+0000.0426502004300170,+0000.3042652855118382,+0000.3042652855118356
+0000.3042924522645281,+0000.0423617778796762,+0000.0423617778796753,+0000.3054919959880614,+0000.3054919959880588
+0000.3024521961723944,+0000.0420613290202646,+0000.0420613290202636,+0000.3067125728935401,+0000.3067125728935375
+0000.3006479331316668,+0000.0417493520257599,+0000.0417493520257590,+0000.3079266814084085,+0000.3079266814084059
+0000.2988793036013800,+0000.0414263524981531,+0000.0414263524981521,+0000.3091339957011587,+0000.3091339957011562
+0000.2971459165166951,+0000.0410928424460195,+0000.0410928424460185,+0000.3103341992956348,+0000.3103341992956323
+0000.2954473506223723,+0000.0407493392769132,+0000.0407493392769123,+0000.3115269854119024,+0000.3115269854118999
+0000.2937831558274402,+0000.0403963648054295,+0000.0403963648054286,+0000.3127120572808521,+0000.3127120572808496
+0000.2921528545776686,+0000.0400344442786937,+0000.0400344442786927,+0000.3138891284324738,+0000.3138891284324713
+0000.2905559432424863,+0000.0396641054209394,+0000.0396641054209384,+0000.3150579229578191,+0000.3150579229578165
+0000.2889918935130303,+0000.0392858774987436,+0000.0392858774987426,+0000.3162181757447431,+0000.3162181757447405
+0000.2874601538080608,+0000.0389002904083814,+0000.0389002904083804,+0000.3173696326875899,+0000.3173696326875873
+0000.2859601506845522,+0000.0385078737866670,+0000.0385078737866660,+0000.3185120508710588,+0000.3185120508710562
+0000.2844912902498342,+0000.0381091561465354,+0000.0381091561465344,+0000.3196451987285493,+0000.3196451987285466
+0000.2830529595722518,+0000.0377046640385199,+0000.0377046640385188,+0000.3207688561753559,+0000.3207688561753533
+0000.2816445280873975,+0000.0372949212391685,+0000.0372949212391675,+0000.3218828147171345,+0000.3218828147171319
+0000.2802653489970754,+0000.0368804479673397,+0000.0368804479673387,+0000.3229868775341244,+0000.3229868775341218
+0000.2789147606582658,+0000.0364617601292067,+0000.0364617601292057,+0000.3240808595416621,+0000.3240808595416595
+0000.2775920879594634,+0000.0360393685926988,+0000.0360393685926978,+0000.3251645874275713,+0000.3251645874275686
+0000.2762966436818957,+0000.0356137784919981,+0000.0356137784919971,+0000.3262378996670559,+0000.3262378996670532
+0000.2750277298432388,+0000.0351854885626117,+0000.0351854885626107,+0000.3273006465157707,+0000.3273006465157680
+0000.2737846390215868,+0000.0347549905074353,+0000.0347549905074344,+0000.3283526899817731,+0000.3283526899817704
+0000.2725666556575527,+0000.0343227683941283,+0000.0343227683941273,+0000.3293939037770972,+0000.3293939037770944
+0000.2713730573325188,+0000.0338892980840210,+0000.0338892980840201,+0000.3304241732497213,+0000.3304241732497187
+0000.2702031160211877,+0000.0334550466926883,+0000.0334550466926874,+0000.3314433952967196,+0000.3314433952967169
+0000.2690560993167185,+0000.0330204720822275,+0000.0330204720822267,+0000.3324514782594148,+0000.3324514782594121
+0000.2679312716268723,+0000.0325860223852000,+0000.0325860223851991,+0000.3334483418013657,+0000.3334483418013630
+0000.2668278953397250,+0000.0321521355601085,+0000.0321521355601077,+0000.3344339167700308,+0000.3344339167700281
+0000.2657452319576436,+0000.0317192389782100,+0000.0317192389782092,+0000.3354081450429699,+0000.3354081450429672
+0000.2646825431983488,+0000.0312877490413856,+0000.0312877490413847,+0000.3363709793594417,+0000.3363709793594390
+0000.2636390920620264,+0000.0308580708307243,+0000.0308580708307235,+0000.3373223831382642,+0000.3373223831382616
+0000.2626141438635730,+0000.0304305977854106,+0000.0304305977854098,+0000.3382623302828046,+0000.3382623302828020
+0000.2616069672291899,+0000.0300057114114460,+0000.0300057114114452,+0000.3391908049739608,+0000.3391908049739581
+0000.2606168350566609,+0000.0295837810196799,+0000.0295837810196792,+0000.3401078014519913,+0000.3401078014519887
+0000.2596430254387692,+0000.0291651634925738,+0000.0291651634925731,+0000.3410133237880431,+0000.3410133237880406
+0000.2586848225494224,+0000.0287502030790755,+0000.0287502030790748,+0000.3419073856462149,+0000.3419073856462123
+0000.2577415174921653,+0000.0283392312169391,+0000.0283392312169383,+0000.3427900100369800,+0000.3427900100369773
+0000.2568124091108681,+0000.0279325663817882,+0000.0279325663817875,+0000.3436612290627795,+0000.3436612290627768
+0000.2558968047624735,+0000.0275305139621865,+0000.0275305139621858,+0000.3445210836565785,+0000.3445210836565757
+0000.2549940210517900,+0000.0271333661599498,+0000.0271333661599491,+0000.3453696233141570,+0000.3453696233141542
+0000.2541033845284019,+0000.0267414019149104,+0000.0267414019149097,+0000.3462069058208903,+0000.3462069058208874
+0000.2532242323458586,+0000.0263548868533210,+0000.0263548868533203,+0000.3470329969737513,+0000.3470329969737484
+0000.2523559128833822,+0000.0259740732590701,+0000.0259740732590695,+0000.3478479702992405,+0000.3478479702992375
+0000.2514977863304108,+0000.0255992000668657,+0000.0255992000668651,+0000.3486519067679308,+0000.3486519067679278
+0000.2506492252343643,+0000.0252304928765345,+0000.0252304928765339,+0000.3494448945062851,+0000.3494448945062822
+0000.2498096150120839,+0000.0248681639875760,+0000.0248681639875754,+0000.3502270285063839,+0000.3502270285063809
+0000.2489783544254558,+0000.0245124124531087,+0000.0245124124531081,+0000.3509984103341652,+0000.3509984103341622
+0000.2481548560217861,+0000.0241634241523426,+0000.0241634241523420,+0000.3517591478367661,+0000.3517591478367631
+0000.2473385465395448,+0000.0238213718807155,+0000.0238213718807150,+0000.3525093548495138,+0000.3525093548495109
+0000.2465288672801353,+0000.0234864154568352,+0000.0234864154568347,+0000.3532491509030988,+0000.3532491509030958
+0000.2457252744463954,+0000.0231587018453745,+0000.0231587018453740,+0000.3539786609314296,+0000.3539786609314265
+0000.2449272394485630,+0000.0228383652950783,+0000.0228383652950778,+0000.3546980149806419,+0000.3546980149806388
+0000.2441342491784761,+0000.0225255274910498,+0000.0225255274910493,+0000.3554073479197141,+0000.3554073479197109
+0000.2433458062528009,+0000.0222202977204978,+0000.0222202977204973,+0000.3561067991531037,+0000.3561067991531005
+0000.2425614292261068,+0000.0219227730511409,+0000.0219227730511404,+0000.3567965123358078,+0000.3567965123358045
+0000.2417806527746227,+0000.0216330385214804,+0000.0216330385214799,+0000.3574766350912102,+0000.3574766350912069
+0000.2410030278515297,+0000.0213511673421713,+0000.0213511673421708,+0000.3581473187320658,+0000.3581473187320625
+0000.2402281218146495,+0000.0210772211077389,+0000.0210772211077385,+0000.3588087179849381,+0000.3588087179849347
+0000.2394555185274049,+0000.0208112500179088,+0000.0208112500179084,+0000.3594609907183907,+0000.3594609907183874
+0000.2386848184339256,+0000.0205532931078367,+0000.0205532931078363,+0000.3601042976752022,+0000.3601042976751990
+0000.2379156386091846,+0000.0203033784865473,+0000.0203033784865469,+0000.3607388022088623,+0000.3607388022088589
+0000.2371476127850387,+0000.0200615235829129,+0000.0200615235829126,+0000.3613646700245695,+0000.3613646700245662
+0000.2363803913530567,+0000.0198277353985217,+0000.0198277353985214,+0000.3619820689249518,+0000.3619820689249484
+0000.2356136413450025,+0000.0196020107668123,+0000.0196020107668119,+0000.3625911685606883,+0000.3625911685606850
+0000.2348470463918431,+0000.0193843366178691,+0000.0193843366178688,+0000.3631921401862112,+0000.3631921401862078
+0000.2340803066621345,+0000.0191746902483002,+0000.0191746902482999,+0000.3637851564206342,+0000.3637851564206310
+0000.2333131387806357,+0000.0189730395956364,+0000.0189730395956361,+0000.3643703910140477,+0000.3643703910140443
+0000.2325452757279806,+0000.0187793435167181,+0000.0187793435167178,+0000.3649480186192935,+0000.3649480186192900
+0000.2317764667222338,+0000.0185935520695549,+0000.0185935520695547,+0000.3655182145693301,+0000.3655182145693265
+0000.2310064770831334,+0000.0184156067981664,+0000.0184156067981661,+0000.3660811546602688,+0000.3660811546602652
+0000.2302350880798131,+0000.0182454410199333,+0000.0182454410199331,+0000.3666370149401622,+0000.3666370149401585
+0000.2294620967627783,+0000.0180829801150109,+0000.0180829801150107,+0000.3671859715036019,+0000.3671859715035982
+0000.2286873157808962,+0000.0179281418173745,+0000.0179281418173743,+0000.3677282002921794,+0000.3677282002921757
+0000.2279105731841357,+0000.0177808365070896,+0000.0177808365070894,+0000.3682638769008444,+0000.3682638769008407
+0000.2271317122127844,+0000.0176409675034176,+0000.0176409675034175,+0000.3687931763901922,+0000.3687931763901884
+0000.2263505910738433,+0000.0175084313583863,+0000.0175084313583862,+0000.3693162731046939,+0000.3693162731046901
+0000.2255670827052874,+0000.0173831181504746,+0000.0173831181504745,+0000.3698333404968836,+0000.3698333404968798
+0000.2247810745288563,+0000.0172649117780762,+0000.0172649117780761,+0000.3703445509574976,+0000.3703445509574937
+0000.2239924681920268,+0000.0171536902524264,+0000.0171536902524263,+0000.3708500756515623,+0000.3708500756515584
+0000.2232011792997947,+0000.0170493259896897,+0000.0170493259896896,+0000.3713500843604149,+0000.3713500843604109
+0000.2224071371368792,+0000.0169516861019247,+0000.0169516861019246,+0000.3718447453296377,+0000.3718447453296337
+0000.2216102843809433,+0000.0168606326866537,+0000.0168606326866536,+0000.3723342251228767,+0000.3723342251228728
+0000.2208105768074060,+0000.0167760231147834,+0000.0167760231147833,+0000.3728186884815155,+0000.3728186884815117
+0000.2200079829864061,+0000.0166977103166312,+0000.0166977103166311,+0000.3732982981901679,+0000.3732982981901640
+0000.2192024839724586,+0000.0166255430658289,+0000.0166255430658289,+0000.3737732149479437,+0000.3737732149479400
+0000.2183940729873304,+0000.0165593662608849,+0000.0165593662608849,+0000.3742435972454519,+0000.3742435972454481
+0000.2175827550966440,+0000.0164990212041980,+0000.0164990212041980,+0000.3747096012474819,+0000.3747096012474782
+0000.2167685468807054,+0000.0164443458783275,+0000.0164443458783275,+0000.3751713806813218,+0000.3751713806813181
+0000.2159514761000343,+0000.0163951752193326,+0000.0163951752193326,+0000.3756290867306521,+0000.3756290867306483
