+0001.0000000000000000,+0000.0000000000000000,+0000.0000000000000000,+0000.0000000000000000,+0000.0000000000000000
+0000.9998819113671237,+0000.0000944612683795,+0000.0000236153170949,+0000.0000000096379215,+0000.0000000024094804
+0000.9995323491557997,+0000.0003740345174776,+0000.0000935086293694,+0000.0000000861578826,+0000.0000000215394707
+0000.9989582633583507,+0000.0008330470056745,+0000.0002082617514186,+0000.0000003423076450,+0000.0000000855769113
+0000.9981664564671828,+0000.0014658903957460,+0000.0003664725989365,+0000.0000009444305078,+0000.0000002361076270
+0000.9971635760789569,+0000.0022670285437077,+0000.0005667571359269,+0000.0000021105931270,+0000.0000005276482818
+0000.9959561087180511,+0000.0032310042696083,+0000.0008077510674021,+0000.0000041087559508,+0000.0000010271889877
+0000.9945503747901302,+0000.0043524451760705,+0000.0010881112940176,+0000.0000072549918253,+0000.0000018137479563
+0000.9929525245795091,+0000.0056260685791120,+0000.0014065171447780,+0000.0000119117572806,+0000.0000029779393202
+0000.9911685352072663,+0000.0070466856141418,+0000.0017616714035354,+0000.0000184862200452,+0000.0000046215550113
+0000.9892042084705683,+0000.0086092045780819,+0000.0021523011445205,+0000.0000274286454635,+0000.0000068571613659
+0000.9870651694874072,+0000.0103086335663773,+0000.0025771583915943,+0000.0000392308436969,+0000.0000098077109242
+0000.9847568660748032,+0000.0121400824612897,+0000.0030350206153224,+0000.0000544246788677,+0000.0000136061697169
+0000.9822845687924704,+0000.0140987643253590,+0000.0035246910813398,+0000.0000735806406647,+0000.0000183951601662
+0000.9796533715879113,+0000.0161799962513252,+0000.0040449990628313,+0000.0000973064783457,+0000.0000243266195864
+0000.9768681929828620,+0000.0183791997171477,+0000.0045947999292869,+0000.0001262458965627,+0000.0000315614741407
+0000.9739337777449116,+0000.0206919004920929,+0000.0051729751230232,+0000.0001610773119776,+0000.0000402693279944
+0000.9708546989919611,+0000.0231137281371972,+0000.0057784320342993,+0000.0002025126692339,+0000.0000506281673085
+0000.9676353606808932,+0000.0256404151407836,+0000.0064101037851959,+0000.0002512963145018,+0000.0000628240786254
+0000.9642800004354550,+0000.0282677957271336,+0000.0070669489317834,+0000.0003082039245024,+0000.0000770509811256
+0000.9607926926717980,+0000.0309918043739044,+0000.0077479510934761,+0000.0003740414886570,+0000.0000935103721642
+0000.9571773519834614,+0000.0338084740714558,+0000.0084521185178640,+0000.0004496443417750,+0000.0001124110854437
+0000.9534377367507296,+0000.0367139343549128,+0000.0091784835887282,+0000.0005358762445032,+0000.0001339690611258
+0000.9495774529423178,+0000.0397044091375530,+0000.0099261022843882,+0000.0006336285085927,+0000.0001584071271482
+0000.9455999580801520,+0000.0427762143719753,+0000.0106940535929938,+0000.0007438191639031,+0000.0001859547909758
+0000.9415085653407110,+0000.0459257555634808,+0000.0114814388908702,+0000.0008673921639506,+0000.0002168480409877
+0000.9373064477688759,+0000.0491495251581844,+0000.0122873812895461,+0000.0010053166267148,+0000.0002513291566787
+0000.9329966425826082,+0000.0524440998265712,+0000.0131110249566428,+0000.0011585861073423,+0000.0002896465268356
+0000.9285820555489330,+0000.0558061376615210,+0000.0139515344153802,+0000.0013282178993328,+0000.0003320544748332
+0000.9240654654137685,+0000.0592323753082393,+0000.0148080938270598,+0000.0015152523607460,+0000.0003788130901865
+0000.9194495283699984,+0000.0627196250420611,+0000.0156799062605152,+0000.0017207522619403,+0000.0004301880654851
+0000.9147367825499377,+0000.0662647718087168,+0000.0165661929521792,+0000.0019458021513329,+0000.0004864505378332
+0000.9099296525299421,+0000.0698647702403836,+0000.0174661925600959,+0000.0021915077356626,+0000.0005478769339157
+0000.9050304538363713,+0000.0735166416596696,+0000.0183791604149174,+0000.0024589952712334,+0000.0006147488178084
+0000.9000413974434729,+0000.0772174710825965,+0000.0193043677706491,+0000.0027494109626251,+0000.0006873527406563
+0000.8949645942549708,+0000.0809644042306574,+0000.0202411010576643,+0000.0030639203653662,+0000.0007659800913415
+0000.8898020595622489,+0000.0847546445611149,+0000.0211886611402787,+0000.0034037077890860,+0000.0008509269472715
+0000.8845557174730463,+0000.0885854503238802,+0000.0221463625809700,+0000.0037699756976827,+0000.0009424939244207
+0000.8792274053054602,+0000.0924541316525585,+0000.0231135329131396,+0000.0041639441030737,+0000.0010409860257684
+0000.8738188779428830,+0000.0963580476965663,+0000.0240895119241416,+0000.0045868499491272,+0000.0011467124872818
+0000.8683318121462257,+0000.1002946038006094,+0000.0250736509501523,+0000.0050399464824098,+0000.0012599866206024
+0000.8627678108203974,+0000.1042612487372575,+0000.0260653121843143,+0000.0055245026064247,+0000.0013811256516062
+0000.8571284072326021,+0000.1082554719978545,+0000.0270638679994636,+0000.0060418022160637,+0000.0015104505540159
+0000.8514150691804924,+0000.1122748011465645,+0000.0280687002866411,+0000.0065931435090415,+0000.0016482858772604
+0000.8456292031086367,+0000.1163167992419544,+0000.0290791998104886,+0000.0071798382711364,+0000.0017949595677841
+0000.8397721581721308,+0000.1203790623301740,+0000.0300947655825434,+0000.0078032111321215,+0000.0019508027830304
+0000.8338452302464812,+0000.1244592170134824,+0000.0311148042533705,+0000.0084645987893329,+0000.0021161496973332
+0000.8278496658831275,+0000.1285549180976066,+0000.0321387295244016,+0000.0091653491958913,+0000.0022913372989728
+0000.8217866662101851,+0000.1326638463211825,+0000.0331659615802955,+0000.0099068207106694,+0000.0024767051776673
+0000.8156573907781185,+0000.1367837061703260,+0000.0341959265425814,+0000.0106903812071793,+0000.0026725953017948
+0000.8094629613501784,+0000.1409122237812117,+0000.0352280559453029,+0000.0115174071386455,+0000.0028793517846614
+0000.8032044656374940,+0000.1450471449333826,+0000.0362617862333456,+0000.0123892825566223,+0000.0030973206391556
+0000.7968829609787338,+0000.1491862331363884,+0000.0372965582840970,+0000.0133073980806245,+0000.0033268495201561
+0000.7904994779642549,+0000.1533272678122447,+0000.0383318169530611,+0000.0142731498163516,+0000.0035682874540879
+0000.7840550240046035,+0000.1574680425761044,+0000.0393670106440260,+0000.0152879382202130,+0000.0038219845550532
+0000.7775505868431806,+0000.1616063636174632,+0000.0404015909043657,+0000.0163531669079924,+0000.0040882917269981
+0000.7709871380127711,+0000.1657400481841432,+0000.0414350120460357,+0000.0174702414056400,+0000.0043675603514100
+0000.7643656362355253,+0000.1698669231712439,+0000.0424667307928109,+0000.0186405678403358,+0000.0046601419600840
+0000.7576870307658379,+0000.1739848238171934,+0000.0434962059542983,+0000.0198655515701365,+0000.0049663878925341
+0000.7509522646753951,+0000.1780915925089794,+0000.0445228981272448,+0000.0211465957507045,+0000.0052866489376761
+0000.7441622780794962,+0000.1821850776985929,+0000.0455462694246481,+0000.0224850998378103,+0000.0056212749594526
+0000.7373180113035316,+0000.1862631329326618,+0000.0465657832331654,+0000.0238824580245130,+0000.0059706145061282
+0000.7304204079883143,+0000.1903236159972029,+0000.0475809039993006,+0000.0253400576121456,+0000.0063350144030364
+0000.7234704181327120,+0000.1943643881793549,+0000.0485910970448386,+0000.0268592773144756,+0000.0067148193286189
+0000.7164690010718036,+0000.1983833136478944,+0000.0495958284119735,+0000.0284414854946629,+0000.0071103713736657
+0000.7094171283885412,+0000.2023782589542570,+0000.0505945647385641,+0000.0300880383349103,+0000.0075220095837275
+0000.7023157867566368,+0000.2063470926557015,+0000.0515867731639252,+0000.0318002779389892,+0000.0079500694847473
+0000.6951659807121504,+0000.2102876850621565,+0000.0525719212655390,+0000.0335795303681232,+0000.0083948825920308
+0000.6879687353509913,+0000.2141979081081749,+0000.0535494770270436,+0000.0354271036110322,+0000.0088567759027580
+0000.6807250989492902,+0000.2180756353512935,+0000.0545189088378232,+0000.0373442854892743,+0000.0093360713723186
+0000.6734361455033471,+0000.2219187420979519,+0000.0554796855244878,+0000.0393323414993707,+0000.0098330853748426
+0000.6661029771856021,+0000.2257251056579566,+0000.0564312764144890,+0000.0413925125935618,+0000.0103481281483904
+0000.6587267267128449,+0000.2294926057282996,+0000.0573731514320747,+0000.0435260129014246,+0000.0108815032253561
+0000.6513085596226285,+0000.2332191249069298,+0000.0583047812267323,+0000.0457340273949675,+0000.0114335068487419
+0000.6438496764536432,+0000.2369025493368584,+0000.0592256373342144,+0000.0480177095002273,+0000.0120044273750568
+0000.6363513148255886,+0000.2405407694807255,+0000.0601351923701812,+0000.0503781786588039,+0000.0125945446647009
+0000.6288147514138905,+0000.2441316810256911,+0000.0610329202564226,+0000.0528165178431965,+0000.0132041294607991
+0000.6212413038144370,+0000.2476731859182164,+0000.0619182964795539,+0000.0553337710302342,+0000.0138334427575585
+0000.6136323322933445,+0000.2511631935279892,+0000.0627907983819971,+0000.0579309406373354,+0000.0144827351593338
+0000.6059892414166527,+0000.2545996219399053,+0000.0636499054849762,+0000.0606089849267726,+0000.0151522462316931
+0000.5983134815547196,+0000.2579803993726570,+0000.0644950998431641,+0000.0633688153835673,+0000.0158422038458918
+0000.5906065502560337,+0000.2613034657220940,+0000.0653258664305233,+0000.0662112940730793,+0000.0165528235182698
+0000.5828699934850972,+0000.2645667742271173,+0000.0661416935567791,+0000.0691372309848051,+0000.0172843077462012
+0000.5751054067190404,+0000.2677682932554368,+0000.0669420733138590,+0000.0721473813693311,+0000.0180368453423327
+0000.5673144358976323,+0000.2709060082060776,+0000.0677265020515192,+0000.0752424430758169,+0000.0188106107689542
+0000.5594987782214277,+0000.2739779235250553,+0000.0684944808812636,+0000.0784230538978029,+0000.0196057634744507
+0000.5516601827928852,+0000.2769820648301582,+0000.0692455162075393,+0000.0816897889355339,+0000.0204224472338834
+0000.5438004510954341,+0000.2799164811402758,+0000.0699791202850687,+0000.0850431579833772,+0000.0212607894958442
+0000.5359214373056487,+0000.2827792472042113,+0000.0706948118010526,+0000.0884836029512699,+0000.0221209007378174
+0000.5280250484339267,+0000.2855684659233911,+0000.0713921164808476,+0000.0920114953294679,+0000.0230028738323669
+0000.5201132442893290,+0000.2882822708623632,+0000.0720705677155906,+0000.0956271337061737,+0000.0239067834265434
+0000.5121880372645742,+0000.2909188288404519,+0000.0727297072101128,+0000.0993307413478888,+0000.0248326853369721
+0000.5042514919375294,+0000.2934763425974019,+0000.0733690856493503,+0000.1031224638525747,+0000.0257806159631436
+0000.4963057244859722,+0000.2959530535253254,+0000.0739882633813312,+0000.1070023668858970,+0000.0267505917214742
+0000.4883529019128445,+0000.2983472444587487,+0000.0745868111146870,+0000.1109704340109757,+0000.0277426085027439
+0000.4803952410797317,+0000.3006572425140472,+0000.0751643106285116,+0000.1150265646221678,+0000.0287566411555419
+0000.4724350075468495,+0000.3028814219690687,+0000.0757203554922670,+0000.1191705719934518,+0000.0297926429983629
+0000.4644745142184227,+0000.3050182071732782,+0000.0762545517933194,+0000.1234021814519838,+0000.0308505453629959
+0000.4565161197929646,+0000.3070660754783046,+0000.0767665188695760,+0000.1277210286873241,+0000.0319302571718310
+0000.4485622270186568,+0000.3090235601783611,+0000.0772558900445901,+0000.1321266582067138,+0000.0330316645516784
+0000.4406152807547338,+0000.3108892534496231,+0000.0777223133624056,+0000.1366185219465899,+0000.0341546304866474
+0000.4326777658405244,+0000.3126618092773036,+0000.0781654523193257,+0000.1411959780502774,+0000.0352989945125693
+0000.4247522047745820,+0000.3143399463588600,+0000.0785849865897148,+0000.1458582898214745,+0000.0364645724553685
+0000.4168411552071403,+0000.3159224509715205,+0000.0789806127428799,+0000.1506046248627675,+0000.0376511562156918
+0000.4089472072499453,+0000.3174081797920955,+0000.0793520449480237,+0000.1554340544079486,+0000.0388585136019871
+0000.4010729806083682,+0000.3187960626569075,+0000.0796990156642267,+0000.1603455528563981,+0000.0400863882140994
+0000.3932211215415443,+0000.3200851052495682,+0000.0800212763123919,+0000.1653379975171966,+0000.0413344993792991
+0000.3853942996571443,+0000.3212743917043057,+0000.0803185979260763,+0000.1704101685699790,+0000.0426025421424947
+0000.3775952045482394,+0000.3223630871125830,+0000.0805907717781456,+0000.1755607492488258,+0000.0438901873122064
+0000.3698265422805689,+0000.3233504399208431,+0000.0808376099802106,+0000.1807883262547022,+0000.0451970815636754
+0000.3620910317393559,+0000.3242357842073969,+0000.0810589460518491,+0000.1860913904011187,+0000.0465228476002796
+0000.3543914008456301,+0000.3250185418267046,+0000.0812546354566760,+0000.1914683374967917,+0000.0478670843741978
+0000.3467303826528039,+0000.3256982244096215,+0000.0814245561024052,+0000.1969174694681357,+0000.0492293673670338
+0000.3391107113350053,+0000.3262744352085648,+0000.0815686088021410,+0000.2024369957234311,+0000.0506092489308576
+0000.3315351180793829,+0000.3267468707770141,+0000.0816867176942534,+0000.2080250347594800,+0000.0520062586898698
+0000.3240063268952638,+0000.3271153224732936,+0000.0817788306183232,+0000.2136796160104955,+0000.0534199040026237
+0000.3165270503536655,+0000.3273796777791840,+0000.0818449194447958,+0000.2193986819378839,+0000.0548496704844708
+0000.3090999852712079,+0000.3275399214245732,+0000.0818849803561431,+0000.2251800903584609,+0000.0562950225896151
+0000.3017278083529707,+0000.3275961363100976,+0000.0818990340775242,+0000.2310216170075259,+0000.0577554042518813
+0000.2944131718092524,+0000.3275485042205150,+0000.0818871260551285,+0000.2369209583320835,+0000.0592302395830207
+0000.2871586989615343,+0000.3273973063223960,+0000.0818493265805988,+0000.2428757345083770,+0000.0607189336270941
+0000.2799669798532179,+0000.3271429234406365,+0000.0817857308601589,+0000.2488834926767893,+0000.0622208731691972
+0000.2728405668808794,+0000.3267858361092311,+0000.0816964590273075,+0000.2549417103860658,+0000.0637354275965163
+0000.2657819704618826,+0000.3263266243927445,+0000.0815816560981859,+0000.2610477992377498,+0000.0652619498094373
+0000.2587936547541965,+0000.3257659674759471,+0000.0814414918689866,+0000.2671991087206960,+0000.0667997771801738
+0000.2518780334441741,+0000.3251046430201250,+0000.0812761607550311,+0000.2733929302245359,+0000.0683482325561338
+0000.2450374656178761,+0000.3243435262856555,+0000.0810858815714137,+0000.2796265012200438,+0000.0699066253050108
+0000.2382742517312524,+0000.3234835890215255,+0000.0808708972553812,+0000.2858970095934726,+0000.0714742523983680
+0000.2315906296941376,+0000.3225258981235586,+0000.0806314745308895,+0000.2922015981211314,+0000.0730503995302826
+0000.2249887710825653,+0000.3214716140642094,+0000.0803679035160522,+0000.2985373690697387,+0000.0746343422674345
+0000.2184707774933763,+0000.3203219890978614,+0000.0800804972744652,+0000.3049013889074381,+0000.0762253472268593
+0000.2120386770544749,+0000.3190783652466259,+0000.0797695913116563,+0000.3112906931097947,+0000.0778226732774485
+0000.2056944211033952,+0000.3177421720726712,+0000.0794355430181676,+0000.3177022910446129,+0000.0794255727611530
+0000.1994398810460624,+0000.3163149242441162,+0000.0790787310610289,+0000.3241331709190344,+0000.0810332927297584
+0000.1932768454068013,+0000.3147982189024769,+0000.0786995547256190,+0000.3305803047720821,+0000.0826450761930203
+0000.1872070170797377,+0000.3131937328405706,+0000.0782984332101424,+0000.3370406534956395,+0000.0842601633739097
+0000.1812320107907782,+0000.3115032195006320,+0000.0778758048751578,+0000.3435111718667458,+0000.0858777929666863
+0000.1753533507783511,+0000.3097285058032024,+0000.0774321264508004,+0000.3499888135741172,+0000.0874972033935291
+0000.1695724687000357,+0000.3078714888180684,+0000.0769678722045169,+0000.3564705362219033,+0000.0891176340554756
+0000.1638907017711264,+0000.3059341322891997,+0000.0764835330722997,+0000.3629533062938992,+0000.0907383265734746
+0000.1583092911400694,+0000.3039184630262091,+0000.0759796157565521,+0000.3694341040617357,+0000.0923585260154337
+0000.1528293805045799,+0000.3018265671753652,+0000.0754566417938411,+0000.3759099284209712,+0000.0939774821052425
+0000.1474520149711154,+0000.2996605863836168,+0000.0749151465959040,+0000.3823778016394913,+0000.0955944504098726
+0000.1421781401592403,+0000.2974227138694188,+0000.0743556784673545,+0000.3888347740031895,+0000.0972086935007971
+0000.1370086015512880,+0000.2951151904144151,+0000.0737787976036036,+0000.3952779283445549,+0000.0988194820861384
+0000.1319441440866136,+0000.2927403002901952,+0000.0731850750725486,+0000.4017043844405143,+0000.1004260961101283
+0000.1269854119986367,+0000.2903003671344321,+0000.0725750917836078,+0000.4081113032666591,+0000.1020278258166645
+0000.1221329488918103,+0000.2877977497907094,+0000.0719494374476771,+0000.4144958910958429,+0000.1036239727739604
+0000.1173871980546339,+0000.2852348381262666,+0000.0713087095315664,+0000.4208554034300266,+0000.1052138508575064
+0000.1127485030038385,+0000.2826140488417260,+0000.0706535122104313,+0000.4271871487552036,+0000.1067967871888006
+0000.1082171082539480,+0000.2799378212866346,+0000.0699844553216584,+0000.4334884921102075,+0000.1083721230275516
+0000.1037931603055392,+0000.2772086132943407,+0000.0693021533235849,+0000.4397568584612287,+0000.1099392146153069
+0000.0994767088447090,+0000.2744288970493454,+0000.0686072242623361,+0000.4459897358748878,+0000.1114974339687217
+0000.0952677081455004,+0000.2716011549998300,+0000.0679002887499573,+0000.4521846784837702,+0000.1130461696209422
+0000.0911660186663544,+0000.2687278758275505,+0000.0671819689568874,+0000.4583393092393666,+0000.1145848273098413
+0000.0871714088310377,+0000.2658115504867425,+0000.0664528876216854,+0000.4644513224484279,+0000.1161128306121066
+0000.0832835569839486,+0000.2628546683230671,+0000.0657136670807665,+0000.4705184860897743,+0000.1176296215224432
+0000.0795020535092332,+0000.2598597132829863,+0000.0649649283207463,+0000.4765386439096276,+0000.1191346609774066
+0000.0758264031027431,+0000.2568291602232666,+0000.0642072900558164,+0000.4825097172945394,+0000.1206274293236345
+0000.0722560271855431,+0000.2537654713296021,+0000.0634413678324003,+0000.4884297069219639,+0000.1221074267304906
+0000.0687902664474229,+0000.2506710926526002,+0000.0626677731631498,+0000.4942966941894618,+0000.1235741735473651
+0000.0654283835086881,+0000.2475484507686227,+0000.0618871126921554,+0000.5001088424244273,+0000.1250272106061065
+0000.0621695656883964,+0000.2443999495721980,+0000.0610999873930493,+0000.5058643978770853,+0000.1264660994692710
+0000.0590129278671619,+0000.2412279672059499,+0000.0603069918014872,+0000.5115616905003210,+0000.1278904226250799
+0000.0559575154326757,+0000.2380348531331990,+0000.0595087132832995,+0000.5171991345206610,+0000.1292997836301649
+0000.0530023072961760,+0000.2348229253576286,+0000.0587057313394070,+0000.5227752288054309,+0000.1306938072013574
+0000.0501462189682467,+0000.2315944677936329,+0000.0578986169484080,+0000.5282885570317702,+0000.1320721392579423
+0000.0473881056825235,+0000.2283517277902127,+0000.0570879319475530,+0000.5337377876637688,+0000.1334344469159419
+0000.0447267655561383,+0000.2250969138105547,+0000.0562742284526385,+0000.5391216737445351,+0000.1347804184361335
+0000.0421609427760309,+0000.2218321932687062,+0000.0554580483171764,+0000.5444390525104694,+0000.1361097631276170
+0000.0396893308006004,+0000.2185596905240795,+0000.0546399226310197,+0000.5496888448354408,+0000.1374222112088599
+0000.0373105755665454,+0000.2152814850338514,+0000.0538203712584627,+0000.5548700545129126,+0000.1387175136282278
+0000.0350232786911593,+0000.2119996096626997,+0000.0529999024156747,+0000.5599817673843731,+0000.1399954418460930
+0000.0328260006607887,+0000.2087160491487186,+0000.0521790122871795,+0000.5650231503226508,+0000.1412557875806624
+0000.0307172639966309,+0000.2054327387237989,+0000.0513581846809495,+0000.5699934500788967,+0000.1424983625197238
+0000.0286955563895376,+0000.2021515628862313,+0000.0505378907215576,+0000.5748919920021391,+0000.1437229980005345
+0000.0267593337959959,+0000.1988743543228085,+0000.0497185885807019,+0000.5797181786403951,+0000.1449295446600985
+0000.0249070234879758,+0000.1956028929772566,+0000.0489007232443139,+0000.5844714882323631,+0000.1461178720580905
+0000.0231370270498618,+0000.1923389052614127,+0000.0480847263153530,+0000.5891514730986984,+0000.1472878682746743
+0000.0214477233162141,+0000.1890840634052086,+0000.0472710158513019,+0000.5937577579418204,+0000.1484394394854547
+0000.0198374712446416,+0000.1858399849411835,+0000.0464599962352956,+0000.5982900380631037,+0000.1495725095157756
+0000.0183046127185954,+0000.1826082323189635,+0000.0456520580797406,+0000.6027480775061609,+0000.1506870193765398
+0000.0168474752754192,+0000.1793903126448952,+0000.0448475781612235,+0000.6071317071347699,+0000.1517829267836921
+0000.0154643747555091,+0000.1761876775418064,+0000.0440469193854514,+0000.6114408226537866,+0000.1528602056634462
+0000.0141536178689428,+0000.1730017231236884,+0000.0432504307809219,+0000.6156753825811581,+0000.1539188456452890
+0000.0129135046764310,+0000.1698337900799551,+0000.0424584475199885,+0000.6198354061789008,+0000.1549588515447247
+0000.0117423309819251,+0000.1666851638638219,+0000.0416712909659552,+0000.6239209713506386,+0000.1559802428376592
+0000.0106383906346746,+0000.1635570749792731,+0000.0408892687448180,+0000.6279322125129878,+0000.1569830531282465
+0000.0095999777389754,+0000.1604506993610371,+0000.0401126748402591,+0000.6318693184477833,+0000.1579673296119453
+0000.0086253887702716,+0000.1573671588419716,+0000.0393417897104927,+0000.6357325301418115,+0000.1589331325354524
+0000.0077129245966810,+0000.1543075217022682,+0000.0385768804255669,+0000.6395221386203873,+0000.1598805346550964
+0000.0068608924053946,+0000.1512728032949187,+0000.0378182008237295,+0000.6432384827807662,+0000.1608096206951911
+0000.0060676075337632,+0000.1482639667419391,+0000.0370659916854846,+0000.6468819472310510,+0000.1617204868077623
+0000.0053313952052217,+0000.1452819236959259,+0000.0363204809239813,+0000.6504529601398972,+0000.1626132400349738
+0000.0046505921705178,+0000.1423275351616105,+0000.0355818837904025,+0000.6539519911019758,+0000.1634879977754934
+0000.0040235482550047,+0000.1394016123721931,+0000.0348504030930481,+0000.6573795490238039,+0000.1643448872559505
+0000.0034486278130276,+0000.1365049177153595,+0000.0341262294288397,+0000.6607361800342189,+0000.1651840450085542
+0000.0029242110906828,+0000.1336381657040313,+0000.0334095414260077,+0000.6640224654234230,+0000.1660056163558553
+0000.0024486954984512,+0000.1308020239870425,+0000.0327005059967605,+0000.6672390196141968,+0000.1668097549035487
+0000.0020204967954152,+0000.1279971143951079,+0000.0319992785987768,+0000.6703864881685604,+0000.1675966220421396
+0000.0016380501869488,+0000.1252240140176086,+0000.0313060035044020,+0000.6734655458328329,+0000.1683663864582077
+0000.0012998113379350,+0000.1224832563059048,+0000.0306208140764761,+0000.6764768946237476,+0000.1691192236559364
+0000.0010042573037044,+0000.1197753321990633,+0000.0299438330497657,+0000.6794212619579738,+0000.1698553154894930
+0000.0007498873810170,+0000.1171006912680759,+0000.0292751728170189,+0000.6822993988271113,+0000.1705748497067773
+0000.0005352238815115,+0000.1144597428748329,+0000.0286149357187081,+0000.6851120780199583,+0000.1712780195049891
+0000.0003588128301367,+0000.1118528573423082,+0000.0279632143355769,+0000.6878600923935829,+0000.1719650230983952
+0000.0002192245911509,+0000.1092803671326009,+0000.0273200917831501,+0000.6905442531944790,+0000.1726360632986192
+0000.0001150544243334,+0000.1067425680296727,+0000.0266856420074181,+0000.6931653884308613,+0000.1732913471077148
+0000.0000449229740937,+0000.1042397203238070,+0000.0260599300809516,+0000.6957243412969187,+0000.1739310853242291
+0000.0000074766941927,+0000.1017720499950048,+0000.0254430124987511,+0000.6982219686496413,+0000.1745554921624098
+0000.0000013882108080,+0000.0993397498927163,+0000.0248349374731790,+0000.7006591395386377,+0000.1751647848846589
+0000.0000253566266786,+0000.0969429809094869,+0000.0242357452273716,+0000.7030367337891706,+0000.1757591834472921
+0000.0000781077690592,+0000.0945818731462765,+0000.0236454682865690,+0000.7053556406384766,+0000.1763389101596186
+0000.0001583943841995,+0000.0922565270673789,+0000.0230641317668446,+0000.7076167574252620,+0000.1769041893563149
+0000.0002649962810372,+0000.0899670146430391,+0000.0224917536607597,+0000.7098209883321315,+0000.1774552470830323
+0000.0003967204267617,+0000.0877133804780254,+0000.0219283451195063,+0000.7119692431805658,+0000.1779923107951409
+0000.0005524009968673,+0000.0854956429245711,+0000.0213739107311427,+0000.7140624362779354,+0000.1785156090694833
+0000.0007308993822637,+0000.0833137951782506,+0000.0208284487945625,+0000.7161014853159391,+0000.1790253713289842
+0000.0009311041559654,+0000.0811678063554975,+0000.0202919515888743,+0000.7180873103197306,+0000.1795218275799321
+0000.0011519310018177,+0000.0790576225516125,+0000.0197644056379030,+0000.7200208326469341,+0000.1800052081617329
+0000.0013923226076614,+0000.0769831678782380,+0000.0192457919695594,+0000.7219029740356333,+0000.1804757435089077
+0000.0016512485252686,+0000.0749443454794037,+0000.0187360863698508,+0000.7237346557003820,+0000.1809336639250949
+0000.0019277049993154,+0000.0729410385253641,+0000.0182352596313410,+0000.7255167974751842,+0000.1813791993687954
+0000.0022207147675863,+0000.0709731111835647,+0000.0177432777958911,+0000.7272503170023670,+0000.1818125792505911
+0000.0025293268345304,+0000.0690404095661748,+0000.0172601023915436,+0000.7289361289662014,+0000.1822340322415497
+0000.0028526162202176,+0000.0671427626537300,+0000.0167856906634324,+0000.7305751443700963,+0000.1826437860925235
+0000.0031896836866625,+0000.0652799831945177,+0000.0163199957986294,+0000.7321682698561527,+0000.1830420674640376
+0000.0035396554434130,+0000.0634518685794281,+0000.0158629671448570,+0000.7337164070658420,+0000.1834291017664599
+0000.0039016828342183,+0000.0616582016920756,+0000.0154145504230188,+0000.7352204520405504,+0000.1838051130101370
+0000.0042749420065172,+0000.0598987517340709,+0000.0149746879335177,+0000.7366812946607157,+0000.1841703236651784
+0000.0046586335654098,+0000.0581732750253954,+0000.0145433187563488,+0000.7380998181222775,+0000.1845249545305688
+0000.0050519822136997,+0000.0564815157798952,+0000.0141203789449737,+0000.7394768984491454,+0000.1848692246122858
+0000.0054542363795195,+0000.0548232068559722,+0000.0137058017139930,+0000.7408134040404125,+0000.1852033510101026
+0000.0058646678329764,+0000.0531980704826052,+0000.0132995176206512,+0000.7421101952510143,+0000.1855275488127530
+0000.0062825712931829,+0000.0516058189608846,+0000.0129014547402211,+0000.7433681240045695,+0000.1858420310011419
+0000.0067072640269679,+0000.0500461553412912,+0000.0125115388353227,+0000.7445880334371349,+0000.1861470083592832
+0000.0071380854404888,+0000.0485187740769911,+0000.0121296935192477,+0000.7457707575706183,+0000.1864426893926541
+0000.0075743966649028,+0000.0470233616534563,+0000.0117558404133640,+0000.7469171210146218,+0000.1867292802536550
+0000.0080155801371852,+0000.0455595971947545,+0000.0113898992986886,+0000.7480279386954980,+0000.1870069846738740
+0000.0084610391771187,+0000.0441271530468842,+0000.0110317882617210,+0000.7491040156114213,+0000.1872760039028548
+0000.0089101975614177,+0000.0427256953385540,+0000.0106814238346384,+0000.7501461466123120,+0000.1875365366530776
+0000.0093624990958879,+0000.0413548845198322,+0000.0103387211299580,+0000.7511551162034575,+0000.1877887790508639
+0000.0098174071864651,+0000.0400143758791119,+0000.0100035939697779,+0000.7521316983717161,+0000.1880329245929286
+0000.0102744044099206,+0000.0387038200388544,+0000.0096759550097135,+0000.7530766564332095,+0000.1882691641083019
+0000.0107329920849663,+0000.0374228634305881,+0000.0093557158576470,+0000.7539907429014392,+0000.1884976857253593
+0000.0111926898444408,+0000.0361711487496553,+0000.0090427871874138,+0000.7548746993747928,+0000.1887186748436977
+0000.0116530352092074,+0000.0349483153902046,+0000.0087370788475511,+0000.7557292564424301,+0000.1889323141106070
+0000.0121135831643491,+0000.0337539998609400,+0000.0084384999652349,+0000.7565551336075814,+0000.1891387834018949
+0000.0125739057381969,+0000.0325878361821393,+0000.0081469590455348,+0000.7573530392273036,+0000.1893382598068254
+0000.0130335915846882,+0000.0314494562644608,+0000.0078623640661151,+0000.7581236704677891,+0000.1895309176169468
+0000.0134922455695066,+0000.0303384902700588,+0000.0075846225675147,+0000.7588677132743363,+0000.1897169283185836
+0000.0139494883604186,+0000.0292545669565304,+0000.0073136417391326,+0000.7595858423551350,+0000.1898964605887832
+0000.0144049560221826,+0000.0281973140042126,+0000.0070493285010531,+0000.7602787211780420,+0000.1900696802945099
+0000.0148582996163714,+0000.0271663583273503,+0000.0067915895818375,+0000.7609470019795532,+0000.1902367504948878
+0000.0153091848064150,+0000.0261613263696499,+0000.0065403315924124,+0000.7615913257852185,+0000.1903978314463041
+0000.0157572914681398,+0000.0251818443847304,+0000.0062954610961826,+0000.7622123224407584,+0000.1905530806101890
+0000.0162023133060486,+0000.0242275387019774,+0000.0060568846754943,+0000.7628106106531841,+0000.1907026526632954
+0000.0166439574755587,+0000.0232980359783013,+0000.0058245089945753,+0000.7633867980412520,+0000.1908466995103125
+0000.0170819442113878,+0000.0223929634362915,+0000.0055982408590728,+0000.7639414811945986,+0000.1909853702986492
+0000.0175160064622536,+0000.0215119490892530,+0000.0053779872723132,+0000.7644752457409445,+0000.1911188114352356
+0000.0179458895320273,+0000.0206546219536024,+0000.0051636554884006,+0000.7649886664207763,+0000.1912471666051936
+0000.0183713507274608,+0000.0198206122490920,+0000.0049551530622730,+0000.7654823071689398,+0000.1913705767922344
+0000.0187921590125864,+0000.0190095515873215,+0000.0047523878968303,+0000.7659567212026099,+0000.1914891803006520
+0000.0192080946698676,+0000.0182210731489869,+0000.0045552682872467,+0000.7664124511151196,+0000.1916031127787794
+0000.0196189489681625,+0000.0174548118503066,+0000.0043637029625766,+0000.7668500289751636,+0000.1917125072437904
+0000.0200245238375442,+0000.0167104044990547,+0000.0041776011247637,+0000.7672699764309104,+0000.1918174941077271
+0000.0204246315510058,+0000.0159874899406198,+0000.0039968724851549,+0000.7676728048185759,+0000.1919182012046434
+0000.0208190944130661,+0000.0152857091944996,+0000.0038214272986249,+0000.7680590152750477,+0000.1920147538187614
+0000.0212077444552746,+0000.0146047055816279,+0000.0036511763954069,+0000.7684290988541531,+0000.1921072747135377
+0000.0215904231386055,+0000.0139441248429212,+0000.0034860312107303,+0000.7687835366461947,+0000.1921958841615481
+0000.0219669810627175,+0000.0133036152494228,+0000.0033259038123557,+0000.7691227999004038,+0000.1922806999751003
+0000.0223372776820449,+0000.0126828277044077,+0000.0031707069261019,+0000.7694473501499569,+0000.1923618375374886
+0000.0227011810286771,+0000.0120814158378044,+0000.0030203539594511,+0000.7697576393392542,+0000.1924394098348129
+0000.0230585674419756,+0000.0114990360932768,+0000.0028747590233192,+0000.7700541099531433,+0000.1925135274882852
+0000.0234093213048659,+0000.0109353478082997,+0000.0027338369520749,+0000.7703371951478082,+0000.1925842987869514
+0000.0237533347867392,+0000.0103900132875501,+0000.0025975033218875,+0000.7706073188830592,+0000.1926518297207642
+0000.0240905075928886,+0000.0098626978699255,+0000.0024656744674813,+0000.7708648960557641,+0000.1927162240139404
+0000.0244207467203998,+0000.0093530699894926,+0000.0023382674973731,+0000.7711103326341878,+0000.1927775831585463
+0000.0247439662204121,+0000.0088608012306562,+0000.0022152003076640,+0000.7713440257930149,+0000.1928360064482531
+0000.0250600869666572,+0000.0083855663778290,+0000.0020963915944572,+0000.7715663640488457,+0000.1928915910122108
+0000.0253690364301845,+0000.0079270434598762,+0000.0019817608649690,+0000.7717777273959765,+0000.1929444318489935
+0000.0256707484601721,+0000.0074849137895939,+0000.0018712284473985,+0000.7719784874422689,+0000.1929946218605666
+0000.0259651630707239,+0000.0070588619984741,+0000.0017647154996185,+0000.7721690075449474,+0000.1930422518862362
+0000.0262522262335480,+0000.0066485760670006,+0000.0016621440167501,+0000.7723496429461616,+0000.1930874107365398
+0000.0265318896764099,+0000.0062537473507072,+0000.0015634368376768,+0000.7725207409081654,+0000.1931301852270407
+0000.0268041106872522,+0000.0058740706022251,+0000.0014685176505563,+0000.7726826408479734,+0000.1931706602119927
+0000.0270688519238705,+0000.0055092439895336,+0000.0013773109973834,+0000.7728356744713704,+0000.1932089186178420
+0000.0273260812290338,+0000.0051589691106240,+0000.0012897422776560,+0000.7729801659061495,+0000.1932450414765367
+0000.0275757714509378,+0000.0048229510047745,+0000.0012057377511936,+0000.7731164318344758,+0000.1932791079586183
+0000.0278179002688766,+0000.0045008981606283,+0000.0011252245401571,+0000.7732447816242710,+0000.1933111954060671
+0000.0280524500240202,+0000.0041925225212585,+0000.0010481306303146,+0000.7733655174595261,+0000.1933413793648809
+0000.0282794075551833,+0000.0038975394863961,+0000.0009743848715990,+0000.7734789344694579,+0000.1933697336173638
+0000.0284987640394723,+0000.0036156679119896,+0000.0009039169779974,+0000.7735853208564332,+0000.1933963302141077
+0000.0287105148376955,+0000.0033466301072586,+0000.0008366575268146,+0000.7736849580225852,+0000.1934212395056457
+0000.0289146593444255,+0000.0030901518293954,+0000.0007725379573488,+0000.7737781206950647,+0000.1934445301737655
+0000.0291112008425978,+0000.0028459622760637,+0000.0007114905690159,+0000.7738650770498587,+0000.1934662692624640
+0000.0293001463625383,+0000.0026137940758359,+0000.0006534485189590,+0000.7739460888341340,+0000.1934865222085329
+0000.0294815065453033,+0000.0023933832767038,+0000.0005983458191759,+0000.7740214114870541,+0000.1935053528717629
+0000.0296552955102271,+0000.0021844693327941,+0000.0005461173331985,+0000.7740912942590249,+0000.1935228235647556
+0000.0298215307265645,+0000.0019867950894100,+0000.0004966987723525,+0000.7741559803293389,+0000.1935389950823341
+0000.0299802328891227,+0000.0018001067665195,+0000.0004500266916299,+0000.7742157069221828,+0000.1935539267305451
+0000.0301314257977750,+0000.0016241539408010,+0000.0004060384852002,+0000.7742707054209794,+0000.1935676763552442
+0000.0302751362407528,+0000.0014586895263552,+0000.0003646723815888,+0000.7743212014810430,+0000.1935803003702601
+0000.0304113938816108,+0000.0013034697541853,+0000.0003258674385463,+0000.7743674151405266,+0000.1935918537851311
+0000.0305402311497648,+0000.0011582541505425,+0000.0002895635376356,+0000.7744095609296462,+0000.1936023902324109
+0000.0306616831345013,+0000.0010228055142308,+0000.0002557013785577,+0000.7744478479781685,+0000.1936119619945415
+0000.0307757874823603,+0000.0008968898929594,+0000.0002242224732398,+0000.7744824801211528,+0000.1936206200302877
+0000.0308825842977943,+0000.0007802765588256,+0000.0001950691397064,+0000.7745136560029392,+0000.1936284140007343
+0000.0309821160470086,+0000.0006727379830108,+0000.0001681844957527,+0000.7745415691793828,+0000.1936353922948452
+0000.0310744274648894,+0000.0005740498097621,+0000.0001435124524405,+0000.7745664082183269,+0000.1936416020545811
+0000.0311595654649277,+0000.0004839908297355,+0000.0001209977074339,+0000.7745883567983228,+0000.1936470891995802
+0000.0312375790520497,+0000.0004023429527665,+0000.0001005857381916,+0000.7746075938055944,+0000.1936518984513981
+0000.0313085192382651,+0000.0003288911801336,+0000.0000822227950334,+0000.7746242934292549,+0000.1936560733573132
+0000.0313724389610479,+0000.0002634235763775,+0000.0000658558940944,+0000.7746386252547848,+0000.1936596563136956
+0000.0314293930043645,+0000.0002057312407332,+0000.0000514328101833,+0000.7746507543557757,+0000.1936626885889434
+0000.0314794379222670,+0000.0001556082782300,+0000.0000389020695575,+0000.7746608413839570,+0000.1936652103459887
+0000.0315226319649710,+0000.0001128517705130,+0000.0000282129426282,+0000.7746690426575108,+0000.1936672606643771
+0000.0315590350073391,+0000.0000772617464338,+0000.0000193154366084,+0000.7746755102476954,+0000.1936688775619233
+0000.0315887084796927,+0000.0000486411524584,+0000.0000121602881146,+0000.7746803920637879,+0000.1936700980159464
+0000.0316117153008774,+0000.0000267958229353,+0000.0000066989557338,+0000.7746838319363631,+0000.1936709579840903
+0000.0316281198135076,+0000.0000115344502657,+0000.0000028836125664,+0000.7746859696989286,+0000.1936714924247316
+0000.0316379877213198,+0000.0000026685550150,+0000.0000006671387538,+0000.7746869412679294,+0000.1936717353169818
+0000.0316413860285639,+0000.0000000124560019,+0000.0000000031140005,+0000.7746868787211473,+0000.1936717196802863
+0000.0316383829813642,+0000.0000033832403997,+0000.0000008458100999,+0000.7746859103745092,+0000.1936714775936267
+0000.0316290480109845,+0000.0000126007338828,+0000.0000031501834707,+0000.7746841608573303,+0000.1936710402143320
+0000.0316134516789315,+0000.0000274874708480,+0000.0000068718677120,+0000.7746817511860071,+0000.1936704377965013
+0000.0315916656238336,+0000.0000478686647394,+0000.0000119671661848,+0000.7746787988361941,+0000.1936696997090480
+0000.0315637625100346,+0000.0000735721785037,+0000.0000183930446259,+0000.7746754178134689,+0000.1936688544533667
+0000.0315298159778413,+0000.0001044284952006,+0000.0000261071238001,+0000.7746717187225272,+0000.1936679296806312
+0000.0314899005953669,+0000.0001402706887909,+0000.0000350676721977,+0000.7746678088349161,+0000.1936669522087285
+0000.0314440918119145,+0000.0001809343951253,+0000.0000452335987813,+0000.7746637921553438,+0000.1936659480388354
+0000.0313924659128444,+0000.0002262577831520,+0000.0000565644457880,+0000.7746597694865729,+0000.1936649423716427
+0000.0313350999758727,+0000.0002760815263635,+0000.0000690203815909,+0000.7746558384929385,+0000.1936639596232341
+0000.0312720718287474,+0000.0003302487744985,+0000.0000825621936246,+0000.7746520937625040,+0000.1936630234406254
+0000.0312034600082539,+0000.0003886051255148,+0000.0000971512813787,+0000.7746486268678824,+0000.1936621567169700
+0000.0311293437204983,+0000.0004509985978488,+0000.0001127496494622,+0000.7746455264257529,+0000.1936613816064376
+0000.0310498028024216,+0000.0005172796029734,+0000.0001293199007434,+0000.7746428781550897,+0000.1936607195387718
+0000.0309649176844993,+0000.0005873009182678,+0000.0001468252295670,+0000.7746407649341334,+0000.1936601912335327
+0000.0308747693545792,+0000.0006609176602090,+0000.0001652294150523,+0000.7746392668561283,+0000.1936598167140314
+0000.0307794393228160,+0000.0007379872578965,+0000.0001844968144741,+0000.7746384612838509,+0000.1936596153209621
+0000.0306790095876589,+0000.0008183694269175,+0000.0002045923567294,+0000.7746384229029556,+0000.1936596057257383
+0000.0305735626028504,+0000.0009019261435619,+0000.0002254815358905,+0000.7746392237741582,+0000.1936598059435390
+0000.0304631812453987,+0000.0009885216193938,+0000.0002471304048484,+0000.7746409333842879,+0000.1936602333460714
+0000.0303479487844820,+0000.0010780222761855,+0000.0002695055690464,+0000.7746436186962294,+0000.1936609046740568
+0000.0302279488512499,+0000.0011702967212197,+0000.0002925741803049,+0000.7746473441977811,+0000.1936618360494447
+0000.0301032654094837,+0000.0012652157229644,+0000.0003163039307411,+0000.7746521719494490,+0000.1936630429873617
+0000.0299739827270810,+0000.0013626521871248,+0000.0003406630467812,+0000.7746581616312106,+0000.1936645404078022
