+0001.0000000000000000,+0000.0000000000000000,+0000.0000000000000000,+0000.0000000000000000,+0000.0000000000000000
+0000.9998795262689348,+0000.0000000000000000,+0000.0000000000000000,+0000.0000963789848521,+0000.0000240947462130
+0000.9995182501734228,+0000.0000000000000000,+0000.0000000000000000,+0000.0003853998612620,+0000.0000963499653155
+0000.9989166500399997,+0000.0000000000000000,+0000.0000000000000000,+0000.0008666799680001,+0000.0002166699920000
+0000.9980755502627433,+0000.0000000000000000,+0000.0000000000000000,+0000.0015395597898053,+0000.0003848899474513
+0000.9969961183865331,+0000.0000000000000000,+0000.0000000000000000,+0000.0024031052907737,+0000.0006007763226934
+0000.9956798609664692,+0000.0000000000000000,+0000.0000000000000000,+0000.0034561112268245,+0000.0008640278067061
+0000.9941286182309554,+0000.0000000000000000,+0000.0000000000000000,+0000.0046971054152357,+0000.0011742763538089
+0000.9923445575837666,+0000.0000000000000000,+0000.0000000000000000,+0000.0061243539329867,+0000.0015310884832467
+0000.9903301659878818,+0000.0000000000000000,+0000.0000000000000000,+0000.0077358672096945,+0000.0019339668024236
+0000.9880882412808303,+0000.0000000000000000,+0000.0000000000000000,+0000.0095294069753359,+0000.0023823517438340
+0000.9856218824777869,+0000.0000000000000000,+0000.0000000000000000,+0000.0115024940177703,+0000.0028756235044426
+0000.9829344791245422,+0000.0000000000000000,+0000.0000000000000000,+0000.0136524167003662,+0000.0034131041750915
+0000.9800296997677180,+0000.0000000000000000,+0000.0000000000000000,+0000.0159762401858258,+0000.0039940600464565
+0000.9769114796142074,+0000.0000000000000000,+0000.0000000000000000,+0000.0184708163086340,+0000.0046177040771585
+0000.9735840074556802,+0000.0000000000000000,+0000.0000000000000000,+0000.0211327940354558,+0000.0052831985088640
+0000.9700517119371375,+0000.0000000000000000,+0000.0000000000000000,+0000.0239586304502900,+0000.0059896576125725
+0000.9663192472509210,+0000.0000000000000000,+0000.0000000000000000,+0000.0269446021992632,+0000.0067361505498158
+0000.9623914783392185,+0000.0000000000000000,+0000.0000000000000000,+0000.0300868173286251,+0000.0075217043321563
+0000.9582734656890366,+0000.0000000000000000,+0000.0000000000000000,+0000.0333812274487706,+0000.0083453068621927
+0000.9539704498037955,+0000.0000000000000000,+0000.0000000000000000,+0000.0368236401569637,+0000.0092059100392409
+0000.9494878354351938,+0000.0000000000000000,+0000.0000000000000000,+0000.0404097316518448,+0000.0101024329129612
+0000.9448311756578208,+0000.0000000000000000,+0000.0000000000000000,+0000.0441350594737433,+0000.0110337648684358
+0000.9400061558671661,+0000.0000000000000000,+0000.0000000000000000,+0000.0479950753062671,+0000.0119987688265668
+0000.9350185777793140,+0000.0000000000000000,+0000.0000000000000000,+0000.0519851377765488,+0000.0129962844441372
+0000.9298743435076564,+0000.0000000000000000,+0000.0000000000000000,+0000.0561005251938747,+0000.0140251312984687
+0000.9245794397885704,+0000.0000000000000000,+0000.0000000000000000,+0000.0603364481691437,+0000.0150841120422859
+0000.9191399224241629,+0000.0000000000000000,+0000.0000000000000000,+0000.0646880620606698,+0000.0161720155151674
+0000.9135619010060053,+0000.0000000000000000,+0000.0000000000000000,+0000.0691504791951958,+0000.0172876197987989
+0000.9078515239792705,+0000.0000000000000000,+0000.0000000000000000,+0000.0737187808165838,+0000.0184296952041459
+0000.9020149641019497,+0000.0000000000000000,+0000.0000000000000000,+0000.0783880287184403,+0000.0195970071796101
+0000.8960584043489063,+0000.0000000000000000,+0000.0000000000000000,+0000.0831532765208750,+0000.0207883191302187
+0000.8899880243054643,+0000.0000000000000000,+0000.0000000000000000,+0000.0880095805556285,+0000.0220023951389071
+0000.8838099870901210,+0000.0000000000000000,+0000.0000000000000000,+0000.0929520103279033,+0000.0232380025819758
+0000.8775304268408285,+0000.0000000000000000,+0000.0000000000000000,+0000.0979756585273372,+0000.0244939146318343
+0000.8711554367941967,+0000.0000000000000000,+0000.0000000000000000,+0000.1030756505646429,+0000.0257689126411607
+0000.8646910579819318,+0000.0000000000000000,+0000.0000000000000000,+0000.1082471536144544,+0000.0270617884036136
+0000.8581432685639465,+0000.0000000000000000,+0000.0000000000000000,+0000.1134853851488428,+0000.0283713462872107
+0000.8515179738127985,+0000.0000000000000000,+0000.0000000000000000,+0000.1187856209497612,+0000.0296964052374403
+0000.8448209967596003,+0000.0000000000000000,+0000.0000000000000000,+0000.1241432025923198,+0000.0310358006480799
+0000.8380580695071740,+0000.0000000000000000,+0000.0000000000000000,+0000.1295535443942607,+0000.0323883860985652
+0000.8312348252121514,+0000.0000000000000000,+0000.0000000000000000,+0000.1350121398302788,+0000.0337530349575697
+0000.8243567907338791,+0000.0000000000000000,+0000.0000000000000000,+0000.1405145674128966,+0000.0351286418532241
+0000.8174293799444383,+0000.0000000000000000,+0000.0000000000000000,+0000.1460564960444494,+0000.0365141240111123
+0000.8104578876908103,+0000.0000000000000000,+0000.0000000000000000,+0000.1516336898473520,+0000.0379084224618380
+0000.8034474843972512,+0000.0000000000000000,+0000.0000000000000000,+0000.1572420124821993,+0000.0393105031205498
+0000.7964032112932499,+0000.0000000000000000,+0000.0000000000000000,+0000.1628774309654002,+0000.0407193577413500
+0000.7893299762500574,+0000.0000000000000000,+0000.0000000000000000,+0000.1685360189999539,+0000.0421340047499884
+0000.7822325502066844,+0000.0000000000000000,+0000.0000000000000000,+0000.1742139598346525,+0000.0435534899586631
+0000.7751155641644452,+0000.0000000000000000,+0000.0000000000000000,+0000.1799075486684441,+0000.0449768871671110
+0000.7679835067276034,+0000.0000000000000000,+0000.0000000000000000,+0000.1856131946179175,+0000.0464032986544793
+0000.7608407221663969,+0000.0000000000000000,+0000.0000000000000000,+0000.1913274222668827,+0000.0478318555667206
+0000.7536914089777083,+0000.0000000000000000,+0000.0000000000000000,+0000.1970468728178336,+0000.0492617182044583
+0000.7465396189178773,+0000.0000000000000000,+0000.0000000000000000,+0000.2027683048656982,+0000.0506920762164245
+0000.7393892564815991,+0000.0000000000000000,+0000.0000000000000000,+0000.2084885948147207,+0000.0521221487036801
+0000.7322440788005133,+0000.0000000000000000,+0000.0000000000000000,+0000.2142047369595893,+0000.0535511842398972
+0000.7251076959349481,+0000.0000000000000000,+0000.0000000000000000,+0000.2199138432520416,+0000.0549784608130103
+0000.7179835715323120,+0000.0000000000000000,+0000.0000000000000000,+0000.2256131427741506,+0000.0564032856935376
+0000.7108750238258252,+0000.0000000000000000,+0000.0000000000000000,+0000.2312999809393398,+0000.0578249952348349
+0000.7037852269476189,+0000.0000000000000000,+0000.0000000000000000,+0000.2369718184419048,+0000.0592429546104761
+0000.6967172125306964,+0000.0000000000000000,+0000.0000000000000000,+0000.2426262299754429,+0000.0606565574938606
+0000.6896738715748408,+0000.0000000000000000,+0000.0000000000000000,+0000.2482609027401274,+0000.0620652256850318
+0000.6826579565522271,+0000.0000000000000000,+0000.0000000000000000,+0000.2538736347582185,+0000.0634684086895545
+0000.6756720837292634,+0000.0000000000000000,+0000.0000000000000000,+0000.2594623330165893,+0000.0648655832541472
+0000.6687187356820239,+0000.0000000000000000,+0000.0000000000000000,+0000.2650250114543808,+0000.0662562528635951
+0000.6618002639835268,+0000.0000000000000000,+0000.0000000000000000,+0000.2705597888131788,+0000.0676399472032946
+0000.6549188920420509,+0000.0000000000000000,+0000.0000000000000000,+0000.2760648863663594,+0000.0690162215915898
+0000.6480767180706648,+0000.0000000000000000,+0000.0000000000000000,+0000.2815386255434682,+0000.0703846563858670
+0000.6412757181691293,+0000.0000000000000000,+0000.0000000000000000,+0000.2869794254646966,+0000.0717448563661741
+0000.6345177495003606,+0000.0000000000000000,+0000.0000000000000000,+0000.2923858003997114,+0000.0730964500999278
+0000.6278045535446578,+0000.0000000000000000,+0000.0000000000000000,+0000.2977563571642739,+0000.0744390892910684
+0000.6211377594159189,+0000.0000000000000000,+0000.0000000000000000,+0000.3030897924672651,+0000.0757724481168162
+0000.6145188872250844,+0000.0000000000000000,+0000.0000000000000000,+0000.3083848902199325,+0000.0770962225549831
+0000.6079493514770477,+0000.0000000000000000,+0000.0000000000000000,+0000.3136405188183620,+0000.0784101297045905
+0000.6014304644882494,+0000.0000000000000000,+0000.0000000000000000,+0000.3188556284094007,+0000.0797139071023501
+0000.5949634398131389,+0000.0000000000000000,+0000.0000000000000000,+0000.3240292481494890,+0000.0810073120373722
+0000.5885493956686074,+0000.0000000000000000,+0000.0000000000000000,+0000.3291604834651140,+0000.0822901208662785
+0000.5821893583464083,+0000.0000000000000000,+0000.0000000000000000,+0000.3342485133228732,+0000.0835621283307183
+0000.5758842656044402,+0000.0000000000000000,+0000.0000000000000000,+0000.3392925875164477,+0000.0848231468791119
+0000.5696349700286085,+0000.0000000000000000,+0000.0000000000000000,+0000.3442920239771129,+0000.0860730059942782
+0000.5634422423577776,+0000.0000000000000000,+0000.0000000000000000,+0000.3492462061137779,+0000.0873115515284444
+0000.5573067747650798,+0000.0000000000000000,+0000.0000000000000000,+0000.3541545801879362,+0000.0885386450469839
+0000.5512291840895797,+0000.0000000000000000,+0000.0000000000000000,+0000.3590166527283364,+0000.0897541631820840
+0000.5452100150129648,+0000.0000000000000000,+0000.0000000000000000,+0000.3638319879896283,+0000.0909579969974070
+0000.5392497431765868,+0000.0000000000000000,+0000.0000000000000000,+0000.3686002054587307,+0000.0921500513646826
+0000.5333487782347774,+0000.0000000000000000,+0000.0000000000000000,+0000.3733209774121784,+0000.0933302443530445
+0000.5275074668409356,+0000.0000000000000000,+0000.0000000000000000,+0000.3779940265272517,+0000.0944985066318128
+0000.5217260955634133,+0000.0000000000000000,+0000.0000000000000000,+0000.3826191235492695,+0000.0956547808873173
+0000.5160048937287174,+0000.0000000000000000,+0000.0000000000000000,+0000.3871960850170263,+0000.0967990212542565
+0000.5103440361900117,+0000.0000000000000000,+0000.0000000000000000,+0000.3917247710479910,+0000.0979311927619976
+0000.5047436460193236,+0000.0000000000000000,+0000.0000000000000000,+0000.3962050831845412,+0000.0990512707961352
+0000.4992037971222532,+0000.0000000000000000,+0000.0000000000000000,+0000.4006369623021975,+0000.1001592405755492
+0000.4937245167743420,+0000.0000000000000000,+0000.0000000000000000,+0000.4050203865805266,+0000.1012550966451315
+0000.4883057880785916,+0000.0000000000000000,+0000.0000000000000000,+0000.4093553695371266,+0000.1023388423842815
+0000.4829475523439240,+0000.0000000000000000,+0000.0000000000000000,+0000.4136419581248612,+0000.1034104895312151
+0000.4776497113846405,+0000.0000000000000000,+0000.0000000000000000,+0000.4178802308922878,+0000.1044700577230717
+0000.4724121297412016,+0000.0000000000000000,+0000.0000000000000000,+0000.4220702962070389,+0000.1055175740517595
+0000.4672346368228526,+0000.0000000000000000,+0000.0000000000000000,+0000.4262122905417181,+0000.1065530726354293
+0000.4621170289728374,+0000.0000000000000000,+0000.0000000000000000,+0000.4303063768217302,+0000.1075765942054324
+0000.4570590714571104,+0000.0000000000000000,+0000.0000000000000000,+0000.4343527428343116,+0000.1085881857085777
+0000.4520605003776205,+0000.0000000000000000,+0000.0000000000000000,+0000.4383515996979037,+0000.1095878999244757
+0000.4471210245113748,+0000.0000000000000000,+0000.0000000000000000,+0000.4423031803909004,+0000.1105757950977249
+0000.4422403270766186,+0000.0000000000000000,+0000.0000000000000000,+0000.4462077383387054,+0000.1115519345846761
+0000.4374180674275644,+0000.0000000000000000,+0000.0000000000000000,+0000.4500655460579486,+0000.1125163865144869
+0000.4326538826791987,+0000.0000000000000000,+0000.0000000000000000,+0000.4538768938566412,+0000.1134692234641601
+0000.4279473892637672,+0000.0000000000000000,+0000.0000000000000000,+0000.4576420885889863,+0000.1144105221472463
+0000.4232981844206050,+0000.0000000000000000,+0000.0000000000000000,+0000.4613614524635161,+0000.1153403631158788
+0000.4187058476210230,+0000.0000000000000000,+0000.0000000000000000,+0000.4650353219031819,+0000.1162588304757952
+0000.4141699419300101,+0000.0000000000000000,+0000.0000000000000000,+0000.4686640464559920,+0000.1171660116139977
+0000.4096900153065328,+0000.0000000000000000,+0000.0000000000000000,+0000.4722479877547742,+0000.1180619969386932
+0000.4052656018442354,+0000.0000000000000000,+0000.0000000000000000,+0000.4757875185246119,+0000.1189468796311527
+0000.4008962229543636,+0000.0000000000000000,+0000.0000000000000000,+0000.4792830216365093,+0000.1198207554091271
+0000.3965813884927282,+0000.0000000000000000,+0000.0000000000000000,+0000.4827348892058177,+0000.1206837223014541
+0000.3923205978325333,+0000.0000000000000000,+0000.0000000000000000,+0000.4861435217339736,+0000.1215358804334931
+0000.3881133408848796,+0000.0000000000000000,+0000.0000000000000000,+0000.4895093272920965,+0000.1223773318230239
+0000.3839590990687436,+0000.0000000000000000,+0000.0000000000000000,+0000.4928327207450054,+0000.1232081801862511
+0000.3798573462322140,+0000.0000000000000000,+0000.0000000000000000,+0000.4961141230142290,+0000.1240285307535571
+0000.3758075495267448,+0000.0000000000000000,+0000.0000000000000000,+0000.4993539603786042,+0000.1248384900946509
+0000.3718091702361603,+0000.0000000000000000,+0000.0000000000000000,+0000.5025526638110720,+0000.1256381659527678
+0000.3678616645621128,+0000.0000000000000000,+0000.0000000000000000,+0000.5057106683503099,+0000.1264276670875774
+0000.3639644843676730,+0000.0000000000000000,+0000.0000000000000000,+0000.5088284125058615,+0000.1272071031264653
+0000.3601170778806852,+0000.0000000000000000,+0000.0000000000000000,+0000.5119063376954518,+0000.1279765844238629
+0000.3563188903584939,+0000.0000000000000000,+0000.0000000000000000,+0000.5149448877132051,+0000.1287362219283013
+0000.3525693647156061,+0000.0000000000000000,+0000.0000000000000000,+0000.5179445082275151,+0000.1294861270568787
+0000.3488679421158170,+0000.0000000000000000,+0000.0000000000000000,+0000.5209056463073465,+0000.1302264115768366
+0000.3452140625302800,+0000.0000000000000000,+0000.0000000000000000,+0000.5238287499757759,+0000.1309571874939439
+0000.3416071652629728,+0000.0000000000000000,+0000.0000000000000000,+0000.5267142677896217,+0000.1316785669474054
+0000.3380466894449571,+0000.0000000000000000,+0000.0000000000000000,+0000.5295626484440343,+0000.1323906621110086
+0000.3345320744987970,+0000.0000000000000000,+0000.0000000000000000,+0000.5323743404009624,+0000.1330935851002406
+0000.3310627605744538,+0000.0000000000000000,+0000.0000000000000000,+0000.5351497915404368,+0000.1337874478851092
+0000.3276381889579364,+0000.0000000000000000,+0000.0000000000000000,+0000.5378894488336510,+0000.1344723622084126
+0000.3242578024539391,+0000.0000000000000000,+0000.0000000000000000,+0000.5405937580368487,+0000.1351484395092121
+0000.3209210457436654,+0000.0000000000000000,+0000.0000000000000000,+0000.5432631634050680,+0000.1358157908512669
+0000.3176273657189863,+0000.0000000000000000,+0000.0000000000000000,+0000.5458981074248109,+0000.1364745268562026
+0000.3143762117940486,+0000.0000000000000000,+0000.0000000000000000,+0000.5484990305647613,+0000.1371247576411902
+0000.3111670361953989,+0000.0000000000000000,+0000.0000000000000000,+0000.5510663710436812,+0000.1377665927609201
+0000.3079992942316640,+0000.0000000000000000,+0000.0000000000000000,+0000.5536005646146690,+0000.1384001411536671
+0000.3048724445437727,+0000.0000000000000000,+0000.0000000000000000,+0000.5561020443649820,+0000.1390255110912453
+0000.3017859493366795,+0000.0000000000000000,+0000.0000000000000000,+0000.5585712405306567,+0000.1396428101326640
+0000.2987392745935052,+0000.0000000000000000,+0000.0000000000000000,+0000.5610085803251958,+0000.1402521450812987
+0000.2957318902729811,+0000.0000000000000000,+0000.0000000000000000,+0000.5634144877816156,+0000.1408536219454036
+0000.2927632704910348,+0000.0000000000000000,+0000.0000000000000000,+0000.5657893836071722,+0000.1414473459017928
+0000.2898328936873411,+0000.0000000000000000,+0000.0000000000000000,+0000.5681336850501275,+0000.1420334212625316
+0000.2869402427776044,+0000.0000000000000000,+0000.0000000000000000,+0000.5704478057779165,+0000.1426119514444789
+0000.2840848052923299,+0000.0000000000000000,+0000.0000000000000000,+0000.5727321557661362,+0000.1431830389415338
+0000.2812660735027882,+0000.0000000000000000,+0000.0000000000000000,+0000.5749871411977696,+0000.1437467852994421
+0000.2784835445348653,+0000.0000000000000000,+0000.0000000000000000,+0000.5772131643721079,+0000.1443032910930266
+0000.2757367204714471,+0000.0000000000000000,+0000.0000000000000000,+0000.5794106236228427,+0000.1448526559057103
+0000.2730251084439661,+0000.0000000000000000,+0000.0000000000000000,+0000.5815799132448277,+0000.1453949783112065
+0000.2703482207137078,+0000.0000000000000000,+0000.0000000000000000,+0000.5837214234290340,+0000.1459303558572581
+0000.2677055747434491,+0000.0000000000000000,+0000.0000000000000000,+0000.5858355402052410,+0000.1464588850513098
+0000.2650966932599715,+0000.0000000000000000,+0000.0000000000000000,+0000.5879226453920228,+0000.1469806613480053
+0000.2625211043079735,+0000.0000000000000000,+0000.0000000000000000,+0000.5899831165536217,+0000.1474957791384050
+0000.2599783412958753,+0000.0000000000000000,+0000.0000000000000000,+0000.5920173269633000,+0000.1480043317408246
+0000.2574679430339922,+0000.0000000000000000,+0000.0000000000000000,+0000.5940256455728067,+0000.1485064113932013
+0000.2549894537655261,+0000.0000000000000000,+0000.0000000000000000,+0000.5960084369875793,+0000.1490021092468944
+0000.2525424231908067,+0000.0000000000000000,+0000.0000000000000000,+0000.5979660614473551,+0000.1494915153618384
+0000.2501264064851911,+0000.0000000000000000,+0000.0000000000000000,+0000.5998988748118474,+0000.1499747187029615
+0000.2477409643110123,+0000.0000000000000000,+0000.0000000000000000,+0000.6018072285511906,+0000.1504518071377973
+0000.2453856628239479,+0000.0000000000000000,+0000.0000000000000000,+0000.6036914697408420,+0000.1509228674352102
+0000.2430600736741615,+0000.0000000000000000,+0000.0000000000000000,+0000.6055519410606712,+0000.1513879852651675
+0000.2407637740025522,+0000.0000000000000000,+0000.0000000000000000,+0000.6073889807979584,+0000.1518472451994893
+0000.2384963464324332,+0000.0000000000000000,+0000.0000000000000000,+0000.6092029228540539,+0000.1523007307135131
+0000.2362573790569387,+0000.0000000000000000,+0000.0000000000000000,+0000.6109940967544493,+0000.1527485241886119
+0000.2340464654224521,+0000.0000000000000000,+0000.0000000000000000,+0000.6127628276620387,+0000.1531907069155093
+0000.2318632045083233,+0000.0000000000000000,+0000.0000000000000000,+0000.6145094363933415,+0000.1536273590983350
+0000.2297072007031394,+0000.0000000000000000,+0000.0000000000000000,+0000.6162342394374887,+0000.1540585598593718
+0000.2275780637777907,+0000.0000000000000000,+0000.0000000000000000,+0000.6179375489777676,+0000.1544843872444415
+0000.2254754088555675,+0000.0000000000000000,+0000.0000000000000000,+0000.6196196729155462,+0000.1549049182288861
+0000.2233988563795080,+0000.0000000000000000,+0000.0000000000000000,+0000.6212809148963940,+0000.1553202287240981
+0000.2213480320772066,+0000.0000000000000000,+0000.0000000000000000,+0000.6229215743382350,+0000.1557303935845584
+0000.2193225669232808,+0000.0000000000000000,+0000.0000000000000000,+0000.6245419464613757,+0000.1561354866153435
+0000.2173220970996843,+0000.0000000000000000,+0000.0000000000000000,+0000.6261423223202528,+0000.1565355805800628
+0000.2153462639540443,+0000.0000000000000000,+0000.0000000000000000,+0000.6277229888367650,+0000.1569307472091909
+0000.2133947139561900,+0000.0000000000000000,+0000.0000000000000000,+0000.6292842288350484,+0000.1573210572087618
+0000.2114670986530313,+0000.0000000000000000,+0000.0000000000000000,+0000.6308263210775752,+0000.1577065802693935
+0000.2095630746219380,+0000.0000000000000000,+0000.0000000000000000,+0000.6323495403024499,+0000.1580873850756122
+0000.2076823034227604,+0000.0000000000000000,+0000.0000000000000000,+0000.6338541572617917,+0000.1584635393154477
+0000.2058244515486255,+0000.0000000000000000,+0000.0000000000000000,+0000.6353404387610998,+0000.1588351096902747
+0000.2039891903756338,+0000.0000000000000000,+0000.0000000000000000,+0000.6368086476994933,+0000.1592021619248731
+0000.2021761961115766,+0000.0000000000000000,+0000.0000000000000000,+0000.6382590431107390,+0000.1595647607776845
+0000.2003851497437852,+0000.0000000000000000,+0000.0000000000000000,+0000.6396918802049721,+0000.1599229700512428
+0000.1986157369862176,+0000.0000000000000000,+0000.0000000000000000,+0000.6411074104110260,+0000.1602768526027563
+0000.1968676482258812,+0000.0000000000000000,+0000.0000000000000000,+0000.6425058814192952,+0000.1606264703548235
+0000.1951405784686855,+0000.0000000000000000,+0000.0000000000000000,+0000.6438875372250517,+0000.1609718843062626
+0000.1934342272848133,+0000.0000000000000000,+0000.0000000000000000,+0000.6452526181721495,+0000.1613131545430371
+0000.1917482987536900,+0000.0000000000000000,+0000.0000000000000000,+0000.6466013609970481,+0000.1616503402492617
+0000.1900825014086321,+0000.0000000000000000,+0000.0000000000000000,+0000.6479339988730946,+0000.1619834997182734
+0000.1884365481812433,+0000.0000000000000000,+0000.0000000000000000,+0000.6492507614550054,+0000.1623126903637511
+0000.1868101563456307,+0000.0000000000000000,+0000.0000000000000000,+0000.6505518749234955,+0000.1626379687308737
+0000.1852030474624998,+0000.0000000000000000,+0000.0000000000000000,+0000.6518375620300004,+0000.1629593905074999
+0000.1836149473231920,+0000.0000000000000000,+0000.0000000000000000,+0000.6531080421414466,+0000.1632770105353614
+0000.1820455858937177,+0000.0000000000000000,+0000.0000000000000000,+0000.6543635312850262,+0000.1635908828212563
+0000.1804946972588382,+0000.0000000000000000,+0000.0000000000000000,+0000.6556042421929295,+0000.1639010605482322
+0000.1789620195662435,+0000.0000000000000000,+0000.0000000000000000,+0000.6568303843470052,+0000.1642075960867511
+0000.1774472949708731,+0000.0000000000000000,+0000.0000000000000000,+0000.6580421640233017,+0000.1645105410058253
+0000.1759502695794195,+0000.0000000000000000,+0000.0000000000000000,+0000.6592397843364646,+0000.1648099460841160
+0000.1744706933950558,+0000.0000000000000000,+0000.0000000000000000,+0000.6604234452839554,+0000.1651058613209886
+0000.1730083202624208,+0000.0000000000000000,+0000.0000000000000000,+0000.6615933437900635,+0000.1653983359475156
+0000.1715629078128981,+0000.0000000000000000,+0000.0000000000000000,+0000.6627496737496820,+0000.1656874184374202
+0000.1701342174102176,+0000.0000000000000000,+0000.0000000000000000,+0000.6638926260718264,+0000.1659731565179563
+0000.1687220140964100,+0000.0000000000000000,+0000.0000000000000000,+0000.6650223887228720,+0000.1662555971807178
+0000.1673260665381396,+0000.0000000000000000,+0000.0000000000000000,+0000.6661391467694882,+0000.1665347866923718
+0000.1659461469734397,+0000.0000000000000000,+0000.0000000000000000,+0000.6672430824212483,+0000.1668107706053119
+0000.1645820311588728,+0000.0000000000000000,+0000.0000000000000000,+0000.6683343750729019,+0000.1670835937682253
+0000.1632334983171373,+0000.0000000000000000,+0000.0000000000000000,+0000.6694132013462906,+0000.1673533003365724
+0000.1619003310851368,+0000.0000000000000000,+0000.0000000000000000,+0000.6704797351318906,+0000.1676199337829724
+0000.1605823154625315,+0000.0000000000000000,+0000.0000000000000000,+0000.6715341476299751,+0000.1678835369074935
+0000.1592792407607838,+0000.0000000000000000,+0000.0000000000000000,+0000.6725766073913731,+0000.1681441518478430
+0000.1579908995527164,+0000.0000000000000000,+0000.0000000000000000,+0000.6736072803578272,+0000.1684018200894566
+0000.1567170876225898,+0000.0000000000000000,+0000.0000000000000000,+0000.6746263299019286,+0000.1686565824754818
+0000.1554576039167156,+0000.0000000000000000,+0000.0000000000000000,+0000.6756339168666279,+0000.1689084792166567
+0000.1542122504946106,+0000.0000000000000000,+0000.0000000000000000,+0000.6766301996043118,+0000.1691575499010776
+0000.1529808324807045,+0000.0000000000000000,+0000.0000000000000000,+0000.6776153340154367,+0000.1694038335038588
+0000.1517631580166049,+0000.0000000000000000,+0000.0000000000000000,+0000.6785894735867165,+0000.1696473683966788
+0000.1505590382139292,+0000.0000000000000000,+0000.0000000000000000,+0000.6795527694288570,+0000.1698881923572139
+0000.1493682871077071,+0000.0000000000000000,+0000.0000000000000000,+0000.6805053703138348,+0000.1701263425784582
+0000.1481907216103585,+0000.0000000000000000,+0000.0000000000000000,+0000.6814474227117135,+0000.1703618556779279
+0000.1470261614662512,+0000.0000000000000000,+0000.0000000000000000,+0000.6823790708269991,+0000.1705947677067494
+0000.1458744292068405,+0000.0000000000000000,+0000.0000000000000000,+0000.6833004566345280,+0000.1708251141586316
+0000.1447353501063927,+0000.0000000000000000,+0000.0000000000000000,+0000.6842117199148862,+0000.1710529299787211
+0000.1436087521382957,+0000.0000000000000000,+0000.0000000000000000,+0000.6851129982893639,+0000.1712782495723405
+0000.1424944659319549,+0000.0000000000000000,+0000.0000000000000000,+0000.6860044272544363,+0000.1715011068136085
+0000.1413923247302767,+0000.0000000000000000,+0000.0000000000000000,+0000.6868861402157791,+0000.1717215350539442
+0000.1403021643477374,+0000.0000000000000000,+0000.0000000000000000,+0000.6877582685218103,+0000.1719395671304520
+0000.1392238231290390,+0000.0000000000000000,+0000.0000000000000000,+0000.6886209414967691,+0000.1721552353741918
+0000.1381571419083475,+0000.0000000000000000,+0000.0000000000000000,+0000.6894742864733223,+0000.1723685716183301
+0000.1371019639691139,+0000.0000000000000000,+0000.0000000000000000,+0000.6903184288247091,+0000.1725796072061768
+0000.1360581350044758,+0000.0000000000000000,+0000.0000000000000000,+0000.6911534919964198,+0000.1727883729991045
+0000.1350255030782340,+0000.0000000000000000,+0000.0000000000000000,+0000.6919795975374131,+0000.1729948993843528
+0000.1340039185864049,+0000.0000000000000000,+0000.0000000000000000,+0000.6927968651308765,+0000.1731992162827186
+0000.1329932342193431,+0000.0000000000000000,+0000.0000000000000000,+0000.6936054126245259,+0000.1734013531561309
+0000.1319933049244296,+0000.0000000000000000,+0000.0000000000000000,+0000.6944053560604569,+0000.1736013390151137
+0000.1310039878693243,+0000.0000000000000000,+0000.0000000000000000,+0000.6951968097045410,+0000.1737992024261347
+0000.1300251424057758,+0000.0000000000000000,+0000.0000000000000000,+0000.6959798860753798,+0000.1739949715188444
+0000.1290566300339859,+0000.0000000000000000,+0000.0000000000000000,+0000.6967546959728118,+0000.1741886739932023
+0000.1280983143675223,+0000.0000000000000000,+0000.0000000000000000,+0000.6975213485059826,+0000.1743803371264950
+0000.1271500610987765,+0000.0000000000000000,+0000.0000000000000000,+0000.6982799511209794,+0000.1745699877802442
+0000.1262117379649598,+0000.0000000000000000,+0000.0000000000000000,+0000.6990306096280327,+0000.1747576524070075
+0000.1252832147146339,+0000.0000000000000000,+0000.0000000000000000,+0000.6997734282282935,+0000.1749433570570727
+0000.1243643630747689,+0000.0000000000000000,+0000.0000000000000000,+0000.7005085095401855,+0000.1751271273850458
+0000.1234550567183245,+0000.0000000000000000,+0000.0000000000000000,+0000.7012359546253408,+0000.1753089886563346
+0000.1225551712323477,+0000.0000000000000000,+0000.0000000000000000,+0000.7019558630141225,+0000.1754889657535299
+0000.1216645840865820,+0000.0000000000000000,+0000.0000000000000000,+0000.7026683327307348,+0000.1756670831826829
+0000.1207831746025818,+0000.0000000000000000,+0000.0000000000000000,+0000.7033734603179351,+0000.1758433650794831
+0000.1199108239233252,+0000.0000000000000000,+0000.0000000000000000,+0000.7040713408613406,+0000.1760178352153344
+0000.1190474149833211,+0000.0000000000000000,+0000.0000000000000000,+0000.7047620680133437,+0000.1761905170033352
+0000.1181928324792020,+0000.0000000000000000,+0000.0000000000000000,+0000.7054457340166388,+0000.1763614335041590
+0000.1173469628407992,+0000.0000000000000000,+0000.0000000000000000,+0000.7061224297273612,+0000.1765306074318395
+0000.1165096942026909,+0000.0000000000000000,+0000.0000000000000000,+0000.7067922446378477,+0000.1766980611594612
+0000.1156809163762200,+0000.0000000000000000,+0000.0000000000000000,+0000.7074552668990245,+0000.1768638167247555
+0000.1148605208219730,+0000.0000000000000000,+0000.0000000000000000,+0000.7081115833424224,+0000.1770278958356049
+0000.1140484006227153,+0000.0000000000000000,+0000.0000000000000000,+0000.7087612795018282,+0000.1771903198754564
+0000.1132444504567763,+0000.0000000000000000,+0000.0000000000000000,+0000.7094044396345797,+0000.1773511099086443
+0000.1124485665718769,+0000.0000000000000000,+0000.0000000000000000,+0000.7100411467424992,+0000.1775102866856241
+0000.1116606467593944,+0000.0000000000000000,+0000.0000000000000000,+0000.7106714825924850,+0000.1776678706481205
+0000.1108805903290583,+0000.0000000000000000,+0000.0000000000000000,+0000.7112955277367541,+0000.1778238819341878
+0000.1101082980840701,+0000.0000000000000000,+0000.0000000000000000,+0000.7119133615327445,+0000.1779783403831854
+0000.1093436722966416,+0000.0000000000000000,+0000.0000000000000000,+0000.7125250621626873,+0000.1781312655406711
+0000.1085866166839452,+0000.0000000000000000,+0000.0000000000000000,+0000.7131307066528446,+0000.1782826766632104
+0000.1078370363844695,+0000.0000000000000000,+0000.0000000000000000,+0000.7137303708924252,+0000.1784325927231055
+0000.1070948379347756,+0000.0000000000000000,+0000.0000000000000000,+0000.7143241296521802,+0000.1785810324130443
+0000.1063599292466458,+0000.0000000000000000,+0000.0000000000000000,+0000.7149120566026839,+0000.1787280141506704
+0000.1056322195846207,+0000.0000000000000000,+0000.0000000000000000,+0000.7154942243323040,+0000.1788735560830754
+0000.1049116195439172,+0000.0000000000000000,+0000.0000000000000000,+0000.7160707043648669,+0000.1790176760912161
+0000.1041980410287228,+0000.0000000000000000,+0000.0000000000000000,+0000.7166415671770225,+0000.1791603917942549
+0000.1034913972308582,+0000.0000000000000000,+0000.0000000000000000,+0000.7172068822153139,+0000.1793017205538278
+0000.1027916026088052,+0000.0000000000000000,+0000.0000000000000000,+0000.7177667179129565,+0000.1794416794782384
+0000.1020985728670913,+0000.0000000000000000,+0000.0000000000000000,+0000.7183211417063275,+0000.1795802854265812
+0000.1014122249360271,+0000.0000000000000000,+0000.0000000000000000,+0000.7188702200511788,+0000.1797175550127940
+0000.1007324769517901,+0000.0000000000000000,+0000.0000000000000000,+0000.7194140184385682,+0000.1798535046096414
+0000.1000592482368491,+0000.0000000000000000,+0000.0000000000000000,+0000.7199526014105211,+0000.1799881503526297
+0000.0993924592807243,+0000.0000000000000000,+0000.0000000000000000,+0000.7204860325754208,+0000.1801215081438546
+0000.0987320317210767,+0000.0000000000000000,+0000.0000000000000000,+0000.7210143746231392,+0000.1802535936557842
+0000.0980778883251220,+0000.0000000000000000,+0000.0000000000000000,+0000.7215376893399028,+0000.1803844223349751
+0000.0974299529713637,+0000.0000000000000000,+0000.0000000000000000,+0000.7220560376229094,+0000.1805140094057268
+0000.0967881506316394,+0000.0000000000000000,+0000.0000000000000000,+0000.7225694794946889,+0000.1806423698736717
+0000.0961524073534757,+0000.0000000000000000,+0000.0000000000000000,+0000.7230780741172199,+0000.1807695185293045
+0000.0955226502427461,+0000.0000000000000000,+0000.0000000000000000,+0000.7235818798058035,+0000.1808954699514504
+0000.0948988074466273,+0000.0000000000000000,+0000.0000000000000000,+0000.7240809540426985,+0000.1810202385106741
+0000.0942808081368481,+0000.0000000000000000,+0000.0000000000000000,+0000.7245753534905220,+0000.1811438383726300
+0000.0936685824932268,+0000.0000000000000000,+0000.0000000000000000,+0000.7250651340054191,+0000.1812662835013543
+0000.0930620616874911,+0000.0000000000000000,+0000.0000000000000000,+0000.7255503506500075,+0000.1813875876625014
+0000.0924611778673771,+0000.0000000000000000,+0000.0000000000000000,+0000.7260310577060985,+0000.1815077644265242
+0000.0918658641410013,+0000.0000000000000000,+0000.0000000000000000,+0000.7265073086871995,+0000.1816268271717994
+0000.0912760545615008,+0000.0000000000000000,+0000.0000000000000000,+0000.7269791563507998,+0000.1817447890876995
+0000.0906916841119395,+0000.0000000000000000,+0000.0000000000000000,+0000.7274466527104488,+0000.1818616631776117
+0000.0901126886904719,+0000.0000000000000000,+0000.0000000000000000,+0000.7279098490476230,+0000.1819774622619054
+0000.0895390050957631,+0000.0000000000000000,+0000.0000000000000000,+0000.7283687959233900,+0000.1820921989808472
+0000.0889705710126593,+0000.0000000000000000,+0000.0000000000000000,+0000.7288235431898731,+0000.1822058857974679
+0000.0884073249981044,+0000.0000000000000000,+0000.0000000000000000,+0000.7292741400015166,+0000.1823185350003789
+0000.0878492064672990,+0000.0000000000000000,+0000.0000000000000000,+0000.7297206348261610,+0000.1824301587065399
+0000.0872961556800965,+0000.0000000000000000,+0000.0000000000000000,+0000.7301630754559232,+0000.1825407688639805
+0000.0867481137276333,+0000.0000000000000000,+0000.0000000000000000,+0000.7306015090178933,+0000.1826503772544731
+0000.0862050225191889,+0000.0000000000000000,+0000.0000000000000000,+0000.7310359819846490,+0000.1827589954961620
+0000.0856668247692702,+0000.0000000000000000,+0000.0000000000000000,+0000.7314665401845843,+0000.1828666350461458
+0000.0851334639849187,+0000.0000000000000000,+0000.0000000000000000,+0000.7318932288120654,+0000.1829733072030160
+0000.0846048844532348,+0000.0000000000000000,+0000.0000000000000000,+0000.7323160924374122,+0000.1830790231093528
+0000.0840810312291151,+0000.0000000000000000,+0000.0000000000000000,+0000.7327351750167082,+0000.1831837937541767
+0000.0835618501232010,+0000.0000000000000000,+0000.0000000000000000,+0000.7331505199014394,+0000.1832876299753596
+0000.0830472876900326,+0000.0000000000000000,+0000.0000000000000000,+0000.7335621698479740,+0000.1833905424619932
+0000.0825372912164054,+0000.0000000000000000,+0000.0000000000000000,+0000.7339701670268756,+0000.1834925417567186
+0000.0820318087099267,+0000.0000000000000000,+0000.0000000000000000,+0000.7343745530320587,+0000.1835936382580144
+0000.0815307888877662,+0000.0000000000000000,+0000.0000000000000000,+0000.7347753688897872,+0000.1836938422224466
+0000.0810341811655999,+0000.0000000000000000,+0000.0000000000000000,+0000.7351726550675202,+0000.1837931637668798
+0000.0805419356467418,+0000.0000000000000000,+0000.0000000000000000,+0000.7355664514826068,+0000.1838916128706515
+0000.0800540031114611,+0000.0000000000000000,+0000.0000000000000000,+0000.7359567975108312,+0000.1839891993777076
+0000.0795703350064814,+0000.0000000000000000,+0000.0000000000000000,+0000.7363437319948151,+0000.1840859329987035
+0000.0790908834346584,+0000.0000000000000000,+0000.0000000000000000,+0000.7367272932522734,+0000.1841818233130681
+0000.0786156011448335,+0000.0000000000000000,+0000.0000000000000000,+0000.7371075190841336,+0000.1842768797710331
+0000.0781444415218592,+0000.0000000000000000,+0000.0000000000000000,+0000.7374844467825129,+0000.1843711116956279
+0000.0776773585767943,+0000.0000000000000000,+0000.0000000000000000,+0000.7378581131385648,+0000.1844645282846409
+0000.0772143069372654,+0000.0000000000000000,+0000.0000000000000000,+0000.7382285544501879,+0000.1845571386125466
+0000.0767552418379911,+0000.0000000000000000,+0000.0000000000000000,+0000.7385958065296075,+0000.1846489516324016
+0000.0763001191114675,+0000.0000000000000000,+0000.0000000000000000,+0000.7389599047108262,+0000.1847399761777063
+0000.0758488951788106,+0000.0000000000000000,+0000.0000000000000000,+0000.7393208838569516,+0000.1848302209642377
+0000.0754015270407535,+0000.0000000000000000,+0000.0000000000000000,+0000.7396787783673975,+0000.1849196945918492
+0000.0749579722687956,+0000.0000000000000000,+0000.0000000000000000,+0000.7400336221849637,+0000.1850084055462407
+0000.0745181889965014,+0000.0000000000000000,+0000.0000000000000000,+0000.7403854488027990,+0000.1850963622006995
+0000.0740821359109453,+0000.0000000000000000,+0000.0000000000000000,+0000.7407342912712438,+0000.1851835728178108
+0000.0736497722443006,+0000.0000000000000000,+0000.0000000000000000,+0000.7410801822045596,+0000.1852700455511399
+0000.0732210577655698,+0000.0000000000000000,+0000.0000000000000000,+0000.7414231537875440,+0000.1853557884468860
+0000.0727959527724543,+0000.0000000000000000,+0000.0000000000000000,+0000.7417632377820368,+0000.1854408094455091
+0000.0723744180833592,+0000.0000000000000000,+0000.0000000000000000,+0000.7421004655333129,+0000.1855251163833281
+0000.0719564150295336,+0000.0000000000000000,+0000.0000000000000000,+0000.7424348679763734,+0000.1856087169940932
+0000.0715419054473411,+0000.0000000000000000,+0000.0000000000000000,+0000.7427664756421272,+0000.1856916189105317
+0000.0711308516706602,+0000.0000000000000000,+0000.0000000000000000,+0000.7430953186634719,+0000.1857738296658679
+0000.0707232165234119,+0000.0000000000000000,+0000.0000000000000000,+0000.7434214267812703,+0000.1858553566953175
+0000.0703189633122105,+0000.0000000000000000,+0000.0000000000000000,+0000.7437448293502316,+0000.1859362073375579
+0000.0699180558191384,+0000.0000000000000000,+0000.0000000000000000,+0000.7440655553446892,+0000.1860163888361723
+0000.0695204582946405,+0000.0000000000000000,+0000.0000000000000000,+0000.7443836333642875,+0000.1860959083410718
+0000.0691261354505363,+0000.0000000000000000,+0000.0000000000000000,+0000.7446990916395709,+0000.1861747729098928
+0000.0687350524531480,+0000.0000000000000000,+0000.0000000000000000,+0000.7450119580374815,+0000.1862529895093703
+0000.0683471749165437,+0000.0000000000000000,+0000.0000000000000000,+0000.7453222600667652,+0000.1863305650166912
+0000.0679624688958906,+0000.0000000000000000,+0000.0000000000000000,+0000.7456300248832878,+0000.1864075062208218
+0000.0675809008809195,+0000.0000000000000000,+0000.0000000000000000,+0000.7459352792952647,+0000.1864838198238160
+0000.0672024377894964,+0000.0000000000000000,+0000.0000000000000000,+0000.7462380497684031,+0000.1865595124421006
+0000.0668270469613006,+0000.0000000000000000,+0000.0000000000000000,+0000.7465383624309596,+0000.1866345906077398
+0000.0664546961516071,+0000.0000000000000000,+0000.0000000000000000,+0000.7468362430787143,+0000.1867090607696784
+0000.0660853535251700,+0000.0000000000000000,+0000.0000000000000000,+0000.7471317171798640,+0000.1867829292949658
+0000.0657189876502083,+0000.0000000000000000,+0000.0000000000000000,+0000.7474248098798336,+0000.1868562024699582
+0000.0653555674924884,+0000.0000000000000000,+0000.0000000000000000,+0000.7477155460060096,+0000.1869288865015022
+0000.0649950624095051,+0000.0000000000000000,+0000.0000000000000000,+0000.7480039500723958,+0000.1870009875180988
+0000.0646374421447571,+0000.0000000000000000,+0000.0000000000000000,+0000.7482900462841945,+0000.1870725115710484
+0000.0642826768221157,+0000.0000000000000000,+0000.0000000000000000,+0000.7485738585423075,+0000.1871434646355767
+0000.0639307369402861,+0000.0000000000000000,+0000.0000000000000000,+0000.7488554104477714,+0000.1872138526119426
+0000.0635815933673585,+0000.0000000000000000,+0000.0000000000000000,+0000.7491347253061134,+0000.1872836813265280
