+0000.0000000000000000,+0001.0000000000000000,+0000.0000000000000000,+0000.0000000000000000,+0000.0000000000000000
+0000.0000965724986943,+0000.9999024254535126,+0000.0000000001425447,+0000.0000010019052340,+0000.0000000000000145
+0000.0003866357194740,+0000.9996093509692121,+0000.0000000022726066,+0000.0000040110383448,+0000.0000000000003627
+0000.0008706470967570,+0000.9991203095246487,+0000.0000000114497638,+0000.0000090319259958,+0000.0000000000028348
+0000.0015489816810111,+0000.9984349140184930,+0000.0000000360008900,+0000.0000160682866320,+0000.0000000000129739
+0000.0024219311071714,+0000.9975528584020434,+0000.0000000874277770,+0000.0000251230195510,+0000.0000000000434570
+0000.0034897025977240,+0000.9964739187746063,+0000.0000001803148147,+0000.0000361981943066,+0000.0000000001185480
+0000.0047524180026700,+0000.9951979544405694,+0000.0000003322367033,+0000.0000492950404664,+0000.0000000002795909
+0000.0062101128785701,+0000.9937249089259873,+0000.0000005636661792,+0000.0000644139377480,+0000.0000000005915153
+0000.0078627356088585,+0000.9920548109525289,+0000.0000008978817361,+0000.0000815544065539,+0000.0000000011503227
+0000.0097101465675939,+0000.9901877753666269,+0000.0000013608753253,+0000.0001007150989289,+0000.0000000020915251
+0000.0117521173287964,+0000.9881240040217156,+0000.0000019812600242,+0000.0001218937899611,+0000.0000000035995026
+0000.0139883299234878,+0000.9858637866114507,+0000.0000027901776619,+0000.0001450873696477,+0000.0000000059177520
+0000.0164183761465257,+0000.9834075014518365,+0000.0000038212063954,+0000.0001702918352491,+0000.0000000093599933
+0000.0190417569152808,+0000.9807556162102341,+0000.0000051102682326,+0000.0001975022841493,+0000.0000000143221033
+0000.0218578816821709,+0000.9779086885792392,+0000.0000066955364994,+0000.0002267129072465,+0000.0000000212948440
+0000.0248660679030167,+0000.9748673668934845,+0000.0000086173432536,+0000.0002579169828907,+0000.0000000308773545
+0000.0280655405631345,+0000.9716323906874531,+0000.0000109180866491,+0000.0002911068713917,+0000.0000000437913719
+0000.0314554317630292,+0000.9682045911924486,+0000.0000136421382578,+0000.0003262740101132,+0000.0000000608961511
+0000.0350347803654875,+0000.9645848917709320,+0000.0000168357503587,+0000.0003634089091750,+0000.0000000832040470
+0000.0388025317058119,+0000.9607743082864748,+0000.0000205469632075,+0000.0004025011477778,+0000.0000001118967280
+0000.0427575373668636,+0000.9567739494076781,+0000.0000248255123016,+0000.0004435393711711,+0000.0000001483419855
+0000.0468985550205128,+0000.9525850168444430,+0000.0000297227356594,+0000.0004865112882796,+0000.0000001941111051
+0000.0512242483370163,+0000.9482088055150808,+0000.0000352914811348,+0000.0005314036700024,+0000.0000002509967657
+0000.0557331869637590,+0000.9436467036428173,+0000.0000415860137896,+0000.0005782023482036,+0000.0000003210314303
+0000.0604238465747144,+0000.9389001927803339,+0000.0000486619233527,+0000.0006268922154051,+0000.0000004065061940
+0000.0652946089918833,+0000.9339708477610741,+0000.0000565760317922,+0000.0006774572251970,+0000.0000005099900535
+0000.0703437623798820,+0000.9288603365761445,+0000.0000653863010343,+0000.0007298803933772,+0000.0000006343495619
+0000.0755695015147475,+0000.9235704201757260,+0000.0000751517408612,+0000.0007841437998323,+0000.0000007827688334
+0000.0809699281279302,+0000.9181029521940135,+0000.0000859323170266,+0000.0008402285911690,+0000.0000009587698608
+0000.0865430513263374,+0000.9124598785968201,+0000.0000977888596248,+0000.0008981149841071,+0000.0000011662331107
+0000.0922867880891813,+0000.9066432372510632,+0000.0001107829717571,+0000.0009577822696413,+0000.0000014094183572
+0000.0981989638422759,+0000.9006551574154871,+0000.0001249769385371,+0000.0010192088179790,+0000.0000016929857210
+0000.1042773131103113,+0000.8944978591520737,+0000.0001404336364800,+0000.0010823720842611,+0000.0000020220168740
+0000.1105194802475154,+0000.8881736526577171,+0000.0001572164433239,+0000.0011472486150694,+0000.0000024020363739
+0000.1169230202469963,+0000.8816849375158542,+0000.0001753891483313,+0000.0012138140557258,+0000.0000028390330923
+0000.1234853996289320,+0000.8750342018678632,+0000.0001950158631220,+0000.0012820431583843,+0000.0000033394816984
+0000.1302039974076563,+0000.8682240215041737,+0000.0002161609330884,+0000.0013519097909190,+0000.0000039103641626
+0000.1370761061375564,+0000.8612570588751463,+0000.0002388888494488,+0000.0014233869466052,+0000.0000045591912432
+0000.1440989330375779,+0000.8541360620219153,+0000.0002632641619918,+0000.0014964467545957,+0000.0000052940239192
+0000.1512696011939995,+0000.8468638634275106,+0000.0002893513925686,+0000.0015710604911876,+0000.0000061234947336
+0000.1585851508410133,+0000.8394433787887081,+0000.0003172149493913,+0000.0016471985918757,+0000.0000070568290116
+0000.1660425407185164,+0000.8318776057091843,+0000.0003469190421936,+0000.0017248306641890,+0000.0000081038659167
+0000.1736386495063892,+0000.8241696223146832,+0000.0003785275983138,+0000.0018039255013020,+0000.0000092750793116
+0000.1813702773344082,+0000.8163225857910308,+0000.0004121041797596,+0000.0018844510964147,+0000.0000105815983870
+0000.1892341473668081,+0000.8083397308459620,+0000.0004477119013138,+0000.0019663746578900,+0000.0000120352280257
+0000.1972269074603855,+0000.8002243680958649,+0000.0004854133497417,+0000.0020496626251417,+0000.0000136484688664
+0000.2053451318949013,+0000.7919798823786446,+0000.0005252705041604,+0000.0021342806852573,+0000.0000154345370361
+0000.2135853231744240,+0000.7836097309940836,+0000.0005673446576298,+0000.0022201937903458,+0000.0000174073835168
+0000.2219439138981188,+0000.7751174418731447,+0000.0006116963400258,+0000.0023073661755958,+0000.0000195817131151
+0000.2304172686988792,+0000.7665066116778354,+0000.0006583852422552,+0000.0023957613780262,+0000.0000219730030040
+0000.2390016862480669,+0000.7577809038333387,+0000.0007074701418723,+0000.0024853422559169,+0000.0000245975208053
+0000.2476934013245160,+0000.7489440464942471,+0000.0007590088301540,+0000.0025760710088979,+0000.0000274723421849
+0000.2564885869458419,+0000.7399998304468554,+0000.0008130580406931,+0000.0026679091986799,+0000.0000306153679298
+0000.2653833565599832,+0000.7309521069495635,+0000.0008696733795654,+0000.0027608177704063,+0000.0000340453404815
+0000.2743737662948023,+0000.7218047855135699,+0000.0009289092571269,+0000.0028547570746042,+0000.0000377818598967
+0000.2834558172634624,+0000.7125618316261175,+0000.0009908188214950,+0000.0029496868897137,+0000.0000418453992115
+0000.2926254579232053,+0000.7032272644186739,+0000.0010554538937672,+0000.0030455664451707,+0000.0000462573191828
+0000.3018785864850573,+0000.6938051542825099,+0000.0011228649050282,+0000.0031423544450210,+0000.0000510398823834
+0000.3112110533719004,+0000.6842996204342368,+0000.0011931008351957,+0000.0032400090920376,+0000.0000562162666296
+0000.3206186637222669,+0000.6747148284339436,+0000.0012662091537529,+0000.0033384881123189,+0000.0000618105777176
+0000.3300971799371298,+0000.6650549876586687,+0000.0013422357624129,+0000.0034377487803377,+0000.0000678478614507
+0000.3396423242668921,+0000.6553243487339968,+0000.0014212249397594,+0000.0035377479444151,+0000.0000743541149365
+0000.3492497814357096,+0000.6455272009266556,+0000.0015032192879065,+0000.0036384420525909,+0000.0000813562971372
+0000.3589152013002186,+0000.6356678695010487,+0000.0015882596812147,+0000.0037397871788609,+0000.0000888823386570
+0000.3686342015396838,+0000.6257507130427123,+0000.0016763852171019,+0000.0038417390497519,+0000.0000969611507500
+0000.3784023703745330,+0000.6157801207517419,+0000.0017676331689842,+0000.0039442530712051,+0000.0001056226335358
+0000.3882152693101990,+0000.6057605097092796,+0000.0018620389413763,+0000.0040472843557349,+0000.0001148976834099
+0000.3980684359031550,+0000.5956963221201877,+0000.0019596360271836,+0000.0041507877498360,+0000.0001248181996374
+0000.4079573865459943,+0000.5855920225350719,+0000.0020604559672099,+0000.0042547178616027,+0000.0001354170901211
+0000.4178776192683850,+0000.5754520950548415,+0000.0021645283119062,+0000.0043590290885337,+0000.0001467282763338
+0000.4278246165507076,+0000.5652810405210161,+0000.0022718805853808,+0000.0044636756454864,+0000.0001587866974090
+0000.4377938481471798,+0000.5550833736949963,+0000.0023825382516881,+0000.0045686115927516,+0000.0001716283133842
+0000.4477807739152547,+0000.5448636204295280,+0000.0024965246834116,+0000.0046737908642149,+0000.0001852901075909
+0000.4577808466480949,+0000.5346263148355885,+0000.0026138611325533,+0000.0047791672955733,+0000.0001998100881901
+0000.4677895149069237,+0000.5243759964479136,+0000.0027345667037373,+0000.0048846946525754,+0000.0002152272888503
+0000.4778022258500696,+0000.5141172073923768,+0000.0028586583297341,+0000.0049903266592520,+0000.0002315817685674
+0000.4878144280555490,+0000.5038544895584067,+0000.0029861507493089,+0000.0050960170261068,+0000.0002489146106286
+0000.4978215743340463,+0000.4935923817796063,+0000.0031170564873915,+0000.0052017194782346,+0000.0002672679207212
+0000.5078191245291974,+0000.4833354170257082,+0000.0032513858375677,+0000.0053073877833366,+0000.0002866848241901
+0000.5178025483021118,+0000.4730881196089559,+0000.0033891468468822,+0000.0054129757796010,+0000.0003072094624489
+0000.5277673278971212,+0000.4628550024079632,+0000.0035303453029460,+0000.0055184374034192,+0000.0003288869885501
+0000.5377089608857858,+0000.4526405641120491,+0000.0036749847233353,+0000.0056237267169079,+0000.0003517635619222
+0000.5476229628862542,+0000.4424492864889939,+0000.0038230663472653,+0000.0057287979352064,+0000.0003758863422804
+0000.5575048702551303,+0000.4322856316791030,+0000.0039745891295227,+0000.0058336054535217,+0000.0004013034827221
+0000.5673502427490673,+0000.4221540395183911,+0000.0041295497366332,+0000.0059381038738921,+0000.0004280641220163
+0000.5771546661533787,+0000.4120589248936371,+0000.0042879425452429,+0000.0060422480316430,+0000.0004562183760983
+0000.5869137548750447,+0000.4020046751319819,+0000.0044497596426838,+0000.0061459930215064,+0000.0004858173287833
+0000.5966231544975540,+0000.3919956474276583,+0000.0046149908296965,+0000.0062492942233800,+0000.0005169130217110
+0000.6062785442951247,+0000.3820361663083625,+0000.0047836236252773,+0000.0063521073276995,+0000.0005495584435362
+0000.6158756397039242,+0000.3721305211436812,+0000.0049556432736141,+0000.0064543883604001,+0000.0005838075183803
+0000.6254101947480105,+0000.3622829636979086,+0000.0051310327530767,+0000.0065560937074446,+0000.0006197150935599
+0000.6348780044178015,+0000.3524977057294759,+0000.0053097727872200,+0000.0066571801388938,+0000.0006573369266088
+0000.6442749069989938,+0000.3427789166391345,+0000.0054918418577602,+0000.0067576048325005,+0000.0006967296716109
+0000.6535967863499380,+0000.3331307211689161,+0000.0056772162194796,+0000.0068573253968034,+0000.0007379508648631
+0000.6628395741255927,+0000.3235571971538024,+0000.0058658699170152,+0000.0069562998937047,+0000.0007810589098851
+0000.6719992519462842,+0000.3140623733279249,+0000.0060577748034838,+0000.0070544868605105,+0000.0008261130617966
+0000.6810718535096026,+0000.3046502271870042,+0000.0062529005608934,+0000.0071518453314179,+0000.0008731734110817
+0000.6900534666438783,+0000.2953246829086376,+0000.0064512147222920,+0000.0072483348584326,+0000.0009223008667594
+0000.6989402353017971,+0000.2860896093319196,+0000.0066526826955993,+0000.0073439155317013,+0000.0009735571389829
+0000.7077283614928146,+0000.2769488179977840,+0000.0068572677890695,+0000.0074385479992455,+0000.0010270047210860
+0000.7164141071531610,+0000.2679060612513258,+0000.0070649312383293,+0000.0075321934860837,+0000.0010827068711005
+0000.7249937959523116,+0000.2589650304072613,+0000.0072756322349347,+0000.0076248138127293,+0000.0011407275927630
+0000.7334638150349505,+0000.2501293539795671,+0000.0074893279563905,+0000.0077163714130557,+0000.0012011316160361
+0000.7418206166975289,+0000.2414025959762196,+0000.0077059735975727,+0000.0078068293515164,+0000.0012639843771624
+0000.7500607199986612,+0000.2327882542598523,+0000.0079255224034967,+0000.0078961513397143,+0000.0013293519982755
+0000.7581807123026993,+0000.2242897589750303,+0000.0081479257033710,+0000.0079843017523112,+0000.0013973012665881
+0000.7661772507559400,+0000.2159104710427320,+0000.0083731329458755,+0000.0080712456422719,+0000.0014678996131804
+0000.7740470636950316,+0000.2076536807225149,+0000.0086010917356056,+0000.0081569487554384,+0000.0015412150914093
+0000.7817869519872527,+0000.1995226062427384,+0000.0088317478706194,+0000.0082413775444291,+0000.0016173163549603
+0000.7893937903024417,+0000.1915203924991032,+0000.0090650453810295,+0000.0083244991818618,+0000.0016962726355636
+0000.7968645283164653,+0000.1836501098216667,+0000.0093009265685753,+0000.0084062815728966,+0000.0017781537203960
+0000.8041961918462074,+0000.1759147528103870,+0000.0095393320471175,+0000.0084866933671001,+0000.0018630299291879
+0000.8113858839161726,+0000.1683172392391478,+0000.0097802007839928,+0000.0085657039696290,+0000.0019509720910579
+0000.8184307857568830,+0000.1608604090281181,+0000.0100234701421682,+0000.0086432835517367,+0000.0020420515210940
+0000.8253281577353551,+0000.1535470232842054,+0000.0102690759231356,+0000.0087194030606022,+0000.0021363399967018
+0000.8320753402180229,+0000.1463797634092650,+0000.0105169524104859,+0000.0087940342284878,+0000.0022339097337382
+0000.8386697543665761,+0000.1393612302756410,+0000.0107670324141048,+0000.0088671495812261,+0000.0023348333624519
+0000.8451089028672545,+0000.1324939434685248,+0000.0110192473149308,+0000.0089387224460444,+0000.0024391839032456
+0000.8513903705942356,+0000.1257803405945339,+0000.0112735271102191,+0000.0090087269587298,+0000.0025470347422819
+0000.8575118252078235,+0000.1192227766558334,+0000.0115298004592532,+0000.0090771380701431,+0000.0026584596069469
+0000.8634710176882274,+0000.1128235234890440,+0000.0117879947294498,+0000.0091439315520882,+0000.0027735325411906
+0000.8692657828057866,+0000.1065847692681074,+0000.0120480360428008,+0000.0092090840025455,+0000.0028923278807597
+0000.8748940395285749,+0000.1005086180702093,+0000.0123098493226008,+0000.0092725728502768,+0000.0030149202283383
+0000.8803537913683745,+0000.0945970895037943,+0000.0125733583404053,+0000.0093343763588138,+0000.0031413844286119
+0000.8856431266660820,+0000.0888521183976427,+0000.0128384857631696,+0000.0093944736298373,+0000.0032717955432686
+0000.8907602188176480,+0000.0832755545499207,+0000.0131051532005189,+0000.0094528446059598,+0000.0034062288259524
+0000.8957033264417372,+0000.0778691625360610,+0000.0133732812520992,+0000.0095094700729226,+0000.0035447596971803
+0000.9004707934903055,+0000.0726346215742764,+0000.0136427895549641,+0000.0095643316612177,+0000.0036874637192364
+0000.9050610493033822,+0000.0675735254474646,+0000.0139135968309494,+0000.0096174118471491,+0000.0038344165710548
+0000.9094726086093458,+0000.0626873824802149,+0000.0141856209339927,+0000.0096686939533445,+0000.0039856940231019
+0000.9137040714720563,+0000.0579776155695893,+0000.0144587788973552,+0000.0097181621487305,+0000.0041413719122685
+0000.9177541231862154,+0000.0534455622683131,+0000.0147329869807031,+0000.0097658014479867,+0000.0043015261167817
+0000.9216215341223783,+0000.0490924749189769,+0000.0150081607170105,+0000.0098115977104900,+0000.0044662325311447
+0000.9253051595230531,+0000.0449195208378225,+0000.0152842149592450,+0000.0098555376387656,+0000.0046355670411136
+0000.9288039392513641,+0000.0409277825466602,+0000.0155610639268001,+0000.0098976087764571,+0000.0048096054987184
+0000.9321168974937535,+0000.0371182580514425,+0000.0158386212516379,+0000.0099377995058323,+0000.0049884236973337
+0000.9352431424182431,+0000.0334918611659992,+0000.0161168000241119,+0000.0099760990448379,+0000.0051720973468078
+0000.9381818657897660,+0000.0300494218794262,+0000.0163955128384354,+0000.0100124974437195,+0000.0053607020486529
+0000.9409323425441024,+0000.0267916867656061,+0000.0166746718377681,+0000.0100469855812207,+0000.0055543132713026
+0000.9434939303219609,+0000.0237193194333302,+0000.0169541887588907,+0000.0100795551603777,+0000.0057530063254409
+0000.9458660689647415,+0000.0208329010154877,+0000.0172339749764424,+0000.0101101987039244,+0000.0059568563394043
+0000.9480482799735354,+0000.0181329306957833,+0000.0175139415466963,+0000.0101389095493230,+0000.0061659382346624
+0000.9500401659328941,+0000.0156198262714454,+0000.0177939992508482,+0000.0101656818434358,+0000.0063803267013766
+0000.9518414099009158,+0000.0132939247503917,+0000.0180740586377991,+0000.0101905105368534,+0000.0066000961740400
+0000.9534517747671747,+0000.0111554829813231,+0000.0183540300664094,+0000.0102133913778947,+0000.0068253208071982
+0000.9548711025800188,+0000.0092046783152265,+0000.0186338237472082,+0000.0102343209062938,+0000.0070560744512526
+0000.9560993138447479,+0000.0074416092967792,+0000.0189133497835396,+0000.0102532964465890,+0000.0072924306283443
+0000.9571364067941621,+0000.0058662963841588,+0000.0191925182121307,+0000.0102703161012287,+0000.0075344625083197
+0000.9579824566329664,+0000.0044786826957819,+0000.0194712390430682,+0000.0102853787434094,+0000.0077822428847739
+0000.9586376147574875,+0000.0032786347825083,+0000.0197494222991710,+0000.0102984840096600,+0000.0080358441511730
+0000.9591021079521411,+0000.0022659434238741,+0000.0200269780547471,+0000.0103096322921873,+0000.0082953382770504
+0000.9593762375640693,+0000.0014403244469327,+0000.0203038164737268,+0000.0103188247309959,+0000.0085607967842756
+0000.9594603786573357,+0000.0008014195663107,+0000.0205798478471620,+0000.0103260632057990,+0000.0088322907233923
+0000.9593549791480499,+0000.0003487972441109,+0000.0208549826300875,+0000.0103313503277302,+0000.0091098906500213
+0000.9590605589217450,+0000.0000819535683211,+0000.0211291314777358,+0000.0103346894308734,+0000.0093936666013245
+0000.9585777089343313,+0000.0000003131484168,+0000.0214022052811042,+0000.0103360845636215,+0000.0096836880725265
+0000.9579070902978912,+0000.0001032300268753,+0000.0216741152018683,+0000.0103355404798779,+0000.0099800239934872
+0000.9570494333525688,+0000.0003899886053533,+0000.0219447727066426,+0000.0103330626301137,+0000.0102827427053217
+0000.9560055367257531,+0000.0008598045843072,+0000.0222140896005860,+0000.0103286571522915,+0000.0105919119370622
+0000.9547762663797474,+0000.0015118259148756,+0000.0224819780603523,+0000.0103223308626698,+0000.0109075987823548
+0000.9533625546490541,+0000.0023451337618727,+0000.0227483506663892,+0000.0103140912464975,+0000.0112298696761867
+0000.9517653992683859,+0000.0033587434767800,+0000.0230131204345855,+0000.0103039464486115,+0000.0115587903716372
+0000.9499858623924743,+0000.0045516055796602,+0000.0232762008472719,+0000.0102919052639469,+0000.0118944259166464
+0000.9480250696087043,+0000.0059226067489504,+0000.0235375058835792,+0000.0102779771279719,+0000.0122368406307944
+0000.9458842089435662,+0000.0074705708181349,+0000.0237969500491581,+0000.0102621721070556,+0000.0125860980820852
+0000.9435645298638915,+0000.0091942597783313,+0000.0240544484052685,+0000.0102445008887807,+0000.0129422610637282
+0000.9410673422737743,+0000.0110923747858636,+0000.0243099165972431,+0000.0102249747722084,+0000.0133053915709106
+0000.9383940155080716,+0000.0131635571739349,+0000.0245632708823337,+0000.0102036056581063,+0000.0136755507775537
+0000.9355459773233068,+0000.0154063894675514,+0000.0248144281569487,+0000.0101804060391467,+0000.0140527990130462
+0000.9325247128867922,+0000.0178193964008863,+0000.0250633059832897,+0000.0101553889900842,+0000.0144371957389477
+0000.9293317637647129,+0000.0204010459363142,+0000.0253098226153973,+0000.0101285681579204,+0000.0148287995256552
+0000.9259687269099116,+0000.0231497502843833,+0000.0255538970246159,+0000.0100999577520630,+0000.0152276680290262
+0000.9224372536500429,+0000.0260638669240327,+0000.0257954489244870,+0000.0100695725344863,+0000.0156338579669512
+0000.9187390486767466,+0000.0291416996224000,+0000.0260343987950840,+0000.0100374278099006,+0000.0160474250958686
+0000.9148758690364461,+0000.0323814994536044,+0000.0262706679067973,+0000.0100035394159354,+0000.0164684241872167
+0000.9108495231233322,+0000.0357814658159263,+0000.0265041783435830,+0000.0099679237133438,+0000.0168969090038145
+0000.9066618696750689,+0000.0393397474468452,+0000.0267348530256868,+0000.0099305975762329,+0000.0173329322761664
+0000.9023148167717037,+0000.0430544434354322,+0000.0269626157318552,+0000.0098915783823250,+0000.0177765456786838
+0000.8978103208382451,+0000.0469236042316332,+0000.0271873911210469,+0000.0098508840032562,+0000.0182277998058188
+0000.8931503856513145,+0000.0509452326520125,+0000.0274091047536561,+0000.0098085327949140,+0000.0186867441481032
+0000.8883370613502639,+0000.0551172848815653,+0000.0276276831122632,+0000.0097645435878206,+0000.0191534270680872
+0000.8833724434530972,+0000.0594376714712417,+0000.0278430536219218,+0000.0097189356775648,+0000.0196278957761746
+0000.8782586718775099,+0000.0639042583308580,+0000.0280551446699998,+0000.0096717288152848,+0000.0201101963063472
+0000.8729979299673252,+0000.0685148677171088,+0000.0282638856255839,+0000.0096229431982063,+0000.0206003734917755
+0000.8675924435245636,+0000.0732672792164229,+0000.0284692068584637,+0000.0095725994602388,+0000.0210984709403111
+0000.8620444798473651,+0000.0781592307224419,+0000.0286710397577060,+0000.0095207186626305,+0000.0216045310098564
+0000.8563563467739390,+0000.0831884194079296,+0000.0288693167498352,+0000.0094673222846864,+0000.0221185947836097
+0000.8505303917326850,+0000.0883525026909540,+0000.0290639713166307,+0000.0094124322145494,+0000.0226407020451808
+0000.8445690007986113,+0000.0936490991952106,+0000.0292549380125553,+0000.0093560707400469,+0000.0231708912535761
+0000.8384745977561290,+0000.0990757897043904,+0000.0294421524818276,+0000.0092982605396032,+0000.0237091995180497
+0000.8322496431682913,+0000.1046301181105177,+0000.0296255514751511,+0000.0092390246732198,+0000.0242556625728203
+0000.8258966334524971,+0000.1103095923562173,+0000.0298050728661115,+0000.0091783865735227,+0000.0248103147516514
+0000.8194180999626778,+0000.1161116853708930,+0000.0299806556672566,+0000.0091163700368776,+0000.0253731889622952
+0000.8128166080779323,+0000.1220338360008265,+0000.0301522400458686,+0000.0090529992145738,+0000.0259443166607987
+0000.8060947562975755,+0000.1280734499332326,+0000.0303197673394424,+0000.0089882986040748,+0000.0265237278256744
+0000.7992551753425210,+0000.1342279006143274,+0000.0304831800708806,+0000.0089222930403371,+0000.0271114509319338
+0000.7923005272629092,+0000.1404945301614918,+0000.0306424219634159,+0000.0088550076871945,+0000.0277075129249883
+0000.7852335045518654,+0000.1468706502696348,+0000.0307974379552734,+0000.0087864680288092,+0000.0283119391944174
+0000.7780568292652460,+0000.1533535431118796,+0000.0309481742140817,+0000.0087166998611855,+0000.0289247535476071
+0000.7707732521472237,+0000.1599404622347216,+0000.0310945781510436,+0000.0086457292837483,+0000.0295459781832630
+0000.7633855517615227,+0000.1666286334478177,+0000.0312365984348768,+0000.0085735826909817,+0000.0301756336648012
+0000.7558965336281235,+0000.1734152557085951,+0000.0313741850055319,+0000.0085002867641275,+0000.0308137388936220
+0000.7483090293652122,+0000.1802975020018756,+0000.0315072890876995,+0000.0084258684629417,+0000.0314603110822708
+0000.7406258958361521,+0000.1872725202147361,+0000.0316358632041125,+0000.0083503550175055,+0000.0321153657274935
+0000.7328500143012312,+0000.1943374340068338,+0000.0317598611886520,+0000.0082737739200905,+0000.0327789165831925
+0000.7249842895739249,+0000.2014893436764451,+0000.0318792381992656,+0000.0081961529170740,+0000.0334509756332900
+0000.7170316491814077,+0000.2087253270224784,+0000.0319939507307038,+0000.0081175200009022,+0000.0341315530645078
+0000.7089950425290181,+0000.2160424402027306,+0000.0321039566270811,+0000.0080379034020990,+0000.0348206572390713
+0000.7008774400683903,+0000.2234377185886755,+0000.0322092150942684,+0000.0079573315813171,+0000.0355182946673487
+0000.6926818324689410,+0000.2309081776170749,+0000.0323096867121219,+0000.0078758332214287,+0000.0362244699804337
+0000.6844112297923912,+0000.2384508136387186,+0000.0324053334465529,+0000.0077934372196519,+0000.0369391859026851
+0000.6760686606700057,+0000.2460626047646068,+0000.0324961186614441,+0000.0077101726797112,+0000.0376624432242323
+0000.6676571714822047,+0000.2537405117098919,+0000.0325820071304141,+0000.0076260689040269,+0000.0383942407734624
+0000.6591798255402210,+0000.2614814786359124,+0000.0326629650484356,+0000.0075411553859312,+0000.0391345753894998
+0000.6506397022694451,+0000.2692824339906446,+0000.0327389600433091,+0000.0074554618019077,+0000.0398834418946937
+0000.6420398963941123,+0000.2771402913479174,+0000.0328099611869925,+0000.0073690180038498,+0000.0406408330671279
+0000.6333835171229792,+0000.2850519502457248,+0000.0328759390067917,+0000.0072818540113352,+0000.0414067396131689
+0000.6246736873356236,+0000.2930142970239852,+0000.0329368654964087,+0000.0071940000039131,+0000.0421811501400694
+0000.6159135427690148,+0000.3010242056620914,+0000.0329927141268516,+0000.0071054863133992,+0000.0429640511286428
+0000.6071062312039910,+0000.3090785386166000,+0000.0330434598572030,+0000.0070163434161769,+0000.0437554269060290
+0000.5982549116512790,+0000.3171741476594058,+0000.0330890791452477,+0000.0069266019254983,+0000.0445552596185693
+0000.5893627535366989,+0000.3253078747167500,+0000.0331295499579573,+0000.0068362925837842,+0000.0453635292048096
+0000.5804329358851925,+0000.3334765527094057,+0000.0331648517818301,+0000.0067454462549176,+0000.0461802133686543
+0000.5714686465033170,+0000.3416770063943831,+0000.0331949656330829,+0000.0066540939165265,+0000.0470052875526903
+0000.5624730811598533,+0000.3499060532084948,+0000.0332198740676921,+0000.0065622666522550,+0000.0478387249117049
+0000.5534494427641747,+0000.3581605041141119,+0000.0332395611912790,+0000.0064699956440156,+0000.0486804962864188
+0000.5444009405420368,+0000.3664371644474445,+0000.0332540126688365,+0000.0063773121642221,+0000.0495305701774601
+0000.5353307892084441,+0000.3747328347696670,+0000.0332632157342895,+0000.0062842475679975,+0000.0503889127196021
+0000.5262422081372656,+0000.3830443117212027,+0000.0332671591998857,+0000.0061908332853545,+0000.0512554876562911
+0000.5171384205272751,+0000.3913683888794809,+0000.0332658334654090,+0000.0060971008133450,+0000.0521302563144899
+0000.5080226525642946,+0000.3997018576204591,+0000.0332592305272083,+0000.0060030817081741,+0000.0530131775798640
+0000.4988981325791436,+0000.4080415079842051,+0000.0332473439870355,+0000.0059088075772775,+0000.0539042078723380
+0000.4897680902010911,+0000.4163841295448178,+0000.0332301690606827,+0000.0058143100713569,+0000.0548033011220513
+0000.4806357555065253,+0000.4247265122849508,+0000.0332077025864121,+0000.0057196208763716,+0000.0557104087457402
+0000.4715043581625716,+0000.4330654474752011,+0000.0331799430331667,+0000.0056247717054824,+0000.0566254796235785
+0000.4623771265653939,+0000.4413977285586005,+0000.0331468905085541,+0000.0055297942909463,+0000.0575484600765050
+0000.4532572869729344,+0000.4497201520404449,+0000.0331085467665927,+0000.0054347203759571,+0000.0584792938440708
+0000.4441480626318547,+0000.4580295183836705,+0000.0330649152152075,+0000.0053395817064311,+0000.0594179220628363
+0000.4350526728984624,+0000.4663226329099840,+0000.0330160009234672,+0000.0052444100227347,+0000.0603642832453514
+0000.4259743323534224,+0000.4745963067069271,+0000.0329618106285476,+0000.0051492370513511,+0000.0613183132597518
+0000.4169162499100590,+0000.4828473575410421,+0000.0329023527424109,+0000.0050540944964841,+0000.0622799453100041
+0000.4078816279160865,+0000.4910726107772933,+0000.0328376373581872,+0000.0049590140315980,+0000.0632491099168352
+0000.3988736612486139,+0000.4992689003048737,+0000.0327676762562449,+0000.0048640272908892,+0000.0642257348993781
+0000.3898955364022885,+0000.5074330694695123,+0000.0326924829099362,+0000.0047691658606905,+0000.0652097453575726
+0000.3809504305704670,+0000.5155619720123731,+0000.0326120724910033,+0000.0046744612708043,+0000.0662010636553523
+0000.3720415107193202,+0000.5236524730156261,+0000.0325264618746310,+0000.0045799449857653,+0000.0671996094046577
+0000.3631719326547931,+0000.5317014498547386,+0000.0324356696441303,+0000.0044856483960290,+0000.0682052994503089
+0000.3543448400823741,+0000.5397057931575244,+0000.0323397160952377,+0000.0043916028090880,+0000.0692180478557757
+0000.3455633636596365,+0000.5476624077699552,+0000.0322386232400146,+0000.0042978394405122,+0000.0702377658898816
+0000.3368306200415458,+0000.5555682137287299,+0000.0321324148103300,+0000.0042043894049148,+0000.0712643620144793
+0000.3281497109185489,+0000.5634201472405629,+0000.0320211162609111,+0000.0041112837068422,+0000.0722977418731348
+0000.3195237220474766,+0000.5712151616681339,+0000.0319047547719442,+0000.0040185532315882,+0000.0733378082808571
+0000.3109557222753266,+0000.5789502285226181,+0000.0317833592512100,+0000.0039262287359329,+0000.0743844612149121
+0000.3024487625560104,+0000.5866223384626923,+0000.0316569603357343,+0000.0038343408388049,+0000.0754375978067581
+0000.2940058749601699,+0000.5942285022998806,+0000.0315255903929389,+0000.0037429200118703,+0000.0764971123351403
+0000.2856300716782063,+0000.6017657520100921,+0000.0313892835212739,+0000.0036519965700458,+0000.0775628962203816
+0000.2773243440166774,+0000.6092311417511597,+0000.0312480755503132,+0000.0035616006619400,+0000.0786348380199098
+0000.2690916613882492,+0000.6166217488861785,+0000.0311020040402971,+0000.0034717622602214,+0000.0797128234250540
+0000.2609349702954189,+0000.6239346750124086,+0000.0309511082811020,+0000.0033825111519173,+0000.0807967352591534
+0000.2528571933082451,+0000.6311670469954802,+0000.0307954292906214,+0000.0032938769286433,+0000.0818864534770100
+0000.2448612280363526,+0000.6383160180086187,+0000.0306350098125378,+0000.0032058889767654,+0000.0829818551657258
+0000.2369499460955055,+0000.6453787685765670,+0000.0304698943134698,+0000.0031185764674994,+0000.0840828145469582
+0000.2291261920690685,+0000.6523525076238779,+0000.0303001289794752,+0000.0030319683469468,+0000.0851892029806319
+0000.2213927824647032,+0000.6592344735271931,+0000.0301257617118919,+0000.0029460933260723,+0000.0863008889701398
+0000.2137525046666767,+0000.6660219351711268,+0000.0299468421224998,+0000.0028609798706256,+0000.0874177381690709
+0000.2062081158841829,+0000.6727121930073249,+0000.0297634215279862,+0000.0027766561910094,+0000.0885396133894968
+0000.1987623420961063,+0000.6793025801162474,+0000.0295755529436956,+0000.0026931502320997,+0000.0896663746118507
+0000.1914178769926892,+0000.6857904632712087,+0000.0293832910766487,+0000.0026104896630200,+0000.0907978789964331
+0000.1841773809145816,+0000.6921732440041566,+0000.0291866923178128,+0000.0025287018668747,+0000.0919339808965743
+0000.1770434797897910,+0000.6984483596726730,+0000.0289858147336058,+0000.0024478139304455,+0000.0930745318734848
+0000.1700187640690675,+0000.7046132845276304,+0000.0287807180566203,+0000.0023678526338569,+0000.0942193807128247
+0000.1631057876602922,+0000.7106655307809266,+0000.0285714636755484,+0000.0022888444402132,+0000.0953683734430196
+0000.1563070668624598,+0000.7166026496726794,+0000.0283581146242949,+0000.0022108154852151,+0000.0965213533553508
+0000.1496250792998761,+0000.7224222325372562,+0000.0281407355702608,+0000.0021337915667590,+0000.0976781610258478
+0000.1430622628572119,+0000.7281219118674709,+0000.0279193928017853,+0000.0020577981345264,+0000.0988386343390057
+0000.1366210146160855,+0000.7336993623762622,+0000.0276941542147298,+0000.0019828602795686,+0000.1000026085133540
+0000.1303036897938688,+0000.7391523020551489,+0000.0274650892981921,+0000.0019090027238924,+0000.1011699161288975
+0000.1241126006854337,+0000.7444784932287231,+0000.0272322691193373,+0000.0018362498100555,+0000.1023403871564505
+0000.1180500156085837,+0000.7496757436044241,+0000.0269957663073326,+0000.0017646254907753,+0000.1035138489888842
+0000.1121181578539371,+0000.7547419073168220,+0000.0267556550363752,+0000.0016941533185607,+0000.1046901264743049
+0000.1063192046400480,+0000.7596748859655992,+0000.0265120110078024,+0000.0016248564353727,+0000.1058690419511778
+0000.1006552860745772,+0000.7644726296464154,+0000.0262649114312735,+0000.0015567575623213,+0000.1070504152854129
+0000.0951284841223433,+0000.7691331379738128,+0000.0260144350050138,+0000.0014898789894077,+0000.1082340639094226
+0000.0897408315811042,+0000.7736544610953001,+0000.0257606618951140,+0000.0014242425653173,+0000.1094198028631641
+0000.0844943110659395,+0000.7780347006957383,+0000.0255036737138748,+0000.0013598696872745,+0000.1106074448371729
+0000.0793908540031208,+0000.7822720109911273,+0000.0252435534971923,+0000.0012967812909644,+0000.1117968002175949
+0000.0744323396343756,+0000.7863645997108910,+0000.0249803856809782,+0000.0012349978405334,+0000.1129876771332220
+0000.0696205940324642,+0000.7903107290677237,+0000.0247142560766082,+0000.0011745393186734,+0000.1141798815045307
+0000.0649573891290064,+0000.7941087167140661,+0000.0244452518453974,+0000.0011154252168024,+0000.1153732170947278
+0000.0604444417555040,+0000.7977569366842534,+0000.0241734614720990,+0000.0010576745253473,+0000.1165674855627964
+0000.0560834126985238,+0000.8012538203213718,+0000.0238989747374236,+0000.0010013057241399,+0000.1177624865185406
+0000.0518759057700097,+0000.8045978571878540,+0000.0236218826895811,+0000.0009463367729343,+0000.1189580175796211
+0000.0478234668937059,+0000.8077875959588245,+0000.0233422776148439,+0000.0008927851020556,+0000.1201538744305702
+0000.0439275832086822,+0000.8108216452972165,+0000.0230602530071337,+0000.0008406676031897,+0000.1213498508837781
+0000.0401896821909562,+0000.8136986747096540,+0000.0227759035366357,+0000.0007900006203224,+0000.1225457389424319
+0000.0366111307942134,+0000.8164174153821103,+0000.0224893250174436,+0000.0007407999408396,+0000.1237413288653931
+0000.0331932346106311,+0000.8189766609943389,+0000.0222006143742415,+0000.0006930807867956,+0000.1249364092339931
+0000.0299372370528121,+0000.8213752685120731,+0000.0219098696080293,+0000.0006468578063620,+0000.1261307670207234
+0000.0268443185578368,+0000.8236121589560009,+0000.0216171897608994,+0000.0006021450654648,+0000.1273241876597982
+0000.0239155958144379,+0000.8256863181465079,+0000.0213226748798744,+0000.0005589560396215,+0000.1285164551195583
+0000.0211521210143028,+0000.8275967974232048,+0000.0210264259798164,+0000.0005173036059855,+0000.1297073519766905
+0000.0185548811285007,+0000.8293427143382428,+0000.0207285450054201,+0000.0004772000356108,+0000.1308966594922253
+0000.0161247972100276,+0000.8309232533224459,+0000.0204291347923025,+0000.0004386569859433,+0000.1320841576892809
+0000.0138627237234521,+0000.8323376663232801,+0000.0201282990272039,+0000.0004016854935516,+0000.1332696254325124
+0000.0117694479026377,+0000.8335852734137118,+0000.0198261422073177,+0000.0003662959671048,+0000.1344528405092282
+0000.0098456891375012,+0000.8346654633710001,+0000.0195227695987633,+0000.0003324981806079,+0000.1356335797121274
+0000.0080920983907590,+0000.8355776942244981,+0000.0192182871942245,+0000.0003003012669042,+0000.1368116189236140
+0000.0065092576455922,+0000.8363214937715462,+0000.0189128016697709,+0000.0002697137114535,+0000.1379867332016373
+0000.0050976793851482,+0000.8368964600605630,+0000.0186064203408839,+0000.0002407433463962,+0000.1391586968670090
+0000.0038578061047743,+0000.8373022618404609,+0000.0182992511177116,+0000.0002133973449120,+0000.1403272835921414
+0000.0027900098578620,+0000.8375386389755299,+0000.0179914024595753,+0000.0001876822158818,+0000.1414922664911508
+0000.0018945918361530,+0000.8376054028249651,+0000.0176829833287531,+0000.0001636037988622,+0000.1426534182112665
+0000.0011717819853377,+0000.8375024365862281,+0000.0173741031435680,+0000.0001411672593810,+0000.1438105110254853
+0000.0006217386567487,+0000.8372296956014776,+0000.0170648717308073,+0000.0001203770845610,+0000.1449633169264052
+0000.0002445482959238,+0000.8367872076263143,+0000.0167553992775045,+0000.0001012370790822,+0000.1461116077211749
+0000.0000402251687843,+0000.8361750730601285,+0000.0164457962821109,+0000.0000837503614885,+0000.1472551551274880
+0000.0000087111261419,+0000.8353934651373673,+0000.0161361735050924,+0000.0000679193608470,+0000.1483937308705514
+0000.0001498754072144,+0000.8344426300790786,+0000.0158266419189811,+0000.0000537458137673,+0000.1495271067809587
+0000.0004635144827974,+0000.8333228872041105,+0000.0155173126579174,+0000.0000412307617880,+0000.1506550548933867
+0000.0009493519386991,+0000.8320346289994015,+0000.0152082969667168,+0000.0000303745491367,+0000.1517773475460457
+0000.0016070384000124,+0000.8305783211488210,+0000.0148997061494987,+0000.0000211768208692,+0000.1528937574807987
+0000.0024361514967541,+0000.8289545025200653,+0000.0145916515179127,+0000.0000136365213957,+0000.1540040579438720
+0000.0034361958713645,+0000.8271637851091610,+0000.0142842443390015,+0000.0000077518933976,+0000.1551080227870754
+0000.0046066032285149,+0000.8252068539421598,+0000.0139775957827397,+0000.0000035204771411,+0000.1562054265694446
+0000.0059467324276295,+0000.8230844669336649,+0000.0136718168692876,+0000.0000009391101926,+0000.1572960446592255
+0000.0074558696184824,+0000.8207974547018669,+0000.0133670184160017,+0000.0000000039275399,+0000.1583796533361088
+0000.0091332284201846,+0000.8183467203398199,+0000.0130633109842423,+0000.0000007103621229,+0000.1594560298936303
+0000.0109779501438288,+0000.8157332391427250,+0000.0127608048260217,+0000.0000030531457784,+0000.1605249527416462
+0000.0129891040590120,+0000.8129580582910578,+0000.0124596098305354,+0000.0000070263106006,+0000.1615862015087943
+0000.0151656877044065,+0000.8100222964894025,+0000.0121598354706197,+0000.0000126231907224,+0000.1626395571448489
+0000.0175066272425014,+0000.8069271435609233,+0000.0118615907491798,+0000.0000198364245160,+0000.1636848020228795
+0000.0200107778585838,+0000.8036738599974452,+0000.0115649841456338,+0000.0000286579572188,+0000.1647217200411183
+0000.0226769242039799,+0000.8002637764651738,+0000.0112701235624159,+0000.0000390790439821,+0000.1657500967244481
+0000.0255037808835236,+0000.7966982932661317,+0000.0109771162715866,+0000.0000510902533461,+0000.1667697193254120
+0000.0284899929871675,+0000.7929788797554433,+0000.0106860688615930,+0000.0000646814711396,+0000.1677803769246565
+0000.0316341366655989,+0000.7891070737146554,+0000.0103970871842269,+0000.0000798419048059,+0000.1687818605307128
+0000.0349347197496721,+0000.7850844806813283,+0000.0101102763018256,+0000.0000965600881519,+0000.1697739631790219
+0000.0383901824134109,+0000.7809127732351921,+0000.0098257404347622,+0000.0001148238865218,+0000.1707564800301128
+0000.0419988978802878,+0000.7765936902412091,+0000.0095435829092711,+0000.0001346205023916,+0000.1717292084668404
+0000.0457591731724291,+0000.7721290360499430,+0000.0092639061056545,+0000.0001559364813831,+0000.1726919481905902
+0000.0496692499023437,+0000.7675206796556846,+0000.0089868114069166,+0000.0001787577186943,+0000.1736445013163608
+0000.0537273051067206,+0000.7627705538128351,+0000.0087123991478697,+0000.0002030694659439,+0000.1745866724666308
+0000.0579314521217877,+0000.7578806541111056,+0000.0084407685647593,+0000.0002288563384237,+0000.1755182688639237
+0000.0622797414996740,+0000.7528530380101357,+0000.0081720177454516,+0000.0002561023227582,+0000.1764391004219804
+0000.0667701619651627,+0000.7476898238341920,+0000.0079062435802289,+0000.0002847907849629,+0000.1773489798354533
+0000.0714006414121761,+0000.7423931897276526,+0000.0076435417132368,+0000.0003149044788991,+0000.1782477226680353
