+0001.0000000000000000,+0000.0000000000000000,+0000.0000000000000000,+0000.0000000000000000,+0000.0000000000000000
+0000.9975457163414325,+0000.0000943858950984,+0000.0023596473774603,+0000.0000000096302311,+0000.0000002407557777
+0000.9903034534564932,+0000.0003728581408275,+0000.0093214535206866,+0000.0000000859569997,+0000.0000021489249932
+0000.9784824157657293,+0000.0008272586245399,+0000.0206814656134968,+0000.0000003407690859,+0000.0000085192271479
+0000.9623243060870419,+0000.0014481275229307,+0000.0362031880732682,+0000.0000009376275677,+0000.0000234406891917
+0000.9420972690950209,+0000.0022249394263917,+0000.0556234856597928,+0000.0000020886853383,+0000.0000522171334563
+0000.9180905406970629,+0000.0031463124003804,+0000.0786578100095104,+0000.0000040514189633,+0000.0001012854740828
+0000.8906098490596064,+0000.0042001881221241,+0000.1050047030531011,+0000.0000071253755834,+0000.0001781343895849
+0000.8599735711389616,+0000.0053739828804318,+0000.1343495720107951,+0000.0000116489988389,+0000.0002912249709725
+0000.8265096157543655,+0000.0066547105245808,+0000.1663677631145195,+0000.0000179965617898,+0000.0004499140447445
+0000.7905529796795703,+0000.0080290794253362,+0000.2007269856334051,+0000.0000265752023726,+0000.0006643800593160
+0000.7524439057403056,+0000.0094835662123218,+0000.2370891553080426,+0000.0000378220284358,+0000.0009455507108942
+0000.7125265601503110,+0000.0110044695286072,+0000.2751117382151776,+0000.0000522012348425,+0000.0013050308710613
+0000.6711481389695870,+0000.0125779473467853,+0000.3144486836696310,+0000.0000702011543845,+0000.0017550288596125
+0000.6286583094181944,+0000.0141900415675724,+0000.3547510391893076,+0000.0000923311471125,+0000.0023082786778129
+0000.5854088898121663,+0000.0158266937112541,+0000.3956673427813488,+0000.0001191182190473,+0000.0029779554761832
+0000.5417536713197412,+0000.0174737555442723,+0000.4368438886068042,+0000.0001511032511224,+0000.0037775812780599
+0000.4980482850277501,+0000.0191169984783705,+0000.4779249619592584,+0000.0001888367128700,+0000.0047209178217512
+0000.4546500186703124,+0000.0207421255486046,+0000.5185531387151109,+0000.0002328737333066,+0000.0058218433326656
+0000.4119174887596134,+0000.0223347897201672,+0000.5583697430041751,+0000.0002837684044633,+0000.0070942101115812
+0000.3702100759585608,+0000.0238806221841345,+0000.5970155546033558,+0000.0003420672020750,+0000.0085516800518743
+0000.3298870347510282,+0000.0253652741621803,+0000.6341318540545005,+0000.0004083014243189,+0000.0102075356079719
+0000.2913061933936951,+0000.0267744755256926,+0000.6693618881423067,+0000.0004829785745502,+0000.0120744643637553
+0000.2548221675296921,+0000.0280941132151459,+0000.7023528303786385,+0000.0005665726490971,+0000.0141643162274267
+0000.2207840215729750,+0000.0293103319865793,+0000.7327582996644733,+0000.0006595133375374,+0000.0164878334384352
+0000.1895323269363611,+0000.0304096593780844,+0000.7602414844520994,+0000.0007621742012867,+0000.0190543550321684
+0000.1613955862195128,+0000.0313791559477678,+0000.7844788986941833,+0000.0008748599668668,+0000.0218714991716695
+0000.1366860182561448,+0000.0322065907612402,+0000.8051647690309924,+0000.0009977931519855,+0000.0249448287996371
+0000.1156947307674628,+0000.0328806407910596,+0000.8220160197764762,+0000.0011311003332693,+0000.0282775083317321
+0000.0986863451017945,+0000.0333911113435358,+0000.8347777835883791,+0000.0012747984602420,+0000.0318699615060486
+0000.0858931803030569,+0000.0337291728885344,+0000.8432293222133452,+0000.0014287817151948,+0000.0357195428798689
+0000.0775091498639557,+0000.0338876078075868,+0000.8471901951896532,+0000.0015928095053386,+0000.0398202376334657
+0000.0736835713906021,+0000.0338610587036719,+0000.8465264675917810,+0000.0017664962428441,+0000.0441624060711011
+0000.0745151335326088,+0000.0336462681774348,+0000.8411567044358526,+0000.0019493036097733,+0000.0487325902443307
+0000.0800463016482881,+0000.0332422985439313,+0000.8310574635982654,+0000.0021405360080583,+0000.0535134002014568
+0000.0902584690445102,+0000.0326507190326354,+0000.8162679758158676,+0000.0023393398502688,+0000.0584834962567181
+0000.1050681695262435,+0000.0318757477699644,+0000.7968936942490927,+0000.0025447072482577,+0000.0636176812064417
+0000.1243246553008452,+0000.0309243364485763,+0000.7731084112143878,+0000.0027554845013920,+0000.0688871125347988
+0000.1478091092051929,+0000.0298061871458294,+0000.7451546786457164,+0000.0029703855770486,+0000.0742596394262127
+0000.1752357009362360,+0000.0285336932872177,+0000.7133423321804239,+0000.0031880105229278,+0000.0797002630731947
+0000.2062546151404635,+0000.0271218001788944,+0000.6780450044723408,+0000.0034068684695501,+0000.0851717117387512
+0000.2404570792623889,+0000.0255877846654335,+0000.6396946166358177,+0000.0036254045937062,+0000.0906351148426536
+0000.2773823079615932,+0000.0239509580104284,+0000.5987739502606920,+0000.0038420301448957,+0000.0960507536223907
+0000.3165261676902889,+0000.0222323006759058,+0000.5558075168976269,+0000.0040551544129300,+0000.1013788603232483
+0000.3573512597337239,+0000.0204540418816660,+0000.5113510470416309,+0000.0042632173593454,+0000.1065804339836336
+0000.3992980325234775,+0000.0186392002604227,+0000.4659800065105497,+0000.0044647215655981,+0000.1116180391399518
+0000.4417964727200062,+0000.0168111042576661,+0000.4202776064416368,+0000.0046582621761805,+0000.1164565544045104
+0000.4842778951737960,+0000.0149929119365123,+0000.3748227984127904,+0000.0048425536337271,+0000.1210638408431745
+0000.5261863567523077,+0000.0132071494586331,+0000.3301787364658132,+0000.0050164522047403,+0000.1254113051185055
+0000.5669892568242094,+0000.0114752857938455,+0000.2868821448461228,+0000.0051789735590702,+0000.1294743389767519
+0000.6061867531928734,+0000.0098173583704972,+0000.2454339592624175,+0000.0053293049682390,+0000.1332326242059727
+0000.6433197091128791,+0000.0082516607271568,+0000.2062915181789079,+0000.0054668119992715,+0000.1366702999817846
+0000.6779759858180101,+0000.0067944991317512,+0000.1698624782937679,+0000.0055910398752490,+0000.1397759968812220
+0000.7097949965233946,+0000.0054600209739265,+0000.1365005243481535,+0000.0057017099290203,+0000.1425427482255052
+0000.7384705337155859,+0000.0042601138498901,+0000.1065028462472441,+0000.0057987117764339,+0000.1449677944108455
+0000.7637519649418950,+0000.0032043709152901,+0000.0801092728822462,+0000.0058820919715605,+0000.1470522992890081
+0000.7854439586456284,+0000.0023001154593821,+0000.0575028864845460,+0000.0059520399773249,+0000.1488009994331188
+0000.8034049485636638,+0000.0015524758365627,+0000.0388118959140626,+0000.0060088722956044,+0000.1502218073901063
+0000.8175445726332267,+0000.0009645008766581,+0000.0241125219164497,+0000.0060530155605257,+0000.1513253890131398
+0000.8278203317992803,+0000.0005373056113716,+0000.0134326402842867,+0000.0060849893194256,+0000.1521247329856359
+0000.8342337083306606,+0000.0002702374820735,+0000.0067559370518358,+0000.0061053891205936,+0000.1526347280148365
+0000.8368259656621063,+0000.0001610539898278,+0000.0040263497456960,+0000.0061148704077836,+0000.1528717601945863
+0000.8356738259772865,+0000.0002061038632216,+0000.0051525965805427,+0000.0061141335991905,+0000.1528533399797587
+0000.8308851911263617,+0000.0004005051143557,+0000.0100126278588957,+0000.0061039106115535,+0000.1525977652888332
+0000.8225950399589893,+0000.0007383147096603,+0000.0184578677415102,+0000.0060849529842248,+0000.1521238246056153
+0000.8109616030760017,+0000.0012126859069145,+0000.0303171476728679,+0000.0060580216670854,+0000.1514505416771302
+0000.7961628860448828,+0000.0018160105365474,+0000.0454002634136899,+0000.0060238784617263,+0000.1505969615431539
+0000.7783935853636189,+0000.0025400445924701,+0000.0635011148117578,+0000.0059832790473907,+0000.1495819761847627
+0000.7578624184479782,+0000.0033760164251626,+0000.0844004106290724,+0000.0059369674806843,+0000.1484241870171024
+0000.7347898697925656,+0000.0043147175941835,+0000.1078679398545963,+0000.0058856720291792,+0000.1471418007294753
+0000.7094063400407273,+0000.0053465770476614,+0000.1336644261915438,+0000.0058301021815412,+0000.1457525545385261
+0000.6819506726101949,+0000.0064617197696719,+0000.1615429942418074,+0000.0057709466683973,+0000.1442736667099285
+0000.6526690232593600,+0000.0076500113941911,+0000.1912502848547875,+0000.0057088723266025,+0000.1427218081650586
+0000.6218140309944453,+0000.0089010905496466,+0000.2225272637411752,+0000.0056445236428745,+0000.1411130910718586
+0000.5896442434675649,+0000.0102043908935437,+0000.2551097723386032,+0000.0055785228192420,+0000.1394630704810461
+0000.5564237460015495,+0000.0115491549427503,+0000.2887288735687676,+0000.0055114702110360,+0000.1377867552758963
+0000.5224219401728039,+0000.0129244419192225,+0000.3231110479805739,+0000.0054439449972079,+0000.1360986249301920
+0000.4879134151520297,+0000.0143191319268957,+0000.3579782981724039,+0000.0053765059518721,+0000.1344126487967987
+0000.4531778525109098,+0000.0157219288625423,+0000.3930482215635690,+0000.0053096921947301,+0000.1327423048682487
+0000.4184999028301417,+0000.0171213645464049,+0000.4280341136601326,+0000.0052440238062818,+0000.1311005951570393
+0000.3841689701908181,+0000.0185058066372328,+0000.4626451659308294,+0000.0051800022015817,+0000.1295000550395379
+0000.3504788386257122,+0000.0198634729657233,+0000.4965868241430921,+0000.0051181101640568,+0000.1279527541014157
+0000.3177270731129834,+0000.0211824549696389,+0000.5295613742409819,+0000.0050588114490923,+0000.1264702862273036
+0000.2862141271143209,+0000.0224507529268905,+0000.5612688231722718,+0000.0050025498764047,+0000.1250637469101121
+0000.2562420895322980,+0000.0236563256380529,+0000.5914081409513325,+0000.0049497478414739,+0000.1237436960368425
+0000.2281130069553642,+0000.0247871570805138,+0000.6196789270128544,+0000.0049008041904335,+0000.1225201047608340
+0000.2021267229458264,+0000.0258313423120864,+0000.6457835578021662,+0000.0048560914207664,+0000.1214022855191548
+0000.1785781857418988,+0000.0267771945093996,+0000.6694298627349975,+0000.0048159521928349,+0000.1203988048208691
+0000.1577541899225838,+0000.0276133744529322,+0000.6903343613233116,+0000.0047806951654299,+0000.1195173791357426
+0000.1399295370612550,+0000.0283290429873729,+0000.7082260746843272,+0000.0047505902025788,+0000.1187647550644662
+0000.1253626256896129,+0000.0289140359731444,+0000.7228508993286141,+0000.0047258630387936,+0000.1181465759698352
+0000.1142905121606353,+0000.0293590599972268,+0000.7339764999306720,+0000.0047066895350565,+0000.1176672383764095
+0000.1069235208582275,+0000.0296559056449501,+0000.7413976411237554,+0000.0046931897066566,+0000.1173297426664103
+0000.1034395235791203,+0000.0297976734929366,+0000.7449418373234169,+0000.0046854217540204,+0000.1171355438505058
+0000.1039780519078486,+0000.0297790062434506,+0000.7444751560862665,+0000.0046833763754784,+0000.1170844093869561
+0000.1086344502198437,+0000.0295963186941269,+0000.7399079673531730,+0000.0046869716820331,+0000.1171742920508233
+0000.1174543169196468,+0000.0292480156703398,+0000.7312003917584926,+0000.0046960490635202,+0000.1174012265880009
+0000.1304285133026689,+0000.0287346868130564,+0000.7183671703264074,+0000.0047103703676104,+0000.1177592591902568
+0000.1474890383248131,+0000.0280592663986229,+0000.7014816599655692,+0000.0047296167427307,+0000.1182404185682639
+0000.1685060690395129,+0000.0272271463470947,+0000.6806786586773622,+0000.0047533894590782,+0000.1188347364769521
+0000.1932864467796476,+0000.0262462313983941,+0000.6561557849598476,+0000.0047812129562351,+0000.1195303239058756
+0000.2215738460814820,+0000.0251269271865036,+0000.6281731796625847,+0000.0048125402719012,+0000.1203135067975289
+0000.2530507967695370,+0000.0238820546212599,+0000.5970513655314912,+0000.0048467608876044,+0000.1211690221901075
+0000.2873426420467949,+0000.0225266874918312,+0000.5631671872957722,+0000.0048832108909848,+0000.1220802722746171
+0000.3240234121113916,+0000.0210779143236532,+0000.5269478580913227,+0000.0049211852105244,+0000.1230296302631080
+0000.3626234814761045,+0000.0195545299419233,+0000.4888632485480734,+0000.0049599515397654,+0000.1239987884941331
+0000.4026387683028743,+0000.0179766665410141,+0000.4494166635253445,+0000.0049987654473372,+0000.1249691361834298
+0000.4435411358780571,+0000.0163653779258241,+0000.4091344481455933,+0000.0050368860788664,+0000.1259221519716592
+0000.4847895794294488,+0000.0147421935996796,+0000.3685548399919814,+0000.0050735918068804,+0000.1268397951720099
+0000.5258417334808452,+0000.0131286612236591,+0000.3282165305914699,+0000.0051081951809241,+0000.1277048795231019
+0000.5661652205008767,+0000.0115458964845439,+0000.2886474121135888,+0000.0051400565731151,+0000.1285014143278757
+0000.6052483817191694,+0000.0100141585492594,+0000.2503539637314774,+0000.0051685960000036,+0000.1292149000000904
+0000.6426099828971186,+0000.0085524671674903,+0000.2138116791872496,+0000.0051933027210824,+0000.1298325680270591
+0000.6778075655272270,+0000.0071782743548970,+0000.1794568588724178,+0000.0052137423555946,+0000.1303435588898639
+0000.7104442090411083,+0000.0059071997818679,+0000.1476799945466905,+0000.0052295614088590,+0000.1307390352214743
+0000.7401735726644272,+0000.0047528348844406,+0000.1188208721110079,+0000.0052404892438509,+0000.1310122310962733
+0000.7667031872429486,+0000.0037266166750164,+0000.0931654168754041,+0000.0052463376617935,+0000.1311584415448372
+0000.7897960595882529,+0000.0028377685803729,+0000.0709442145093173,+0000.0052469983585407,+0000.1311749589635163
+0000.8092707285724172,+0000.0020933026120871,+0000.0523325653021723,+0000.0052424385966663,+0000.1310609649166569
+0000.8249999696452127,+0000.0014980749231893,+0000.0374518730797294,+0000.0052326954750719,+0000.1308173868767964
+0000.8369083813524796,+0000.0010548853729976,+0000.0263721343249361,+0000.0052178691903687,+0000.1304467297592182
+0000.8449691045827081,+0000.0007646110754309,+0000.0191152768857706,+0000.0051981156713881,+0000.1299528917847024
+0000.8491999250248959,+0000.0006263639481865,+0000.0156590987046608,+0000.0051736389354714,+0000.1293409733867853
+0000.8496589950473710,+0000.0006376628755382,+0000.0159415718884553,+0000.0051446834687937,+0000.1286170867198416
+0000.8464403867012481,+0000.0007946120942387,+0000.0198653023559679,+0000.0051115268787902,+0000.1277881719697548
+0000.8396696565695397,+0000.0010920786604077,+0000.0273019665101938,+0000.0050744730099946,+0000.1268618252498642
+0000.8294995690919917,+0000.0015238632216571,+0000.0380965805414286,+0000.0050338456594201,+0000.1258461414855026
+0000.8161060905654667,+0000.0020828596935070,+0000.0520714923376774,+0000.0049899829770519,+0000.1247495744262971
+0000.7996847333303848,+0000.0027612007404797,+0000.0690300185119962,+0000.0049432325929669,+0000.1235808148241724
+0000.7804473001033106,+0000.0035503871354104,+0000.0887596783852624,+0000.0048939474760007,+0000.1223486869000162
+0000.7586190527918690,+0000.0044414000850437,+0000.1110350021260976,+0000.0048424824998842,+0000.1210620624971055
+0000.7344363087171543,+0000.0054247964552904,+0000.1356199113822655,+0000.0047891916709727,+0000.1197297917743171
+0000.7081444498780264,+0000.0064907875099382,+0000.1622696877484592,+0000.0047344259562914,+0000.1183606489072848
+0000.6799963173683720,+0000.0076293023067082,+0000.1907325576677107,+0000.0046785316406619,+0000.1169632910165471
+0000.6502509527945259,+0000.0088300372948896,+0000.2207509323722456,+0000.0046218491360900,+0000.1155462284022488
+0000.6191726409583230,+0000.0100824939525881,+0000.2520623488147075,+0000.0045647121643993,+0000.1141178041099818
+0000.5870302025914387,+0000.0113760065121140,+0000.2844001628028568,+0000.0045074472343689,+0000.1126861808592214
+0000.5540964820136072,+0000.0126997619705506,+0000.3174940492637710,+0000.0044503733366181,+0000.1112593334154531
+0000.5206479717840882,+0000.0140428146872683,+0000.3510703671817136,+0000.0043938017825742,+0000.1098450445643556
+0000.4869645143653070,+0000.0153940979452602,+0000.3848524486315117,+0000.0043380361176124,+0000.1084509029403088
+0000.4533290192763678,+0000.0167424349083090,+0000.4185608727077321,+0000.0042833720425997,+0000.1070843010649912
+0000.4200271330602622,+0000.0180765514459864,+0000.4519137861496660,+0000.0042300972824648,+0000.1057524320616203
+0000.3873467986266864,+0000.0193850933231404,+0000.4846273330785167,+0000.0041784913450638,+0000.1044622836265930
+0000.3555776402958637,+0000.0206566502545943,+0000.5164162563648634,+0000.0041288251186415,+0000.1032206279660371
+0000.3250101114193037,+0000.0218797892989612,+0000.5469947324740351,+0000.0040813602618347,+0000.1020340065458653
+0000.2959343431765150,+0000.0230430999926359,+0000.5760774998159035,+0000.0040363483467287,+0000.1009087086682171
+0000.2686386365410231,+0000.0241352534865966,+0000.6033813371649208,+0000.0039940297233639,+0000.0998507430840957
+0000.2434075450664306,+0000.0251450777214692,+0000.6286269430367342,+0000.0039546320836680,+0000.0988658020916981
+0000.2205195047156625,+0000.0260616503349062,+0000.6515412583726585,+0000.0039183687144913,+0000.0979592178622818
+0000.2002439791060674,+0000.0268744105139097,+0000.6718602628477472,+0000.0038854364435491,+0000.0971359110887266
+0000.1828381048720009,+0000.0275732903599114,+0000.6893322589977889,+0000.0038560132988577,+0000.0964003324714412
+0000.1685428428058127,+0000.0281488655088583,+0000.7037216377214615,+0000.0038302559216873,+0000.0957563980421803
+0000.1575786662157213,+0000.0285925237352844,+0000.7148130933821132,+0000.0038082967948801,+0000.0952074198720012
+0000.1501408483339509,+0000.0288966490767173,+0000.7224162269179351,+0000.0037902413719769,+0000.0947560342994201
+0000.1463944449027199,+0000.0290548176714450,+0000.7263704417861261,+0000.0037761652169120,+0000.0944041304227970
+0000.1464691049115418,+0000.0290620000619713,+0000.7265500015492828,+0000.0037661112875849,+0000.0941527821896193
+0000.1504538798073789,+0000.0289147632591927,+0000.7228690814798165,+0000.0037600875174467,+0000.0940021879361653
+0000.1583922365951436,+0000.0286114644966733,+0000.7152866124168304,+0000.0037580648650521,+0000.0939516216263006
+0000.1702775097258637,+0000.0281524274622829,+0000.7038106865570711,+0000.0037599760097994,+0000.0939994002449827
+0000.1860490467760664,+0000.0275400910228948,+0000.6885022755723671,+0000.0037657148703336,+0000.0941428717583379
+0000.2055893098499841,+0000.0267791202052769,+0000.6694780051319210,+0000.0037751371081854,+0000.0943784277046324
+0000.2287221849969777,+0000.0258764695945174,+0000.6469117398629319,+0000.0037880617517529,+0000.0947015437938200
+0000.2552127232942707,+0000.0248413904543013,+0000.6210347613575294,+0000.0038042740343808,+0000.0951068508595179
+0000.2847684886582414,+0000.0236853747962541,+0000.5921343699063480,+0000.0038235294861215,+0000.0955882371530348
+0000.3170426199193769,+0000.0224220322871500,+0000.5605508071787452,+0000.0038455592544127,+0000.0961389813603153
+0000.3516386314302616,+0000.0210668991556756,+0000.5266724788918865,+0000.0038700765585454,+0000.0967519139636310
+0000.3881168828476878,+0000.0196371819324648,+0000.4909295483116161,+0000.0038967841118552,+0000.0974196027963762
+0000.4260025519182476,+0000.0181514426459805,+0000.4537860661495068,+0000.0039253822802411,+0000.0981345570060238
+0000.4647948523856598,+0000.0166292356776651,+0000.4157308919416220,+0000.0039555776921176,+0000.0988894423029356
+0000.5039771609605301,+0000.0150907095227925,+0000.3772677380698067,+0000.0039870919787259,+0000.0996772994681450
+0000.5430276601571025,+0000.0135561889159163,+0000.3389047228979016,+0000.0040196703088109,+0000.1004917577202688
+0000.5814300732760824,+0000.0120457539456843,+0000.3011438486421022,+0000.0040530893898513,+0000.1013272347462796
+0000.6186840667572310,+0000.0105788327936755,+0000.2644708198418826,+0000.0040871646387390,+0000.1021791159684717
+0000.6543149233033154,+0000.0091738235978787,+0000.2293455899469639,+0000.0041217562750710,+0000.1030439068767707
+0000.6878821433245877,+0000.0078477587939161,+0000.1961939698478977,+0000.0041567741551385,+0000.1039193538784597
+0000.7189867065863171,+0000.0066160223548045,+0000.1654005588701081,+0000.0041921812380298,+0000.1048045309507403
+0000.7472768129983065,+0000.0054921269266774,+0000.1373031731669322,+0000.0042279956503111,+0000.1056998912577728
+0000.7724520131399092,+0000.0044875542622928,+0000.1121888565573175,+0000.0042642913861725,+0000.1066072846543080
+0000.7942657275927083,+0000.0036116588906233,+0000.0902914722655812,+0000.0043011977404266,+0000.1075299435106604
+0000.8125262328813350,+0000.0028716318859596,+0000.0717907971489896,+0000.0043388976186046,+0000.1084724404651111
+0000.8270962560023580,+0000.0022725191002970,+0000.0568129775074233,+0000.0043776248996125,+0000.1094406224903093
+0000.8378913663863525,+0000.0018172864049577,+0000.0454321601239422,+0000.0044176610417212,+0000.1104415260430264
+0000.8448773829125910,+0000.0015069233801128,+0000.0376730845028210,+0000.0044593311232492,+0000.1114832780812262
+0000.8480670252094274,+0000.0013405764560796,+0000.0335144114019912,+0000.0045029994974041,+0000.1125749874350976
+0000.8475160351323636,+0000.0013157026602641,+0000.0328925665066037,+0000.0045490652192605,+0000.1137266304815080
+0000.8433189790105051,+0000.0014282357401055,+0000.0357058935026392,+0000.0045979573748752,+0000.1149489343718752
+0000.8356049173088000,+0000.0016727573847636,+0000.0418189346190924,+0000.0046501304110518,+0000.1162532602762921
+0000.8245330990217353,+0000.0020426674288057,+0000.0510666857201459,+0000.0047060595318968,+0000.1176514882974162
+0000.8102888063014474,+0000.0025303481758546,+0000.0632587043963680,+0000.0047662361971667,+0000.1191559049291632
+0000.7930794429200565,+0000.0031273192355303,+0000.0781829808882615,+0000.0048311637290829,+0000.1207790932270686
+0000.7731309299762249,+0000.0038243804526238,+0000.0956095113155972,+0000.0049013530098292,+0000.1225338252457249
+0000.7506844450053353,+0000.0046117415755124,+0000.1152935393878127,+0000.0049773182319747,+0000.1244329557993646
+0000.7259935170525945,+0000.0054791382337431,+0000.1369784558435804,+0000.0050595726488495,+0000.1264893162212327
+0000.6993214706097078,+0000.0064159345612345,+0000.1603983640308663,+0000.0051486242614691,+0000.1287156065367225
+0000.6709391955746528,+0000.0074112134127216,+0000.1852803353180449,+0000.0052449713728686,+0000.1311242843217124
+0000.6411232083343538,+0000.0084538555861200,+0000.2113463896530030,+0000.0053490979394818,+0000.1337274484870415
+0000.6101539603341823,+0000.0095326097963441,+0000.2383152449086061,+0000.0054614686523412,+0000.1365367163085263
+0000.5783143446808614,+0000.0106361553624871,+0000.2659038840621807,+0000.0055825236882490,+0000.1395630922062218
+0000.5458883480295044,+0000.0117531596854998,+0000.2938289921374992,+0000.0057126730825962,+0000.1428168270649004
+0000.5131597938802934,+0000.0128723326211296,+0000.3218083155282446,+0000.0058522906911668,+0000.1463072672791654
+0000.4804111241736702,+0000.0139824798037483,+0000.3495619950937106,+0000.0060017077280336,+0000.1500426932008372
+0000.4479221685206534,+0000.0150725568587201,+0000.3768139214680056,+0000.0061612058904856,+0000.1540301472621357
+0000.4159688544084136,+0000.0161317262592080,+0000.4032931564802025,+0000.0063310101096992,+0000.1582752527424769
+0000.3848218172162772,+0000.0171494183405445,+0000.4287354585136154,+0000.0065112809972910,+0000.1627820249322720
+0000.3547448758449241,+0000.0181153976827499,+0000.4528849420687483,+0000.0067021070924454,+0000.1675526773111325
+0000.3259933482030705,+0000.0190198357102226,+0000.4754958927555646,+0000.0069034970511979,+0000.1725874262799444
+0000.2988121907031842,+0000.0198533899385606,+0000.4963347484640147,+0000.0071153719574709,+0000.1778842989367696
+0000.2734339572402726,+0000.0206072898254325,+0000.5151822456358124,+0000.0073375579730187,+0000.1834389493254640
+0000.2500765857388569,+0000.0212734286623163,+0000.5318357165579056,+0000.0075697795784971,+0000.1892444894624240
+0000.2289410340180715,+0000.0218444603882335,+0000.5461115097058363,+0000.0078116536879947,+0000.1952913421998640
+0000.2102088010737489,+0000.0223138996323242,+0000.5578474908081030,+0000.0080626849417626,+0000.2015671235440615
+0000.1940393843875999,+0000.0226762227222682,+0000.5669055680567018,+0000.0083222624935936,+0000.2080565623398365
+0000.1805677378699449,+0000.0229269668591696,+0000.5731741714792358,+0000.0085896586073713,+0000.2147414651842784
+0000.1699018077061306,+0000.0230628241906978,+0000.5765706047674413,+0000.0088640293590667,+0000.2216007339766637
+0000.1621202337857604,+0000.0230817271505534,+0000.5770431787638297,+0000.0091444177038408,+0000.2286104425960158
+0000.1572703115811857,+0000.0229829212120046,+0000.5745730303001094,+0000.0094297591117963,+0000.2357439777949041
+0000.1553663123759641,+0000.0227670211619902,+0000.5691755290497484,+0000.0097188899004731,+0000.2429722475118241
+0000.1563882578265121,+0000.0224360471691212,+0000.5609011792280247,+0000.0100105582990902,+0000.2502639574772518
+0000.1602812374095128,+0000.0219934373120511,+0000.5498359328012701,+0000.0103034381721988,+0000.2575859543049673
+0000.1669553441395850,+0000.0214440338576635,+0000.5361008464415816,+0000.0105961452138913,+0000.2649036303472787
+0000.1762862852299713,+0000.0207940414173578,+0000.5198510354339384,+0000.0108872553045668,+0000.2721813826141655
+0000.1881167007720393,+0000.0200509561314286,+0000.5012739032857070,+0000.0111753246081088,+0000.2793831152027162
+0000.2022581961508848,+0000.0192234661848391,+0000.4805866546209684,+0000.0114589108862812,+0000.2864727721570265
+0000.2184940643298675,+0000.0183213251756575,+0000.4580331293914289,+0000.0117365954270404,+0000.2934148856760060
+0000.2365826441665687,+0000.0173552010625117,+0000.4338800265627838,+0000.0120070049310823,+0000.3001751232770535
+0000.2562612325576435,+0000.0163365045280360,+0000.4084126132008902,+0000.0122688326812859,+0000.3067208170321443
+0000.2772504434095887,+0000.0152772015334915,+0000.3819300383372773,+0000.0125208583353710,+0000.3130214583842715
+0000.2992588869331121,+0000.0141896155389190,+0000.3547403884729652,+0000.0127619657328849,+0000.3190491433221189
+0000.3219880299011862,+0000.0130862252747694,+0000.3271556318692274,+0000.0129911581905700,+0000.3247789547642469
+0000.3451370921072519,+0000.0119794640492861,+0000.2994866012321437,+0000.0132075708696662,+0000.3301892717416522
+0000.3684078365206729,+0000.0108815263604985,+0000.2720381590124534,+0000.0134104799271684,+0000.3352619981792067
+0000.3915091201639467,+0000.0098041870766907,+0000.2451046769172586,+0000.0135993083016195,+0000.3399827075404844
+0000.4141610885862945,+0000.0087586377001955,+0000.2189659425048808,+0000.0137736281234090,+0000.3443407030852204
+0000.4360989176077253,+0000.0077553432979514,+0000.1938835824487771,+0000.0139331598709827,+0000.3483289967745636
+0000.4570760301088813,+0000.0068039226393470,+0000.1700980659836692,+0000.0140777685103118,+0000.3519442127577906
+0000.4768667412939435,+0000.0059130530005591,+0000.1478263250139719,+0000.0142074569496742,+0000.3551864237418509
+0000.4952683113664530,+0000.0050904000434637,+0000.1272600010865865,+0000.0143223572116731,+0000.3580589302918237
+0000.5121024084405774,+0000.0043425722150257,+0000.1085643053756378,+0000.0144227197680294,+0000.3605679942007297
+0000.5272160055730183,+0000.0036750982849873,+0000.0918774571246782,+0000.0145089015006662,+0000.3627225375166503
+0000.5404817532099629,+0000.0030924259754316,+0000.0773106493857872,+0000.0145813527472624,+0000.3645338186815557
+0000.5517978816356965,+0000.0025979391496663,+0000.0649484787416554,+0000.0146406038643456,+0000.3660150966086362
+0000.5610876970666900,+0000.0021939907200689,+0000.0548497680017187,+0000.0146872517004433,+0000.3671812925110790
+0000.5682987400331138,+0000.0018819482937029,+0000.0470487073425709,+0000.0147219463204084,+0000.3680486580102042
+0000.5734016760300252,+0000.0016622495807319,+0000.0415562395182959,+0000.0147453782642674,+0000.3686344566066796
+0000.5763889866552914,+0000.0015344647186290,+0000.0383616179657255,+0000.0147582665638600,+0000.3689566640964940
+0000.5772735252121510,+0000.0014973628872114,+0000.0374340721802857,+0000.0147613476815522,+0000.3690336920387996
+0000.5760869946896963,+0000.0015489808779945,+0000.0387245219498624,+0000.0147553654800943,+0000.3688841370023528
+0000.5728783987602781,+0000.0016866916106911,+0000.0421672902672797,+0000.0147410622831445,+0000.3685265570786068
+0000.5677125084971495,+0000.0019072709375968,+0000.0476817734399206,+0000.0147191710432823,+0000.3679792760820511
+0000.5606683793779135,+0000.0022069614248901,+0000.0551740356222545,+0000.0146904085990364,+0000.3672602149759054
+0000.5518379451611835,+0000.0025815321345973,+0000.0645383033649353,+0000.0146554699745880,+0000.3663867493646957
+0000.5413247076696697,+0000.0030263337422896,+0000.0756583435572444,+0000.0146150236550309,+0000.3653755913757655
+0000.5292425345577104,+0000.0035363486074077,+0000.0884087151851956,+0000.0145697077557574,+0000.3642426938939288
+0000.5157145708826624,+0000.0041062356624502,+0000.1026558915612579,+0000.0145201269959091,+0000.3630031748977206
+0000.5008722647723076,+0000.0047303702036506,+0000.1182592550912696,+0000.0144668503820299,+0000.3616712595507421
+0000.4848545026715171,+0000.0054028788505458,+0000.1350719712636507,+0000.0144104095082420,+0000.3602602377060444
+0000.4678068455145163,+0000.0061176700976051,+0000.1529417524401331,+0000.0143512973826058,+0000.3587824345651395
+0000.4498808536380516,+0000.0068684610111120,+0000.1717115252778053,+0000.0142899676951168,+0000.3572491923779141
+0000.4312334852509960,+0000.0076488007322680,+0000.1912200183067052,+0000.0142268344503860,+0000.3556708612596449
+0000.4120265507345536,+0000.0084520915363508,+0000.2113022884087748,+0000.0141622718969357,+0000.3540567974233852
+0000.3924262029011546,+0000.0092716082705590,+0000.2317902067639799,+0000.0140966146947813,+0000.3524153673695251
+0000.3726024415429211,+0000.0101005170520317,+0000.2525129263007969,+0000.0140301582732406,+0000.3507539568310096
+0000.3527286091279738,+0000.0109318941536345,+0000.2732973538408688,+0000.0139631593414434,+0000.3490789835360792
+0000.3329808533569556,+0000.0117587460385708,+0000.2939686509642748,+0000.0138958365246233,+0000.3473959131155754
+0000.3135375315049217,+0000.0125740315246292,+0000.3143507881157365,+0000.0138283711097969,+0000.3457092777449156
+0000.2945785311088840,+0000.0133706870626114,+0000.3342671765652905,+0000.0137609078947393,+0000.3440226973684748
+0000.2762844817150636,+0000.0141416560976070,+0000.3535414024401799,+0000.0136935561441214,+0000.3423389036030284
+0000.2588358331999795,+0000.0148799234415552,+0000.3719980860388843,+0000.0136263906661380,+0000.3406597666534429
+0000.2424117777815505,+0000.0155785555151249,+0000.3894638878781265,+0000.0135594530317387,+0000.3389863257934593
+0000.2271889954176302,+0000.0162307472097845,+0000.4057686802446164,+0000.0134927529664606,+0000.3373188241615084
+0000.2133402060383684,+0000.0168298759700447,+0000.4207468992511217,+0000.0134262699515566,+0000.3356567487889083
+0000.2010325171606449,+0000.0173695634944724,+0000.4342390873618120,+0000.0133599550762722,+0000.3339988769067986
+0000.1904255620496733,+0000.0178437451963634,+0000.4460936299090890,+0000.0132937331863416,+0000.3323433296585327
+0000.1816694318389919,+0000.0182467472469960,+0000.4561686811749027,+0000.0132275053745814,+0000.3306876343645281
+0000.1749024149324872,+0000.0185733706452119,+0000.4643342661303006,+0000.0131611518573849,+0000.3290287964346156
+0000.1702485685180217,+0000.0188189813199842,+0000.4704745329996068,+0000.0130945352754767,+0000.3273633818869106
+0000.1678151599056792,+0000.0189796047863264,+0000.4744901196581601,+0000.0130275044480708,+0000.3256876112017635
+0000.1676900292752121,+0000.0190520233546664,+0000.4763005838666601,+0000.0129598985962873,+0000.3239974649071740
+0000.1699389396920431,+0000.0190338733622281,+0000.4758468340557032,+0000.0128915520342320,+0000.3222888008557938
+0000.1746029941407542,+0000.0189237393821857,+0000.4730934845546431,+0000.0128222993047086,+0000.3205574826177083
+0000.1816962118501466,+0000.0187212419095227,+0000.4680310477380666,+0000.0127519807116258,+0000.3187995177906382
+0000.1912033662136512,+0000.0184271146642152,+0000.4606778666053780,+0000.0126804481737217,+0000.3170112043430340
+0000.2030781929297900,+0000.0180432674378915,+0000.4510816859472862,+0000.0126075712955784,+0000.3151892823894535
+0000.2172420784041711,+0000.0175728303837148,+0000.4393207595928670,+0000.0125332435238175,+0000.3133310880954295
+0000.2335833339168888,+0000.0170201758491992,+0000.4255043962299779,+0000.0124573882309208,+0000.3114347057730133
+0000.2519571498054920,+0000.0163909143050111,+0000.4097728576252745,+0000.0123799645486242,+0000.3094991137155980
+0000.2721863056149590,+0000.0156918616398660,+0000.3922965409966448,+0000.0123009727595591,+0000.3075243189889711
+0000.2940626870500876,+0000.0149309760615930,+0000.3732744015398218,+0000.0122204590518656,+0000.3055114762966317
+0000.3173496294974635,+0000.0141172640324383,+0000.3529316008109535,+0000.0121385194484289,+0000.3034629862107157
+0000.3417850723821999,+0000.0132606560134763,+0000.3315164003369034,+0000.0120553027410549,+0000.3013825685263654
+0000.3670854707971396,+0000.0123718542176227,+0000.3092963554405638,+0000.0119710122901800,+0000.2992753072544937
+0000.3929503732388074,+0000.0114621559762735,+0000.2865538994068327,+0000.0118859065914651,+0000.2971476647866213
+0000.4190675396724542,+0000.0105432576068178,+0000.2635814401704391,+0000.0118002985596268,+0000.2950074639906622
+0000.4451184452369232,+0000.0096270447261076,+0000.2406761181526857,+0000.0117145535340112,+0000.2928638383502723
+0000.4707839940456968,+0000.0087253757015261,+0000.2181343925381486,+0000.0116290860659475,+0000.2907271516486811
+0000.4957502564789263,+0000.0078498653038600,+0000.1962466325964967,+0000.0115443556007971,+0000.2886088900199199
+0000.5197140430022710,+0000.0070116755936602,+0000.1752918898415010,+0000.0114608612139452,+0000.2865215303486224
+0000.5423881378684980,+0000.0062213206394068,+0000.1555330159851667,+0000.0113791355964206,+0000.2844783899105077
+0000.5635060361068561,+0000.0054884908705840,+0000.1372122717645961,+0000.0112997385099219,+0000.2824934627480418
+0000.5828260552254053,+0000.0048219017806355,+0000.1205475445158834,+0000.0112232499414647,+0000.2805812485366111
+0000.6001347266891002,+0000.0042291704043519,+0000.1057292601087946,+0000.0111502631845292,+0000.2787565796132244
+0000.6152494088129665,+0000.0037167216034965,+0000.0929180400874103,+0000.0110813780575436,+0000.2770344514385831
+0000.6280200995108620,+0000.0032897248057908,+0000.0822431201447671,+0000.0110171944437918,+0000.2754298610947883
+0000.6383304618830175,+0000.0029520605485551,+0000.0738015137138750,+0000.0109583063020984,+0000.2739576575524543
+0000.6460981058700415,+0000.0027063150547319,+0000.0676578763682963,+0000.0109052962579591,+0000.2726324064489714
+0000.6512741936874353,+0000.0025538001687794,+0000.0638450042194853,+0000.0108587308432426,+0000.2714682710810574
+0000.6538424546572636,+0000.0024945953319420,+0000.0623648832985494,+0000.0108191564120097,+0000.2704789103002351
+0000.6538177061597119,+0000.0025276078865055,+0000.0631901971626383,+0000.0107870957227366,+0000.2696773930684079
+0000.6512439820553355,+0000.0026506478528119,+0000.0662661963202982,+0000.0107630451450600,+0000.2690761286264943
+0000.6461923688082076,+0000.0028605133918488,+0000.0715128347962196,+0000.0107474724232204,+0000.2686868105805034
+0000.6387586436732517,+0000.0031530834110653,+0000.0788270852766341,+0000.0107408149091944,+0000.2685203727298543
+0000.6290607998380424,+0000.0035234141478153,+0000.0880853536953852,+0000.0107434781661063,+0000.2685869541526508
+0000.6172365314896497,+0000.0039658370292858,+0000.0991459257321462,+0000.0107558348364971,+0000.2688958709124212
+0000.6034407384967001,+0000.0044740556188230,+0000.1118513904705772,+0000.0107782236697656,+0000.2694555917441338
+0000.5878430967046739,+0000.0050412399805274,+0000.1260309995131863,+0000.0108109486077546,+0000.2702737151938577
+0000.5706257265152541,+0000.0056601172978361,+0000.1415029324459039,+0000.0108542778361928,+0000.2713569459048130
+0000.5519809800517669,+0000.0063230580455563,+0000.1580764511389112,+0000.0109084427216836,+0000.2727110680420821
+0000.5321093562203144,+0000.0070221574231109,+0000.1755539355777747,+0000.0109736365684156,+0000.2743409142103843
+0000.5112175436228075,+0000.0077493121001417,+0000.1937328025035461,+0000.0110500131451351,+0000.2762503286283700
+0000.4895165836983322,+0000.0084962925994196,+0000.2124073149854941,+0000.0111376849506447,+0000.2784421237661094
+0000.4672201406990244,+0000.0092548118452445,+0000.2313702961311147,+0000.0112367212047932,+0000.2809180301198233
+0000.4445428611108214,+0000.0100165905398662,+0000.2504147634966591,+0000.0113471455712562,+0000.2836786392813971
+0000.4216988028263364,+0000.0107734200993251,+0000.2693355024831308,+0000.0114689336381237,+0000.2867233409530844
+0000.3988999136566701,+0000.0115172238879898,+0000.2879305971997469,+0000.0116020102021385,+0000.2900502550534547
+0000.3763545395062762,+0000.0122401174430686,+0000.3060029360767170,+0000.0117462464220748,+0000.2936561605518635
+0000.3542659445971822,+0000.0129344682819360,+0000.3233617070484018,+0000.0119014569258649,+0000.2975364231466154
+0000.3328308293775809,+0000.0135929557420309,+0000.3398238935507740,+0000.0120673969742162,+0000.3016849243553980
+0000.3122378360390174,+0000.0142086311215207,+0000.3552157780380195,+0000.0122437598000558,+0000.3060939950013870
+0000.2926660367375277,+0000.0147749781756673,+0000.3693744543916843,+0000.0124301742575049,+0000.3107543564376159
+0000.2742834054890664,+0000.0152859737865278,+0000.3821493446631957,+0000.0126262029254315,+0000.3156550731357787
+0000.2572452810837675,+0000.0157361483710314,+0000.3934037092757852,+0000.0128313408180548,+0000.3207835204513615
+0000.2416928349998466,+0000.0161206453346544,+0000.4030161333663609,+0000.0130450148576595,+0000.3261253714414787
+0000.2277515649231649,+0000.0164352786262939,+0000.4108819656573478,+0000.0132665842612770,+0000.3316646065319163
+0000.2155298407842684,+0000.0166765872172088,+0000.4169146804302211,+0000.0134953419833966,+0000.3373835495849055
+0000.2051175358732832,+0000.0168418851266944,+0000.4210471281673599,+0000.0137305173397181,+0000.3432629334929446
+0000.1965847802288518,+0000.0169293054635132,+0000.4232326365878294,+0000.0139712799123006,+0000.3492819978075048
+0000.1899808767649237,+0000.0169378368586774,+0000.4234459214669357,+0000.0142167448042105,+0000.3554186201052528
+0000.1853334221668147,+0000.0168673506442328,+0000.4216837661058180,+0000.0144659792724286,+0000.3616494818107058
+0000.1826476741747758,+0000.0167186171940192,+0000.4179654298504792,+0000.0147180107223360,+0000.3679502680583895
+0000.1819062042792677,+0000.0164933099921112,+0000.4123327498027792,+0000.0149718359971482,+0000.3742958999286935
+0000.1830688699862286,+0000.0161939962341755,+0000.4048499058543860,+0000.0152264318432777,+0000.3806607960819323
+0000.1860731337147176,+0000.0158241130921960,+0000.3956028273048979,+0000.0154807663803154,+0000.3870191595078734
+0000.1908347462537806,+0000.0153879291737357,+0000.3846982293433910,+0000.0157338113549655,+0000.3933452838741269
+0000.1972488018731181,+0000.0148904911669930,+0000.3722622791748220,+0000.0159845549148107,+0000.3996138728702561
+0000.2051911601388312,+0000.0143375561608265,+0000.3584389040206588,+0000.0162320146030652,+0000.4058003650766185
+0000.2145202168353451,+0000.0137355106389238,+0000.3433877659730912,+0000.0164752502520251,+0000.4118812563006148
+0000.2250789938219628,+0000.0130912776411076,+0000.3272819410276865,+0000.0167133764426637,+0000.4178344110665795
