+0001.0000000000000000,+0000.0000000000000000,+0000.0000000000000000,+0000.0000000000000000,+0000.0000000000000000,+0000.0000000000000000,+0000.0000000000000000,+0000.0000000000000000,+0000.0000000000000000,+0000.0000000000000000,+0000.0000000000000000,+0000.0000000000000000
+0000.9999518096850695,+0000.0000240945043095,+0000.0000240285238830,+0000.0000000001451479,+0000.0000000005805778,+0000.0000000000000004,+0000.0000000000000062,+0000.0000000000000000,+0000.0000000000000000,+0000.0000000665610080,+0000.0000000000000000,+0000.0000000000000000
+0000.9998073186929887,+0000.0000963635055639,+0000.0000956889626048,+0000.0000000023190185,+0000.0000000092880137,+0000.0000000000000247,+0000.0000000000003964,+0000.0000000000000001,+0000.0000000000000014,+0000.0000006172313922,+0000.0000000000000000,+0000.0000000000000000
+0000.9995667763178763,+0000.0002167634895484,+0000.0002138638472168,+0000.0000000117107778,+0000.0000000470101907,+0000.0000000000002809,+0000.0000000000045048,+0000.0000000000000014,+0000.0000000000000227,+0000.0000025376195867,+0000.0000000000000000,+0000.0000000000000001
+0000.9992306161605182,+0000.0003852220030874,+0000.0003767506370964,+0000.0000000368783501,+0000.0000001485295309,+0000.0000000000015704,+0000.0000000000252353,+0000.0000000000000111,+0000.0000000000001775,+0000.0000072257644301,+0000.0000000000000001,+0000.0000000000000011
+0000.9987994694262219,+0000.0006016377626293,+0000.0005818226383357,+0000.0000000896042913,+0000.0000003624770445,+0000.0000000000059525,+0000.0000000000959034,+0000.0000000000000565,+0000.0000000000009096,+0000.0000166179886579,+0000.0000000000000004,+0000.0000000000000072
+0000.9982741757824060,+0000.0008658808098282,+0000.0008258165780277,+0000.0000001846848283,+0000.0000007512682483,+0000.0000000000176357,+0000.0000000002850681,+0000.0000000000002192,+0000.0000000000035337,+0000.0000331905701800,+0000.0000000000000022,+0000.0000000000000352
+0000.9976557909899596,+0000.0011777927155392,+0000.0011047523244136,+0000.0000003396500498,+0000.0000013910212139,+0000.0000000000440587,+0000.0000000007150075,+0000.0000000000006977,+0000.0000000000112794,+0000.0000599325276470,+0000.0000000000000086,+0000.0000000000001394
+0000.9969455905658891,+0000.0015371868329128,+0000.0014139884470204,+0000.0000005744166033,+0000.0000023714570870,+0000.0000000000971112,+0000.0000000015833977,+0000.0000000000019164,+0000.0000000000310823,+0000.0001002865664995,+0000.0000000000000290,+0000.0000000000004681
+0000.9961450688431353,+0000.0019438485993827,+0000.0017483147224432,+0000.0000009108781293,+0000.0000037957834995,+0000.0000000001944360,+0000.0000000031876620,+0000.0000000000046933,+0000.0000000000764034,+0000.0001580577087668,+0000.0000000000000853,+0000.0000000000013821
+0000.9952559329687030,+0000.0023975358863413,+0000.0021020795161184,+0000.0000013724427670,+0000.0000057805613785,+0000.0000000003607469,+0000.0000000059513807,+0000.0000000000104831,+0000.0000000001713754,+0000.0002372921268232,+0000.0000000000002261,+0000.0000000000036774
+0000.9942800916171096,+0000.0028979793942300,+0000.0024693465634027,+0000.0000019835310006,+0000.0000084555557272,+0000.0000000006290891,+0000.0000000104520893,+0000.0000000000217093,+0000.0000000003565779,+0000.0003421318695583,+0000.0000000000005503,+0000.0000000000089787
+0000.9932196384775042,+0000.0034448830897106,+0000.0028440724960953,+0000.0000027690504703,+0000.0000119635710253,+0000.0000000010419727,+0000.0000000174497574,+0000.0000000000421957,+0000.0000000006967215,+0000.0004766540629332,+0000.0000000000012453,+0000.0000000000203936
+0000.9920768308762880,+0000.0040379246805953,+0000.0032202940023708,+0000.0000037538667269,+0000.0000164602719490,+0000.0000000016523081,+0000.0000000279152281,+0000.0000000000777020,+0000.0000000012904726,+0000.0006447053201896,+0000.0000000000026484,+0000.0000000000435484
+0000.9908540641937756,+0000.0046767561233801,+0000.0035923121860047,+0000.0000049622899377,+0000.0000221139901607,+0000.0000000025240833,+0000.0000000430579179,+0000.0000000001365628,+0000.0000000022825772,+0000.0008497431221328,+0000.0000000000053375,+0000.0000000000881588
+0000.9895538429928000,+0000.0053610041576048,+0000.0039548617548789,+0000.0000064175970634,+0000.0000291055179490,+0000.0000000037327319,+0000.0000000643521277,+0000.0000000002304192,+0000.0000000038783472,+0000.0010946956055213,+0000.0000000000102624,+0000.0000000001703257
+0000.9881787499716690,+0000.0060902708609102,+0000.0043032541394792,+0000.0000081416070272,+0000.0000376278895132,+0000.0000000053651578,+0000.0000000935613939,+0000.0000000003750238,+0000.0000000063604539,+0000.0013818495346969,+0000.0000000000189268,+0000.0000000003157817
+0000.9867314139634589,+0000.0068641342185953,+0000.0046334862999537,+0000.0000101543230697,+0000.0000478861506919,+0000.0000000075193995,+0000.0000001327604150,+0000.0000000005910912,+0000.0000000101078446,+0000.0017127734675357,+0000.0000000000336343,+0000.0000000005643460
+0000.9852144782188343,+0000.0076821487017006,+0000.0049423104123770,+0000.0000124736521845,+0000.0000600971179144,+0000.0000000103039355,+0000.0000001843542119,+0000.0000000009051563,+0000.0000000156164640,+0000.0020882796835760,+0000.0000000000578087,+0000.0000000009758749
+0000.9836305701328261,+0000.0085438458481250,+0000.0052272633150318,+0000.0000151152067230,+0000.0000744891271275,+0000.0000000138366529,+0000.0000002510943201,+0000.0000000013503956,+0000.0000000235213318,+0000.0025084248330894,+0000.0000000000964036,+0000.0000000016380135
+0000.9819822734205486,+0000.0094487348419752,+0000.0054866580320653,+0000.0000180921884362,+0000.0000913017734046,+0000.0000000182435182,+0000.0000003360919530,+0000.0000000019673640,+0000.0000000346194149,+0000.0029725459888922,+0000.0000000001564073,+0000.0000000026760631
+0000.9802721035340534,+0000.0103963030871882,+0000.0057195424632671,+0000.0000214153508358,+0000.0001107856418890,+0000.0000000236570044,+0000.0000004428282122,+0000.0000000028045934,+0000.0000000498926420,+0000.0034793262276310,+0000.0000000002474554,+0000.0000000042652730
+0000.9785024868679488,+0000.0113860167723878,+0000.0059256321848466,+0000.0000250930321622,+0000.0001332020306641,+0000.0000000302143404,+0000.0000005751615480,+0000.0000000039190076,+0000.0000000705303530,+0000.0040268822583955,+0000.0000000003825518,+0000.0000000066458409
+0000.9766757440507343,+0000.0124173214248666,+0000.0061052251754731,+0000.0000291312486536,+0000.0001588226660716,+0000.0000000380556555,+0000.0000007373327781,+0000.0000000053761067,+0000.0000000979504581,+0000.0046128659994808,+0000.0000000005788988,+0000.0000000101408716
+0000.9747940773843269,+0000.0134896424524730,+0000.0062591062491263,+0000.0000335338362886,+0000.0001879294109322,+0000.0000000473220930,+0000.0000009339680517,+0000.0000000072498900,+0000.0000001338186091,+0000.0052345722719500,+0000.0000000008588305,+0000.0000000151774799
+0000.9728595622927039,+0000.0146023856729795,+0000.0063884482339322,+0000.0000383026286720,+0000.0002208139660538,+0000.0000000581539666,+0000.0000011700802017,+0000.0000000096224928,+0000.0000001800647524,+0000.0058890457223046,+0000.0000000012508369,+0000.0000000223111567
+0000.9708741424820717,+0000.0157549378311832,+0000.0064947157272332,+0000.0000434376590946,+0000.0002577775653498,+0000.0000000706890245,+0000.0000014510689482,+0000.0000000125835329,+0000.0000002388965408,+0000.0065731814529901,+0000.0000000017906590,+0000.0000000322534272
+0000.9688396284032335,+0000.0169466671045300,+0000.0065795758242972,+0000.0000489373758222,+0000.0002991306648276,+0000.0000000850608771,+0000.0000017827204125,+0000.0000000162291732,+0000.0000003128092236,+0000.0072838153824955,+0000.0000000025224314,+0000.0000000459027338
+0000.9667576985403468,+0000.0181769235984576,+0000.0066448187669654,+0000.0000547988611382,+0000.0003451926256633,+0000.0000001013976326,+0000.0000021712063699,+0000.0000000206609271,+0000.0000004045917958,+0000.0080178018725469,+0000.0000000034998404,+0000.0000000643783760
+0000.9646299030237226,+0000.0194450398329198,+0000.0066922901388778,+0000.0000610180463577,+0000.0003962913915335,+0000.0000001198207703,+0000.0000026230836172,+0000.0000000259842463,+0000.0000005173293663,+0000.0087720775041488,+0000.0000000047872626,+0000.0000000890572394
+0000.9624576690702062,+0000.0207503312217164,+0000.0067238351357588,+0000.0000675899167905,+0000.0004527631603454,+0000.0000001404442678,+0000.0000031452937626,+0000.0000000323069431,+0000.0000006544018832,+0000.0095437109745946,+0000.0000000064608461,+0000.0000001216129499
+0000.9602423077847229,+0000.0220920965463014,+0000.0067412546000725,+0000.0000745087023024,+0000.0005149520504887,+0000.0000001633739842,+0000.0000037451636684,+0000.0000000397375093,+0000.0000008194795206,+0000.0103299398949888,+0000.0000000086094949,+0000.0000001640570126
+0000.9579850219027557,+0000.0234696184257298,+0000.0067462719266501,+0000.0000817680506318,+0000.0005832097617177,+0000.0000001887072932,+0000.0000044304066920,+0000.0000000483834002,+0000.0000010165151818,+0000.0111281958028704,+0000.0000000113357179,+0000.0000002187814281
+0000.9556869141088076,+0000.0248821637843167,+0000.0067405095912090,+0000.0000893611819012,+0000.0006578952307757,+0000.0000002165329443,+0000.0000052091247881,+0000.0000000583493505,+0000.0000012497346899,+0000.0119361190027395,+0000.0000000147563082,+0000.0000002886022405
+0000.9533489956245719,+0000.0263289843184638,+0000.0067254738851114,+0000.0000972810238083,+0000.0007393742818761,+0000.0000002469311287,+0000.0000060898114568,+0000.0000000697357905,+0000.0000015236253220,+0000.0127515649562660,+0000.0000000190028230,+0000.0000003768034549
+0000.9509721948183418,+0000.0278093169639590,+0000.0067025464115579,+0000.0001055203277845,+0000.0008280192721729,+0000.0000002799737183,+0000.0000070813554507,+0000.0000000826374201,+0000.0000018429233887,+0000.0135726039136665,+0000.0000000242218418,+0000.0000004871807734
+0000.9485573656411449,+0000.0293223843648919,+0000.0066729809676433,+0000.0001140717669999,+0000.0009242087323691,+0000.0000003157246435,+0000.0000081930450954,+0000.0000000971419903,+0000.0000022126015640,+0000.0143975153541161,+0000.0000000305749892,+0000.0000006240846301
+0000.9461052957434424,+0000.0308673953451608,+0000.0066379045665409,+0000.0001229280174909,+0000.0010283270026365,+0000.0000003542403758,+0000.0000094345730262,+0000.0000001133293306,+0000.0000026378566440,+0000.0152247786246444,+0000.0000000382387181,+0000.0000007924620692
+0000.9436167141680580,+0000.0324435453833803,+0000.0065983215154839,+0000.0001320818239324,+0000.0011407638640478,+0000.0000003955704825,+0000.0000108160411118,+0000.0000001312706441,+0000.0000031240983457,+0000.0160530609636568,+0000.0000000474038583,+0000.0000009978970801
+0000.9410922985501162,+0000.0340500170918434,+0000.0065551196367639,+0000.0001415260516951,+0000.0012619141657480,+0000.0000004397582214,+0000.0000123479653086,+0000.0000001510280820,+0000.0000036769396723,+0000.0168812038885888,+0000.0000000582749458,+0000.0000012466490986
+0000.9385326817834194,+0000.0356859807000407,+0000.0065090778861064,+0000.0001512537268538,+0000.0013921774481201,+0000.0000004868411497,+0000.0000140412801803,+0000.0000001726545920,+0000.0000043021892569,+0000.0177082087315341,+0000.0000000710693542,+0000.0000015456894785
+0000.9359384581354224,+0000.0373505945431086,+0000.0064608747764400,+0000.0001612580657683,+0000.0015319575622310,+0000.0000005368517224,+0000.0000159073428123,+0000.0000001961940270,+0000.0000050058459831,+0000.0185332219304743,+0000.0000000860162595,+0000.0000019027358392
+0000.9333101888104640,+0000.0390430055554535,+0000.0064110971504519,+0000.0001715324957713,+0000.0016816622858637,+0000.0000005898178627,+0000.0000179579358629,+0000.0000002216814869,+0000.0000057940960532,+0000.0193555205310573,+0000.0000001033554717,+0000.0000023262842911
+0000.9306484069739687,+0000.0407623497696948,+0000.0063602489606076,+0000.0001820706683760,+0000.0018417029364714,+0000.0000006457634882,+0000.0000202052695047,+0000.0000002491438610,+0000.0000066733125549,+0000.0201744982257646,+0000.0000001233361716,+0000.0000028256396292
+0000.9279536222596581,+0000.0425077528209702,+0000.0063087598107148,+0000.0001928664662815,+0000.0020124939814052,+0000.0000007047089845,+0000.0000226619820345,+0000.0000002786005334,+0000.0000076500574662,+0000.0209896521527953,+0000.0000001462155906,+0000.0000034109436607
+0000.9252263247881152,+0000.0442783304565698,+0000.0062569930900872,+0000.0002039140053142,+0000.0021944526457883,+0000.0000007666716181,+0000.0000253411389550,+0000.0000003100642093,+0000.0000087310859406,+0000.0218005705939310,+0000.0000001722576733,+0000.0000040932018949
+0000.9224669887289609,+0000.0460731890507897,+0000.0062052535919823,+0000.0002152076323032,+0000.0023879985184219,+0000.0000008316658861,+0000.0000282562303624,+0000.0000003435418223,+0000.0000099233526309,+0000.0226069216463205,+0000.0000002017317558,+0000.0000048843088631
+0000.9196760754409343,+0000.0478914261248386,+0000.0061537945546131,+0000.0002267419197525,+0000.0025935531561191,+0000.0000008997038019,+0000.0000314211665073,+0000.0000003790354834,+0000.0000112340197487,+0000.0234084428946425,+0000.0000002349112930,+0000.0000057970723673
+0000.9168540362248102,+0000.0497321308715788,+0000.0061028240979909,+0000.0002385116580528,+0000.0028115396868711,+0000.0000009707951198,+0000.0000348502714276,+0000.0000004165434350,+0000.0000126704665110,+0000.0242049320746834,+0000.0000002720726615,+0000.0000068452369614
+0000.9140013147236803,+0000.0515943846848401,+0000.0060525110553275,+0000.0002505118458573,+0000.0030423824122539,+0000.0000010449475012,+0000.0000385582745892,+0000.0000004560609805,+0000.0000142402995972,+0000.0249962386944557,+0000.0000003134940574,+0000.0000080435069654
+0000.9111183490039646,+0000.0534772616930095,+0000.0060029902156336,+0000.0002627376791482,+0000.0032865064094824,+0000.0000011221666276,+0000.0000425603004998,+0000.0000004975813616,+0000.0000159513642333,+0000.0257822565623495,+0000.0000003594545071,+0000.0000094075692906
+0000.9082055733488943,+0000.0553798292965716,+0000.0059543670061662,+0000.0002751845394292,+0000.0035443371335193,+0000.0000012024562671,+0000.0000468718562970,+0000.0000005410965647,+0000.0000178117555206,+0000.0265629171615558,+0000.0000004102329989,+0000.0000109541163253
+0000.9052634197942235,+0000.0573011487092517,+0000.0059067216508742,+0000.0002878479814017,+0000.0038163000196386,+0000.0000012858183006,+0000.0000515088173389,+0000.0000005865980403,+0000.0000198298296455,+0000.0273381838045671,+0000.0000004661077404,+0000.0000127008690895
+0000.9022923194338088,+0000.0592402755023927,+0000.0058601128451076,+0000.0003007237204137,+0000.0041028200868367,+0000.0000013722527138,+0000.0000564874108548,+0000.0000006340773269,+0000.0000220142146304,+0000.0281080464996620,+0000.0000005273555422,+0000.0000146666008245
+0000.8992927035204754,+0000.0611962601521869,+0000.0058145809884931,+0000.0003138076199123,+0000.0044043215424733,+0000.0000014617575628,+0000.0000618241977399,+0000.0000006835265746,+0000.0000243738203232,+0000.0288725174619190,+0000.0000005942513231,+0000.0000168711611327
+0000.8962650043853997,+0000.0631681485893684,+0000.0057701510177593,+0000.0003270956790834,+0000.0047212273885146,+0000.0000015543289191,+0000.0000675360525987,+0000.0000007349389660,+0000.0000269178473539,+0000.0296316272036865,+0000.0000006670677301,+0000.0000193355007385
+0000.8932096561971008,+0000.0651549827509710,+0000.0057268348799544,+0000.0003405840208177,+0000.0050539590297337,+0000.0000016499608000,+0000.0000736401421639,+0000.0000007883090407,+0000.0000296557948350,+0000.0303854211429518,+0000.0000007460748617,+0000.0000220816968897
+0000.8901270955790904,+0000.0671558011337440,+0000.0056846336843826,+0000.0003542688801093,+0000.0054029358842139,+0000.0000017486450911,+0000.0000801539022307,+0000.0000008436329242,+0000.0000325974666158,+0000.0311339566722573,+0000.0000008315400855,+0000.0000251329793776
+0000.8870177621033215,+0000.0691696393488240,+0000.0056435395689792,+0000.0003681465929645,+0000.0057685749964790,+0000.0000018503714650,+0000.0000870950132656,+0000.0000009009084728,+0000.0000357529759489,+0000.0318773006353565,+0000.0000009237279360,+0000.0000285137571116
+0000.8838820986747918,+0000.0711955306772539,+0000.0056035373140044,+0000.0003822135858727,+0000.0061512906535639,+0000.0000019551273002,+0000.0000944813748533,+0000.0000009601353402,+0000.0000391327484600,+0000.0326155271634574,+0000.0000010229000793,+0000.0000322496451495
+0000.8807205518210156,+0000.0732325066259460,+0000.0055646057330094,+0000.0003964663658754,+0000.0065514940043186,+0000.0000020628976063,+0000.0001023310791566,+0000.0000010213149768,+0000.0000427475233524,+0000.0333487158274843,+0000.0000011293153335,+0000.0000363674920539
+0000.8775335718985772,+0000.0752795974836861,+0000.0055267188681425,+0000.0004109015112501,+0000.0069695926822226,+0000.0000021736649562,+0000.0001106623835682,+0000.0000010844505706,+0000.0000466083528117,+0000.0340769500671952,+0000.0000012432297313,+0000.0000408954074192
+0000.8743216132276189,+0000.0773358328767811,+0000.0054898470140850,+0000.0004255156628164,+0000.0074059904319717,+0000.0000022874094297,+0000.0001194936827333,+0000.0000011495469401,+0000.0000507265996033,+0000.0348003158621438,+0000.0000013648966135,+0000.0000458627893964
+0000.8710851341638752,+0000.0794002423239557,+0000.0054539575922942,+0000.0004403055158596,+0000.0078610867400809,+0000.0000024041085696,+0000.0001288434801235,+0000.0000012166103879,+0000.0000551139328871,+0000.0355189006133307,+0000.0000014945667440,+0000.0000513003520268
+0000.8678245971167627,+0000.0814718557901112,+0000.0054190158948069,+0000.0004552678126613,+0000.0083352764697327,+0000.0000025237373526,+0000.0001387303593373,+0000.0000012856485245,+0000.0000597823222947,+0000.0362327922079301,+0000.0000016324884357,+0000.0000572401521878
+0000.8645404685210345,+0000.0835497042385630,+0000.0053849857146334,+0000.0004703993356195,+0000.0088289495000838,+0000.0000026462681753,+0000.0001491729552969,+0000.0000013566700691,+0000.0000647440303354,+0000.0369420782426997,+0000.0000017789076797,+0000.0000637156159491
+0000.8612332187686176,+0000.0856328201813831,+0000.0053518298777551,+0000.0004856969009365,+0000.0093424903702305,+0000.0000027716708569,+0000.0001601899255059,+0000.0000014296846368,+0000.0000700116032158,+0000.0376468453845937,+0000.0000019340682727,+0000.0000707615641370
+0000.8579033221064584,+0000.0877202382274776,+0000.0053195106899220,+0000.0005011573528512,+0000.0098762779280180,+0000.0000028999126577,+0000.0001717999215191,+0000.0000015047025161,+0000.0000755978601728,+0000.0383471788497073,+0000.0000020982119341,+0000.0000784142369092
+0000.8545512565055010,+0000.0898109956280397,+0000.0052879903098183,+0000.0005167775583882,+0000.0104306849838672,+0000.0000030309583139,+0000.0001840215607691,+0000.0000015817344439,+0000.0000815158814287,+0000.0390431619840192,+0000.0000022715784112,+0000.0000867113171454
+0000.8511775035052792,+0000.0919041328190229,+0000.0052572310587155,+0000.0005325544025972,+0000.0110060779697820,+0000.0000031647700881,+0000.0001968733988786,+0000.0000016607913828,+0000.0000877789948909,+0000.0397348759314696,+0000.0000024544055676,+0000.0000956919524739
+0000.8477825480380713,+0000.0939986939602898,+0000.0052271956754472,+0000.0005484847842530,+0000.0116028166036864,+0000.0000033013078351,+0000.0002103739025778,+0000.0000017418843039,+0000.0000944007617221,+0000.0404223993767514,+0000.0000026469294533,+0000.0001053967757590
+0000.8443668782360568,+0000.0960937274710967,+0000.0051978475244060,+0000.0005645656119895,+0000.0122212535592373,+0000.0000034405290812,+0000.0002245414233297,+0000.0000018250239786,+0000.0001013949609135,+0000.0411058083518162,+0000.0000028493843543,+0000.0001158679238923
+0000.8409309852244846,+0000.0981882865615835,+0000.0051691507632601,+0000.0005807938008388,+0000.0128617341412438,+0000.0000035823891170,+0000.0002393941717536,+0000.0000019102207829,+0000.0001087755729963,+0000.0417851760965289,+0000.0000030620028217,+0000.0001271490547432
+0000.8374753629034856,+0000.1002814297599467,+0000.0051410704762119,+0000.0005971662691472,+0000.0135245959668220,+0000.0000037268411013,+0000.0002549501929224,+0000.0000019974845146,+0000.0001165567630275,+0000.0424605729651596,+0000.0000032850156794,+0000.0001392853621383
+0000.8340005077208185,+0000.1023722214349770,+0000.0051135727778499,+0000.0006136799358436,+0000.0142101686524056,+0000.0000038738361761,+0000.0002712273425954,+0000.0000020868242268,+0000.0001247528629860,+0000.0431320663715094,+0000.0000035186520119,+0000.0001523235887584
+0000.8305069184375424,+0000.1044597323136568,+0000.0050866248919713,+0000.0006303317180331,+0000.0149187735067276,+0000.0000040233235896,+0000.0002882432644330,+0000.0000021782480769,+0000.0001333783537130,+0000.0437997207664304,+0000.0000037631391315,+0000.0001663120368551
+0000.8269950958883503,+0000.1065430399935132,+0000.0050601952091655,+0000.0006471185288926,+0000.0156507232298840,+0000.0000041752508277,+0000.0003060153682279,+0000.0000022717631936,+0000.0001424478465264,+0000.0444635976423453,+0000.0000040187025280,+0000.0001813005767085
+0000.8234655427380663,+0000.1086212294494346,+0000.0050342533264354,+0000.0006640372758442,+0000.0164063216185887,+0000.0000043295637504,+0000.0003245608091728,+0000.0000023673755602,+0000.0001519760646361,+0000.0451237555601152,+0000.0000042855658005,+0000.0001973406527607
+0000.8199187632356097,+0000.1106933935346637,+0000.0050087700716880,+0000.0006810848589859,+0000.0171858632777226,+0000.0000044862067337,+0000.0003438964681732,+0000.0000024650899165,+0000.0001619778244790,+0000.0457802501942403,+0000.0000045639505741,+0000.0002144852873803
+0000.8163552629665523,+0000.1127586334756872,+0000.0049837175155338,+0000.0006982581697579,+0000.0179896333382806,+0000.0000046451228141,+0000.0003640389332019,+0000.0000025649096765,+0000.0001724680170888,+0000.0464331343929488,+0000.0000048540764031,+0000.0002327890822241
+0000.8127755486052386,+0000.1148160593607487,+0000.0049590689725011,+0000.0007155540898253,+0000.0188179071818185,+0000.0000048062538351,+0000.0003850044816829,+0000.0000026668368642,+0000.0001834615896051,+0000.0470824582502087,+0000.0000051561606621,+0000.0002523082171808
+0000.8091801276673096,+0000.1168647906217185,+0000.0049347989934747,+0000.0007329694901605,+0000.0196709501714989,+0000.0000049695405935,+0000.0004068090638797,+0000.0000027708720643,+0000.0001949735270204,+0000.0477282691871309,+0000.0000054704184272,+0000.0002731004468952
+0000.8055695082633427,+0000.1189039565090614,+0000.0049108833509150,+0000.0007505012303061,+0000.0205490173898359,+0000.0000051349229863,+0000.0004294682872595,+0000.0000028770143892,+0000.0002070188342538,+0000.0483706120405940,+0000.0000057970623497,+0000.0002952250948822
+0000.8019441988542296,+0000.1209326965596476,+0000.0048872990181923,+0000.0007681461578049,+0000.0214523533832395,+0000.0000053023401540,+0000.0004529974017932,+0000.0000029852614597,+0000.0002196125186308,+0000.0490095291572461,+0000.0000061363025226,+0000.0003187430452577
+0000.7983047080088135,+0000.1229501610571607,+0000.0048640241441805,+0000.0007859011077813,+0000.0223811919134565,+0000.0000054717306224,+0000.0004774112861474,+0000.0000030956094003,+0000.0002327695728396,+0000.0496450604913154,+0000.0000064883463438,+0000.0003437167321186
+0000.7946515441642328,+0000.1249555114848612,+0000.0048410380240878,+0000.0008037629026606,+0000.0233357557160103,+0000.0000056430324393,+0000.0005027244347206,+0000.0000032080528455,+0000.0002465049584248,+0000.0502772437049027,+0000.0000068533983756,+0000.0003702101266207
+0000.7909852153893517,+0000.1269479209704707,+0000.0048183210673580,+0000.0008217283520142,+0000.0243162562657365,+0000.0000058161833073,+0000.0005289509454695,+0000.0000033225849598,+0000.0002608335898679,+0000.0509061142696368,+0000.0000072316602039,+0000.0003982887218074
+0000.7873062291515970,+0000.1289265747229481,+0000.0047958547633542,+0000.0008397942525190,+0000.0253228935495163,+0000.0000059911207111,+0000.0005561045084710,+0000.0000034391974658,+0000.0002757703192972,+0000.0515317055687545,+0000.0000076233302968,+0000.0004280195152549
+0000.7836150920874684,+0000.1308906704609344,+0000.0047736216454256,+0000.0008579573880202,+0000.0263558558463065,+0000.0000061677820376,+0000.0005841983951631,+0000.0000035578806839,+0000.0002913299218569,+0000.0521540489988232,+0000.0000080286038660,+0000.0004594709896024
+0000.7799123097769461,+0000.1328394188326504,+0000.0047516052538699,+0000.0008762145296882,+0000.0274153195145669,+0000.0000063461046910,+0000.0006132454482076,+0000.0000036786235783,+0000.0003075270817588,+0000.0527731740704574,+0000.0000084476727303,+0000.0004927130910451
+0000.7761983865219844,+0000.1347720438270327,+0000.0047297900982193,+0000.0008945624362604,+0000.0285014487871849,+0000.0000065260261996,+0000.0006432580719168,+0000.0000038014138123,+0000.0003243763790297,+0000.0533891085074977,+0000.0000088807251832,+0000.0005278172058713
+0000.7724738251292353,+0000.1366877831759078,+0000.0047081616192119,+0000.0009129978543594,+0000.0296143955739969,+0000.0000067074843158,+0000.0006742482231892,+0000.0000039262378078,+0000.0003418922769585,+0000.0540018783442179,+0000.0000093279458662,+0000.0005648561351275
+0000.7687391266971364,+0000.1385858887469992,+0000.0046867061507503,+0000.0009315175188804,+0000.0307542992720055,+0000.0000068904171083,+0000.0007062274029007,+0000.0000040530808117,+0000.0003600891102414,+0000.0546115080202147,+0000.0000097895156474,+0000.0006039040675005
+0000.7649947904074500,+0000.1404656269275778,+0000.0046654108820973,+0000.0009501181534411,+0000.0319212865833912,+0000.0000070747630465,+0000.0007392066476978,+0000.0000041819269654,+0000.0003789810738147,+0000.0552180204727049,+0000.0000102656115067,+0000.0006450365505050
+0000.7612413133213422,+0000.1423262789985646,+0000.0046442638205140,+0000.0009687964708869,+0000.0331154713414154,+0000.0000072604610775,+0000.0007731965221474,+0000.0000043127593781,+0000.0003985822123581,+0000.0558214372260198,+0000.0000107564064283,+0000.0006883304600681
+0000.7574791901800513,+0000.1441671414989061,+0000.0046232537545099,+0000.0009875491738468,+0000.0343369543443099,+0000.0000074474506947,+0000.0008082071111955,+0000.0000044455602028,+0000.0004189064104471,+0000.0564217784781384,+0000.0000112620693013,+0000.0007338639685986
+0000.7537089132101985,+0000.1459875265800434,+0000.0046023702178400,+0000.0010063729553337,+0000.0355858231972475,+0000.0000076356719991,+0000.0008442480128963,+0000.0000045803107130,+0000.0004399673833255,+0000.0570190631841468,+0000.0000117827648274,+0000.0007817165116332
+0000.7499309719337655,+0000.1477867623503067,+0000.0045816034543569,+0000.0010252644993843,+0000.0368621521624837,+0000.0000078250657530,+0000.0008813283313730,+0000.0000047169913812,+0000.0004617786682677,+0000.0576133091365515,+0000.0000123186534382,+0000.0008319687531445
+0000.7461458529827619,+0000.1495641932090690,+0000.0045609443838016,+0000.0010442204817357,+0000.0381660020177602,+0000.0000080155734263,+0000.0009194566699798,+0000.0000048555819570,+0000.0004843536164946,+0000.0582045330424039,+0000.0000128698912197,+0000.0008847025495983
+0000.7423540399185936,+0000.1513191801705012,+0000.0045403845685982,+0000.0010632375705320,+0000.0394974199230542,+0000.0000082071372355,+0000.0009586411246357,+0000.0000049960615449,+0000.0005077053856043,+0000.0587927505972234,+0000.0000134366298465,+0000.0009400009128407
+0000.7385560130561327,+0000.1530511011767753,+0000.0045199161816976,+0000.0010823124270596,+0000.0408564392957574,+0000.0000083997001763,+0000.0009988892773074,+0000.0000051384086807,+0000.0005318469324780,+0000.0593779765557275,+0000.0000140190165237,+0000.0009979479718961
+0000.7347522492924868,+0000.1547593514005704,+0000.0044995319755040,+0000.0011014417065069,+0000.0422430796943626,+0000.0000085932060495,+0000.0010402081896233,+0000.0000052826014065,+0000.0005567910066186,+0000.0599602247993974,+0000.0000146171939380,+0000.0010586289337504
+0000.7309432219404595,+0000.1564433435367394,+0000.0044792252519014,+0000.0011206220587448,+0000.0436573467107335,+0000.0000087875994804,+0000.0010826043966027,+0000.0000054286173436,+0000.0005825501438801,+0000.0605395084009226,+0000.0000152313002166,+0000.0011221300431920
+0000.7271294005666852,+0000.1581025080830041,+0000.0044589898333925,+0000.0011398501291264,+0000.0450992318710275,+0000.0000089828259334,+0000.0011260839004921,+0000.0000055764337624,+0000.0006091366605435,+0000.0611158396855807,+0000.0000158614688947,+0000.0011885385417762
+0000.7233112508344247,+0000.1597362936095484,+0000.0044388200353477,+0000.0011591225593023,+0000.0465687125453375,+0000.0000091788317204,+0000.0011706521647012,+0000.0000057260276502,+0000.0006365626476990,+0000.0616892302896204,+0000.0000165078288903,+0000.0012579426259785
+0000.7194892343509987,+0000.1613441670173910,+0000.0044187106393603,+0000.0011784359880498,+0000.0480657518661133,+0000.0000093755640045,+0000.0012163141078377,+0000.0000058773757752,+0000.0006648399658912,+0000.0622596912157210,+0000.0000171705044876,+0000.0013304314045927
+0000.7156638085198379,+0000.1629256137854200,+0000.0043986568676924,+0000.0011977870521131,+0000.0495902986554187,+0000.0000095729707994,+0000.0012630740978419,+0000.0000060304547468,+0000.0006939802399881,+0000.0628272328856108,+0000.0000178496153263,+0000.0014060948554295
+0000.7118354263971255,+0000.1644801382059821,+0000.0043786543587969,+0000.0012171723870540,+0000.0511422873610740,+0000.0000097710009645,+0000.0013109359462273,+0000.0000061852410734,+0000.0007239948542364,+0000.0633918651899299,+0000.0000185452763989,+0000.0014850237813639
+0000.7080045365530052,+0000.1660072636089241,+0000.0043586991438919,+0000.0012365886281095,+0000.0527216380017279,+0000.0000099696041963,+0000.0013599029024341,+0000.0000063417112153,+0000.0007548949474657,+0000.0639535975354265,+0000.0000192575980539,+0000.0015673097657782
+0000.7041715829373287,+0000.1675065325739905,+0000.0043387876245644,+0000.0012560324110561,+0000.0543282561208980,+0000.0000101687310169,+0000.0014099776483079,+0000.0000064998416339,+0000.0007866914084101,+0000.0645124388895799,+0000.0000199866860051,+0000.0016530451274389
+0000.7003370047499142,+0000.1689775071314902,+0000.0043189165513757,+0000.0012755003730785,+0000.0559620327500121,+0000.0000103683327589,+0000.0014611622927156,+0000.0000066596088378,+0000.0008193948711153,+0000.0650683978227409,+0000.0000207326413466,+0000.0017423228748470
+0000.6965012363152874,+0000.1704197689511479,+0000.0042990830034386,+0000.0012949891536416,+0000.0576228443804766,+0000.0000105683615486,+0000.0015134583663159,+0000.0000068209894236,+0000.0008530157104037,+0000.0656214825478851,+0000.0000214955605728,+0000.0018352366600926
+0000.6926647069618783,+0000.1718329195190680,+0000.0042792843689383,+0000.0013144953953652,+0000.0593105529447915,+0000.0000107687702869,+0000.0015668668164998,+0000.0000069839601141,+0000.0008875640373743,+0000.0661717009580724,+0000.0000222755356035,+0000.0019318807322446
+0000.6888278409056412,+0000.1732165803027390,+0000.0042595183265632,+0000.0013340157448982,+0000.0610250058067263,+0000.0000109695126280,+0000.0016213880025207,+0000.0000071484977915,+0000.0009230496949137,+0000.0667190606617034,+0000.0000230726538125,+0000.0020323498903011
+0000.6849910571380726,+0000.1745703929040205,+0000.0042397828278158,+0000.0013535468537943,+0000.0627660357605625,+0000.0000111705429571,+0000.0016770216908347,+0000.0000073145795278,+0000.0009594822532031,+0000.0672635690156676,+0000.0000238869980610,+0000.0021367394357235
+0000.6811547693185944,+0000.1758940192000562,+0000.0042200760801698,+0000.0013730853793854,+0000.0645334610394054,+0000.0000113718163674,+0000.0017337670506699,+0000.0000074821826105,+0000.0009968710052042,+0000.0678052331564705,+0000.0000247186467335,+0000.0022451451245753
+0000.6773193856712758,+0000.1771871414720657,+0000.0042003965310421,+0000.0013926279856535,+0000.0663270853325566,+0000.0000115732886355,+0000.0017916226498482,+0000.0000076512845653,+0000.0010352249621132,+0000.0683440600294290,+0000.0000255676737773,+0000.0023576631192826
+0000.6734853088858628,+0000.1784494625219747,+0000.0041807428525481,+0000.0014121713440994,+0000.0681466978119361,+0000.0000117749161972,+0000.0018505864508788,+0000.0000078218631754,+0000.0010745528487748,+0000.0688800564160210,+0000.0000264341487440,+0000.0024743899400345
+0000.6696529360230880,+0000.1796807057768510,+0000.0041611139270069,+0000.0014317121346084,+0000.0699920731675352,+0000.0000119766561221,+0000.0019106558073466,+0000.0000079938964974,+0000.0011148630990508,+0000.0694132289594732,+0000.0000273181368335,+0000.0025954224158354
+0000.6658226584242315,+0000.1808806153811178,+0000.0041415088331670,+0000.0014512470463112,+0000.0718629716518725,+0000.0000121784660895,+0000.0019718274606154,+0000.0000081673628738,+0000.0011561638511399,+0000.0699435841886678,+0000.0000282196989400,+0000.0027208576352240
+0000.6619948616249006,+0000.1820489562765273,+0000.0041219268331207,+0000.0014707727784398,+0000.0737591391334240,+0000.0000123803043632,+0000.0020340975368676,+0000.0000083422409432,+0000.0011984629428505,+0000.0704711285404474,+0000.0000291388916987,+0000.0028507928966698
+0000.6581699252730052,+0000.1831855142698797,+0000.0041023673598779,+0000.0014902860411782,+0000.0756803071589849,+0000.0000125821297677,+0000.0020974615444988,+0000.0000085185096474,+0000.0012417679068277,+0000.0709958683803935,+0000.0000300757675340,+0000.0029853256586593
+0000.6543482230508967,+0000.1842900960884853,+0000.0040828300055698,+0000.0015097835565069,+0000.0776261930249224,+0000.0000127839016648,+0000.0021619143718888,+0000.0000086961482358,+0000.0012860859657414,+0000.0715178100221535,+0000.0000310303747090,+0000.0031245534894820
+0000.6505301226016388,+0000.1853625294233684,+0000.0040633145102546,+0000.0015292620590405,+0000.0795964998572652,+0000.0000129855799305,+0000.0022274502855643,+0000.0000088751362682,+0000.0013314240274419,+0000.0720369597453850,+0000.0000320027573743,+0000.0032685740167267
+0000.6467159854593889,+0000.1864026629602238,+0000.0040438207512976,+0000.0015487182968588,+0000.0815909167005744,+0000.0000131871249336,+0000.0022940629287720,+0000.0000090554536147,+0000.0013777886800921,+0000.0725533238123870,+0000.0000329929556178,+0000.0034174848764997
+0000.6429061669838526,+0000.1874103663981416,+0000.0040243487332989,+0000.0015681490323294,+0000.0836091186155319,+0000.0000133884975146,+0000.0023617453204776,+0000.0000092370804542,+0000.0014251861872896,+0000.0730669084834835,+0000.0000340010055148,+0000.0035713836623736
+0000.6391010162987901,+0000.1883855304561219,+0000.0040048985785441,+0000.0015875510429236,+0000.0856507667851773,+0000.0000135896589665,+0000.0024304898548038,+0000.0000094199972710,+0000.0014736224831882,+0000.0735777200312203,+0000.0000350269391766,+0000.0037303678740809
+0000.6353008762345371,+0000.1893280668674105,+0000.0039854705179521,+0000.0016069211220226,+0000.0877155086297194,+0000.0000137905710156,+0000.0025002883009212,+0000.0000096041848502,+0000.0015231031676364,+0000.0740857647534385,+0000.0000360707847999,+0000.0038945348659623
+0000.6315060832745194,+0000.1902379083616920,+0000.0039660648824980,+0000.0016262560797162,+0000.0898029779298408,+0000.0000139911958049,+0000.0025711318034030,+0000.0000097896242714,+0000.0015736335013453,+0000.0745910489852785,+0000.0000371325667152,+0000.0040639817951834
+0000.6277169675057227,+0000.1911150086351825,+0000.0039466820950861,+0000.0016455527435917,+0000.0919127949584102,+0000.0000141914958782,+0000.0026430108830525,+0000.0000099762969013,+0000.0016252184011033,+0000.0750935791101739,+0000.0000382123054336,+0000.0042388055697336
+0000.6239338525730963,+0000.1919593423086753,+0000.0039273226628540,+0000.0016648079595139,+0000.0940445666205124,+0000.0000143914341653,+0000.0027159154382127,+0000.0000101641843862,+0000.0016778624350552,+0000.0755933615698836,+0000.0000393100176941,+0000.0044191027962228
+0000.6201570556378508,+0000.1927709048735937,+0000.0039079871698846,+0000.0016840185923950,+0000.0961978866016973,+0000.0000145909739689,+0000.0027898347465639,+0000.0000103532686426,+0000.0017315698180609,+0000.0760904028736167,+0000.0000404257165090,+0000.0046049697274905
+0000.6163868873396288,+0000.1935497126261167,+0000.0038886762703073,+0000.0017031815269551,+0000.0983723355243493,+0000.0000147900789529,+0000.0028647574674139,+0000.0000105435318479,+0000.0017863444071534,+0000.0765847096062951,+0000.0000415594112078,+0000.0047965022100475
+0000.6126236517625093,+0000.1942958025894479,+0000.0038693906817688,+0000.0017222936684722,+0000.1005674811120695,+0000.0000149887131321,+0000.0029406716444852,+0000.0000107349564305,+0000.0018421896971132,+0000.0770762884360020,+0000.0000427111074811,+0000.0049937956313655
+0000.6088676464048193,+0000.1950092324243042,+0000.0038501311792561,+0000.0017413519435221,+0000.1027828783619592,+0000.0000151868408628,+0000.0030175647091998,+0000.0000109275250598,+0000.0018991088161761,+0000.0775651461206587,+0000.0000438808074224,+0000.0051969448670391
+0000.6051191621527142,+0000.1956900803277095,+0000.0038308985892530,+0000.0017603533007073,+0000.1050180697246912,+0000.0000153844268353,+0000.0030954234844633,+0000.0000111212206360,+0000.0019571045218935,+0000.0780512895139723,+0000.0000450685095684,+0000.0054060442278374
+0000.6013784832575040,+0000.1963384449201812,+0000.0038116937842150,+0000.0017792947113755,+0000.1072725852922473,+0000.0000155814360675,+0000.0031742341889467,+0000.0000113160262795,+0000.0020161791971615,+0000.0785347255706944,+0000.0000462742089390,+0000.0056211874066721
+0000.5976458873166799,+0000.1969544451214088,+0000.0037925176773454,+0000.0017981731703266,+0000.1095459429931991,+0000.0000157778338996,+0000.0032539824418627,+0000.0000115119253210,+0000.0020763348464360,+0000.0790154613512273,+0000.0000474978970750,+0000.0058424674255043
+0000.5939216452586165,+0000.1975382200145261,+0000.0037733712176593,+0000.0018169856965095,+0000.1118376487954029,+0000.0000159735859901,+0000.0033346532682350,+0000.0000117089012917,+0000.0021375730921499,+0000.0794935040256158,+0000.0000487395620748,+0000.0060699765822160
+0000.5902060213309103,+0000.1980899286990856,+0000.0037542553853195,+0000.0018357293337060,+0000.1141471969159773,+0000.0000161686583133,+0000.0034162311046529,+0000.0000119069379134,+0000.0021998951713486,+0000.0799688608769581,+0000.0000499991886301,+0000.0063038063974747
+0000.5864992730923186,+0000.1986097501328514,+0000.0037351711872318,+0000.0018544011512047,+0000.1164740700384268,+0000.0000163630171572,+0000.0034986998055078,+0000.0000121060190893,+0000.0022633019325582,+0000.0804415393042681,+0000.0000512767580598,+0000.0065440475616177
+0000.5828016514082658,+0000.1990978829625321,+0000.0037161196528864,+0000.0018729982444626,+0000.1188177395367724,+0000.0000165566291235,+0000.0035820426497024,+0000.0000123061288958,+0000.0023277938329007,+0000.0809115468248214,+0000.0000525722483429,+0000.0067907898815874
+0000.5791134004498754,+0000.1995545453435786,+0000.0036971018304336,+0000.0018915177357545,+0000.1211776657065452,+0000.0000167494611271,+0000.0036662423478259,+0000.0000125072515736,+0000.0023933709354696,+0000.0813788910760147,+0000.0000538856341505,+0000.0070441222279466
+0000.5754347576964937,+0000.1999799747491833,+0000.0036781187829812,+0000.0019099567748118,+0000.1235532980024969,+0000.0000169414803981,+0000.0037512810497855,+0000.0000127093715209,+0000.0024600329069779,+0000.0818435798167652,+0000.0000552168868760,+0000.0073041324820069
