+0001.0000000000000000,+0000.0000000000000000,+0000.0000000000000000,+0000.0000000000000000,+0000.0000000000000000
+0000.9881046626075891,+0000.0000000000000000,+0000.0000000000000000,+0000.0095142059964932,+0000.0023811313959182
+0000.9542390636255041,+0000.0000000000000000,+0000.0000000000000000,+0000.0367245082186160,+0000.0090364281558799
+0000.9035580231846291,+0000.0000000000000000,+0000.0000000000000000,+0000.0778296215896049,+0000.0186123552257662
+0000.8428430400172187,+0000.0000000000000000,+0000.0000000000000000,+0000.1278043660695417,+0000.0293525939132395
+0000.7785658758762684,+0000.0000000000000000,+0000.0000000000000000,+0000.1818248695786555,+0000.0396092545450763
+0000.7157027882166507,+0000.0000000000000000,+0000.0000000000000000,+0000.2361422449732985,+0000.0481549668100509
+0000.6574295670985625,+0000.0000000000000000,+0000.0000000000000000,+0000.2883070623352908,+0000.0542633705661463
+0000.6053786784696873,+0000.0000000000000000,+0000.0000000000000000,+0000.3369785038243924,+0000.0576428177059203
+0000.5600927312233648,+0000.0000000000000000,+0000.0000000000000000,+0000.3815877962918283,+0000.0583194724848070
+0000.5214506962468243,+0000.0000000000000000,+0000.0000000000000000,+0000.4220213192644861,+0000.0565279844886897
+0000.4889848419412585,+0000.0000000000000000,+0000.0000000000000000,+0000.4583846982888935,+0000.0526304597698479
+0000.4620859535718739,+0000.0000000000000000,+0000.0000000000000000,+0000.4908505617897457,+0000.0470634846383804
+0000.4401230952507372,+0000.0000000000000000,+0000.0000000000000000,+0000.5195714625124835,+0000.0403054422367792
+0000.4225068541488438,+0000.0000000000000000,+0000.0000000000000000,+0000.5446374087479003,+0000.0328557371032562
+0000.4087187010578861,+0000.0000000000000000,+0000.0000000000000000,+0000.5660619333785836,+0000.0252193655635302
+0000.3983217349385322,+0000.0000000000000000,+0000.0000000000000000,+0000.5837857659660537,+0000.0178924990954142
+0000.3909622536254691,+0000.0000000000000000,+0000.0000000000000000,+0000.5976910261169350,+0000.0113467202575959
+0000.3863676292565685,+0000.0000000000000000,+0000.0000000000000000,+0000.6076212112893011,+0000.0060111594541306
+0000.3843434762508757,+0000.0000000000000000,+0000.0000000000000000,+0000.6134034727051139,+0000.0022530510440104
+0000.3847716104069946,+0000.0000000000000000,+0000.0000000000000000,+0000.6148702338656460,+0000.0003581557273594
+0000.3876094399641630,+0000.0000000000000000,+0000.0000000000000000,+0000.6118775327741629,+0000.0005130272616741
+0000.3928909488530331,+0000.0000000000000000,+0000.0000000000000000,+0000.6043178828702103,+0000.0027911682767567
+0000.4007291535097279,+0000.0000000000000000,+0000.0000000000000000,+0000.5921261426117602,+0000.0071447038785118
+0000.4113196970199202,+0000.0000000000000000,+0000.0000000000000000,+0000.5752779223023120,+0000.0134023806777677
+0000.4249449415291604,+0000.0000000000000000,+0000.0000000000000000,+0000.5537813999076202,+0000.0212736585632197
+0000.4419773407204193,+0000.0000000000000000,+0000.0000000000000000,+0000.5276649921742507,+0000.0303576671053301
+0000.4628797411053197,+0000.0000000000000000,+0000.0000000000000000,+0000.4969651215693962,+0000.0401551373252843
+0000.4881981629414843,+0000.0000000000000000,+0000.0000000000000000,+0000.4617204724917483,+0000.0500813645667677
+0000.5185389726089124,+0000.0000000000000000,+0000.0000000000000000,+0000.4219819625483334,+0000.0594790648427543
+0000.5545165046481197,+0000.0000000000000000,+0000.0000000000000000,+0000.3778515470698002,+0000.0676319482820799
+0000.5966487636823927,+0000.0000000000000000,+0000.0000000000000000,+0000.3295678976964854,+0000.0737833386211218
+0000.6451691046544923,+0000.0000000000000000,+0000.0000000000000000,+0000.2776612938944174,+0000.0771696014510904
+0000.6997168398079314,+0000.0000000000000000,+0000.0000000000000000,+0000.2231979337442765,+0000.0770852264477921
+0000.7588861399454122,+0000.0000000000000000,+0000.0000000000000000,+0000.1681115789836768,+0000.0730022810709111
+0000.8196822774499042,+0000.0000000000000000,+0000.0000000000000000,+0000.1155551364834342,+0000.0647625860666618
+0000.8770919000911520,+0000.0000000000000000,+0000.0000000000000000,+0000.0700795003816141,+0000.0528285995272338
+0000.9241934564064773,+0000.0000000000000000,+0000.0000000000000000,+0000.0373043624510560,+0000.0385021811424667
+0000.9533123076691818,+0000.0000000000000000,+0000.0000000000000000,+0000.0227638324756136,+0000.0239238598552045
+0000.9582967403410214,+0000.0000000000000000,+0000.0000000000000000,+0000.0300409274728182,+0000.0116623321861602
+0000.9370014692669663,+0000.0000000000000000,+0000.0000000000000000,+0000.0590699014125227,+0000.0039286293205110
+0000.8923806796504146,+0000.0000000000000000,+0000.0000000000000000,+0000.1058140740960737,+0000.0018052462535120
+0000.8313250505345549,+0000.0000000000000000,+0000.0000000000000000,+0000.1637020175709801,+0000.0049729318944653
+0000.7620652847319452,+0000.0000000000000000,+0000.0000000000000000,+0000.2258809560996376,+0000.0120537591684171
+0000.6917973184619104,+0000.0000000000000000,+0000.0000000000000000,+0000.2869511629972326,+0000.0212515185408573
+0000.6255191253806657,+0000.0000000000000000,+0000.0000000000000000,+0000.3435857364471350,+0000.0308951381721996
+0000.5660000227193052,+0000.0000000000000000,+0000.0000000000000000,+0000.3942864562113746,+0000.0397135210693201
+0000.5143190886946030,+0000.0000000000000000,+0000.0000000000000000,+0000.4387977617576163,+0000.0468831495477811
+0000.4704971023034455,+0000.0000000000000000,+0000.0000000000000000,+0000.4775437141323035,+0000.0519591835642509
+0000.4339989177293511,+0000.0000000000000000,+0000.0000000000000000,+0000.5112249171978498,+0000.0547761650727992
+0000.4040627597072886,+0000.0000000000000000,+0000.0000000000000000,+0000.5405765588062609,+0000.0553606814864504
+0000.3798888844549036,+0000.0000000000000000,+0000.0000000000000000,+0000.5662428431157549,+0000.0538682724293414
+0000.3607346304131130,+0000.0000000000000000,+0000.0000000000000000,+0000.5887224926551311,+0000.0505428769317560
+0000.3459542210933129,+0000.0000000000000000,+0000.0000000000000000,+0000.6083529762499803,+0000.0456928026567066
+0000.3350089607195170,+0000.0000000000000000,+0000.0000000000000000,+0000.6253139740677831,+0000.0396770652126999
+0000.3274632161015990,+0000.0000000000000000,+0000.0000000000000000,+0000.6396397157463576,+0000.0328970681520432
+0000.3229747882051544,+0000.0000000000000000,+0000.0000000000000000,+0000.6512354054148372,+0000.0257898063800085
+0000.3212842124751845,+0000.0000000000000000,+0000.0000000000000000,+0000.6598960133390326,+0000.0188197741857830
+0000.3222052470639545,+0000.0000000000000000,+0000.0000000000000000,+0000.6653271756889519,+0000.0124675772470935
+0000.3256175842658770,+0000.0000000000000000,+0000.0000000000000000,+0000.6671684089034038,+0000.0072140068307193
+0000.3314621709615919,+0000.0000000000000000,+0000.0000000000000000,+0000.6650186953021912,+0000.0035191337362169
+0000.3397391486342569,+0000.0000000000000000,+0000.0000000000000000,+0000.6584640039430437,+0000.0017968474226991
+0000.3505081344836699,+0000.0000000000000000,+0000.0000000000000000,+0000.6471057282645103,+0000.0023861372518200
+0000.3638902321902088,+0000.0000000000000000,+0000.0000000000000000,+0000.6305886322469986,+0000.0055211355627927
+0000.3800706693980372,+0000.0000000000000000,+0000.0000000000000000,+0000.6086270132140100,+0000.0113023173879527
+0000.3993001711324344,+0000.0000000000000000,+0000.0000000000000000,+0000.5810287180348626,+0000.0196711108327029
+0000.4218918933841835,+0000.0000000000000000,+0000.0000000000000000,+0000.5477186271680753,+0000.0303894794477410
+0000.4482086633209422,+0000.0000000000000000,+0000.0000000000000000,+0000.5087663466636219,+0000.0430249900154359
+0000.4786320252104795,+0000.0000000000000000,+0000.0000000000000000,+0000.4644269905093945,+0000.0569409842801262
+0000.5134998814948721,+0000.0000000000000000,+0000.0000000000000000,+0000.4152085129403050,+0000.0712916055648228
+0000.5529936970314671,+0000.0000000000000000,+0000.0000000000000000,+0000.3619824438646525,+0000.0850238591038803
+0000.5969516953545783,+0000.0000000000000000,+0000.0000000000000000,+0000.3061531407305845,+0000.0968951639148372
+0000.6445883961129253,+0000.0000000000000000,+0000.0000000000000000,+0000.2498854740837775,+0000.1055261298032969
+0000.6941286723826963,+0000.0000000000000000,+0000.0000000000000000,+0000.1963484167694996,+0000.1095229108478044
+0000.7424390095440689,+0000.0000000000000000,+0000.0000000000000000,+0000.1498494062363623,+0000.1077115842195688
+0000.7848695699603729,+0000.0000000000000000,+0000.0000000000000000,+0000.1156263606871202,+0000.0995040693525065
+0000.8156478542676719,+0000.0000000000000000,+0000.0000000000000000,+0000.0990236898966519,+0000.0853284558356761
+0000.8291002865777212,+0000.0000000000000000,+0000.0000000000000000,+0000.1039880589994131,+0000.0669116544228658
+0000.8215130362480594,+0000.0000000000000000,+0000.0000000000000000,+0000.1313696720321779,+0000.0471172917197629
+0000.7927425293836445,+0000.0000000000000000,+0000.0000000000000000,+0000.1780459012050556,+0000.0292115694112999
+0000.7464879524886079,+0000.0000000000000000,+0000.0000000000000000,+0000.2376636366124000,+0000.0158484108989918
+0000.6889581764419056,+0000.0000000000000000,+0000.0000000000000000,+0000.3027002900282199,+0000.0083415335298745
+0000.6268067233859169,+0000.0000000000000000,+0000.0000000000000000,+0000.3666155536444237,+0000.0065777229696596
+0000.5655011660134768,+0000.0000000000000000,+0000.0000000000000000,+0000.4250496090375264,+0000.0094492249489970
+0000.5086577244983217,+0000.0000000000000000,+0000.0000000000000000,+0000.4759101882903806,+0000.0154320872112979
+0000.4581593827280930,+0000.0000000000000000,+0000.0000000000000000,+0000.5188119710034876,+0000.0230286462684192
+0000.4146254322653939,+0000.0000000000000000,+0000.0000000000000000,+0000.5543781145808939,+0000.0309964531537119
+0000.3779070965254778,+0000.0000000000000000,+0000.0000000000000000,+0000.5836804174523664,+0000.0384124860221560
+0000.3474679828952621,+0000.0000000000000000,+0000.0000000000000000,+0000.6078828841092064,+0000.0446491329955314
+0000.3226293430877165,+0000.0000000000000000,+0000.0000000000000000,+0000.6280519836854598,+0000.0493186732268238
+0000.3027088762350917,+0000.0000000000000000,+0000.0000000000000000,+0000.6450745561911748,+0000.0522165675737336
+0000.2870894603724674,+0000.0000000000000000,+0000.0000000000000000,+0000.6596349753163100,+0000.0532755643112223
+0000.2752467370164855,+0000.0000000000000000,+0000.0000000000000000,+0000.6722201905850154,+0000.0525330723984991
+0000.2667547235894723,+0000.0000000000000000,+0000.0000000000000000,+0000.6831349833984665,+0000.0501102930120613
+0000.2612808974386330,+0000.0000000000000000,+0000.0000000000000000,+0000.6925186784047483,+0000.0462004241566187
+0000.2585770640494356,+0000.0000000000000000,+0000.0000000000000000,+0000.7003597483189226,+0000.0410631876316419
+0000.2584692224995400,+0000.0000000000000000,+0000.0000000000000000,+0000.7065076254591475,+0000.0350231520413124
+0000.2608478763479911,+0000.0000000000000000,+0000.0000000000000000,+0000.7106826202844382,+0000.0284695033675706
+0000.2656592710334461,+0000.0000000000000000,+0000.0000000000000000,+0000.7124857788248635,+0000.0218549501416904
+0000.2728975136441387,+0000.0000000000000000,+0000.0000000000000000,+0000.7114111217514609,+0000.0156913646044002
+0000.2825972233300678,+0000.0000000000000000,+0000.0000000000000000,+0000.7068631379128464,+0000.0105396387570859
+0000.2948261240496104,+0000.0000000000000000,+0000.0000000000000000,+0000.6981826767774743,+0000.0069911991729152
+0000.3096767153168901,+0000.0000000000000000,+0000.0000000000000000,+0000.6846844617274542,+0000.0056388229556555
+0000.3272557396966218,+0000.0000000000000000,+0000.0000000000000000,+0000.6657092898578520,+0000.0070349704455266
+0000.3476695051152312,+0000.0000000000000000,+0000.0000000000000000,+0000.6406935958910664,+0000.0116368989937022
+0000.3710021270388587,+0000.0000000000000000,+0000.0000000000000000,+0000.6092584911953327,+0000.0197393817658088
+0000.3972824199604135,+0000.0000000000000000,+0000.0000000000000000,+0000.5713196589021674,+0000.0313979211374192
+0000.4264337102199949,+0000.0000000000000000,+0000.0000000000000000,+0000.5272182954653548,+0000.0463479943146503
+0000.4582000118549754,+0000.0000000000000000,+0000.0000000000000000,+0000.4778705073136070,+0000.0639294808314176
+0000.4920435522679732,+0000.0000000000000000,+0000.0000000000000000,+0000.4249255742296116,+0000.0830308735024151
+0000.5270157947208934,+0000.0000000000000000,+0000.0000000000000000,+0000.3709079347012343,+0000.1020762705778722
+0000.5616214014683139,+0000.0000000000000000,+0000.0000000000000000,+0000.3192892975004601,+0000.1190893010312260
+0000.5937250921458592,+0000.0000000000000000,+0000.0000000000000000,+0000.2743978988310747,+0000.1318770090230664
+0000.6205889741708274,+0000.0000000000000000,+0000.0000000000000000,+0000.2410421647344016,+0000.1383688610947708
+0000.6391457347587317,+0000.0000000000000000,+0000.0000000000000000,+0000.2237556695061741,+0000.1370985957350940
+0000.6465621800641466,+0000.0000000000000000,+0000.0000000000000000,+0000.2257198712631585,+0000.1277179486726950
+0000.6409950318281683,+0000.0000000000000000,+0000.0000000000000000,+0000.2476837119535296,+0000.1113212562183023
+0000.6222468529223931,+0000.0000000000000000,+0000.0000000000000000,+0000.2874068291454762,+0000.0903463179321308
+0000.5919677895216846,+0000.0000000000000000,+0000.0000000000000000,+0000.3400418265853259,+0000.0679903838929895
+0000.5532495787702034,+0000.0000000000000000,+0000.0000000000000000,+0000.3993858622966316,+0000.0473645589331652
+0000.5098055411453387,+0000.0000000000000000,+0000.0000000000000000,+0000.4594246519872279,+0000.0307698068674333
+0000.4651326657096883,+0000.0000000000000000,+0000.0000000000000000,+0000.5154991156290392,+0000.0193682186612727
+0000.4219675352016281,+0000.0000000000000000,+0000.0000000000000000,+0000.5647694669130257,+0000.0132629978853465
+0000.3821126963468172,+0000.0000000000000000,+0000.0000000000000000,+0000.6060728894860634,+0000.0118144141671195
+0000.3465313329676722,+0000.0000000000000000,+0000.0000000000000000,+0000.6394714872641060,+0000.0139971797682217
+0000.3155614564220462,+0000.0000000000000000,+0000.0000000000000000,+0000.6657558529989134,+0000.0186826905790406
+0000.2891398002704831,+0000.0000000000000000,+0000.0000000000000000,+0000.6860460496287161,+0000.0248141501008006
+0000.2669827442081101,+0000.0000000000000000,+0000.0000000000000000,+0000.7015261974738599,+0000.0314910583180301
+0000.2487122758424856,+0000.0000000000000000,+0000.0000000000000000,+0000.7132937577094622,+0000.0379939664480524
+0000.2339345688772060,+0000.0000000000000000,+0000.0000000000000000,+0000.7222884954408182,+0000.0437769356819758
+0000.2222842865947219,+0000.0000000000000000,+0000.0000000000000000,+0000.7292692387016719,+0000.0484464747036063
+0000.2134466676432912,+0000.0000000000000000,+0000.0000000000000000,+0000.7348154575197363,+0000.0517378748369724
+0000.2071663846610688,+0000.0000000000000000,+0000.0000000000000000,+0000.7393391649017403,+0000.0534944504371909
+0000.2032491436075128,+0000.0000000000000000,+0000.0000000000000000,+0000.7430988620543982,+0000.0536519943380887
+0000.2015596524016620,+0000.0000000000000000,+0000.0000000000000000,+0000.7462112780714883,+0000.0522290695268498
+0000.2020179534975999,+0000.0000000000000000,+0000.0000000000000000,+0000.7486591075224305,+0000.0493229389799696
+0000.2045950104021979,+0000.0000000000000000,+0000.0000000000000000,+0000.7502944613182019,+0000.0451105282796004
+0000.2093076642852292,+0000.0000000000000000,+0000.0000000000000000,+0000.7508388216637341,+0000.0398535140510369
+0000.2162124687310290,+0000.0000000000000000,+0000.0000000000000000,+0000.7498813106327160,+0000.0339062206362549
+0000.2253973480033848,+0000.0000000000000000,+0000.0000000000000000,+0000.7468783344093616,+0000.0277243175872535
+0000.2369694349419370,+0000.0000000000000000,+0000.0000000000000000,+0000.7411593679626790,+0000.0218711970953841
+0000.2510368211237600,+0000.0000000000000000,+0000.0000000000000000,+0000.7319459022271992,+0000.0170172766490407
+0000.2676813923854809,+0000.0000000000000000,+0000.0000000000000000,+0000.7183932533521473,+0000.0139253542623717
+0000.2869197058601648,+0000.0000000000000000,+0000.0000000000000000,+0000.6996674037164901,+0000.0134128904233451
+0000.3086495475736886,+0000.0000000000000000,+0000.0000000000000000,+0000.6750697959724326,+0000.0162806564538788
+0000.3325822909068314,+0000.0000000000000000,+0000.0000000000000000,+0000.6442192326329444,+0000.0231984764602241
+0000.3581665639241138,+0000.0000000000000000,+0000.0000000000000000,+0000.6072876632154760,+0000.0345457728604102
+0000.3845177310648478,+0000.0000000000000000,+0000.0000000000000000,+0000.5652616723373959,+0000.0502205965977565
+0000.4103792209167783,+0000.0000000000000000,+0000.0000000000000000,+0000.5201639533855890,+0000.0694568256976325
+0000.4341510225844533,+0000.0000000000000000,+0000.0000000000000000,+0000.4751296633143155,+0000.0907193141012315
+0000.4540185336824434,+0000.0000000000000000,+0000.0000000000000000,+0000.4342178534547517,+0000.1117636128628051
+0000.4681913928187859,+0000.0000000000000000,+0000.0000000000000000,+0000.4018839770314973,+0000.1299246301497168
+0000.4752160654006874,+0000.0000000000000000,+0000.0000000000000000,+0000.3821629940238270,+0000.1426209405754857
+0000.4742762075773089,+0000.0000000000000000,+0000.0000000000000000,+0000.3777746493339969,+0000.1479491430886941
+0000.4653751855221797,+0000.0000000000000000,+0000.0000000000000000,+0000.3894634968948680,+0000.1451613175829526
+0000.4493297669860419,+0000.0000000000000000,+0000.0000000000000000,+0000.4158323774625788,+0000.1348378555513790
+0000.4275800163604221,+0000.0000000000000000,+0000.0000000000000000,+0000.4537256482522133,+0000.1186943353873647
+0000.4018919331512859,+0000.0000000000000000,+0000.0000000000000000,+0000.4989894799735821,+0000.0991185868751319
+0000.3740552563759092,+0000.0000000000000000,+0000.0000000000000000,+0000.5473191681209364,+0000.0786255755031544
+0000.3456545503930756,+0000.0000000000000000,+0000.0000000000000000,+0000.5949407269972936,+0000.0594047226096308
+0000.3179440902524222,+0000.0000000000000000,+0000.0000000000000000,+0000.6390035220879517,+0000.0430523876596260
+0000.2918163409481340,+0000.0000000000000000,+0000.0000000000000000,+0000.6776898135921590,+0000.0304938454597070
+0000.2678338212565529,+0000.0000000000000000,+0000.0000000000000000,+0000.7101216895811171,+0000.0220444891623303
+0000.2462925251339466,+0000.0000000000000000,+0000.0000000000000000,+0000.7361623798536633,+0000.0175450950123901
+0000.2272930214666218,+0000.0000000000000000,+0000.0000000000000000,+0000.7561901425308564,+0000.0165168360025217
+0000.2108052672575180,+0000.0000000000000000,+0000.0000000000000000,+0000.7708929587263067,+0000.0183017740161753
+0000.1967211320461290,+0000.0000000000000000,+0000.0000000000000000,+0000.7811057824028005,+0000.0221730855510704
+0000.1848936547231806,+0000.0000000000000000,+0000.0000000000000000,+0000.7876942536375762,+0000.0274120916392433
+0000.1751645983687252,+0000.0000000000000000,+0000.0000000000000000,+0000.7914792403713138,+0000.0333561612599612
+0000.1673827811286377,+0000.0000000000000000,+0000.0000000000000000,+0000.7931929330159975,+0000.0394242858553648
+0000.1614156790489341,+0000.0000000000000000,+0000.0000000000000000,+0000.7934569997706143,+0000.0451273211804515
+0000.1571564155410112,+0000.0000000000000000,+0000.0000000000000000,+0000.7927746823745332,+0000.0500689020844557
+0000.1545277503142476,+0000.0000000000000000,+0000.0000000000000000,+0000.7915305542037225,+0000.0539416954820299
+0000.1534841864942620,+0000.0000000000000000,+0000.0000000000000000,+0000.7899934090742902,+0000.0565224044314479
+0000.1540128654064066,+0000.0000000000000000,+0000.0000000000000000,+0000.7883191891472409,+0000.0576679454463523
+0000.1561334997106736,+0000.0000000000000000,+0000.0000000000000000,+0000.7865519883230773,+0000.0573145119662491
+0000.1598971635598034,+0000.0000000000000000,+0000.0000000000000000,+0000.7846220933623659,+0000.0554807430778305
+0000.1653832524364593,+0000.0000000000000000,+0000.0000000000000000,+0000.7823409352619747,+0000.0522758123015662
+0000.1726932785081757,+0000.0000000000000000,+0000.0000000000000000,+0000.7793939770161444,+0000.0479127444756798
+0000.1819393305638971,+0000.0000000000000000,+0000.0000000000000000,+0000.7753342993784685,+0000.0427263700576343
+0000.1932240279602800,+0000.0000000000000000,+0000.0000000000000000,+0000.7695823602786329,+0000.0371936117610872
+0000.2066078662367354,+0000.0000000000000000,+0000.0000000000000000,+0000.7614414148499935,+0000.0319507189132712
+0000.2220596514083302,+0000.0000000000000000,+0000.0000000000000000,+0000.7501432227542691,+0000.0277971258374009
+0000.2393876465392976,+0000.0000000000000000,+0000.0000000000000000,+0000.7349433854574432,+0000.0256689680032590
+0000.2581553510254411,+0000.0000000000000000,+0000.0000000000000000,+0000.7152855983164046,+0000.0265590506581543
+0000.2775987751150828,+0000.0000000000000000,+0000.0000000000000000,+0000.6910410654041013,+0000.0313601594808159
+0000.2965810271927278,+0000.0000000000000000,+0000.0000000000000000,+0000.6627935098579830,+0000.0406254629492892
+0000.3136362064204998,+0000.0000000000000000,+0000.0000000000000000,+0000.6320806033482489,+0000.0542831902312512
+0000.3271480870495227,+0000.0000000000000000,+0000.0000000000000000,+0000.6014454440050988,+0000.0714064689453785
+0000.3356595383309875,+0000.0000000000000000,+0000.0000000000000000,+0000.5741576841997605,+0000.0901827774692517
+0000.3382245973037564,+0000.0000000000000000,+0000.0000000000000000,+0000.5535877754680798,+0000.1081876272281637
+0000.3346541494572646,+0000.0000000000000000,+0000.0000000000000000,+0000.5424229502473275,+0000.1229229002954080
+0000.3255361506467241,+0000.0000000000000000,+0000.0000000000000000,+0000.5420473077346369,+0000.1324165416186389
+0000.3120288147418396,+0000.0000000000000000,+0000.0000000000000000,+0000.5523358376130481,+0000.1356353476451124
+0000.2955396752438939,+0000.0000000000000000,+0000.0000000000000000,+0000.5718812674404915,+0000.1325790573156148
+0000.2774305335501208,+0000.0000000000000000,+0000.0000000000000000,+0000.5984723005938976,+0000.1240971658559817
+0000.2588321101559778,+0000.0000000000000000,+0000.0000000000000000,+0000.6295982237400096,+0000.1115696661040121
+0000.2405771888789651,+0000.0000000000000000,+0000.0000000000000000,+0000.6628364983149343,+0000.0965863128061004
+0000.2232166318557343,+0000.0000000000000000,+0000.0000000000000000,+0000.6960852260796405,+0000.0806981420646251
+0000.2070749547487957,+0000.0000000000000000,+0000.0000000000000000,+0000.7276670471649358,+0000.0652579980862686
+0000.1923140376802107,+0000.0000000000000000,+0000.0000000000000000,+0000.7563493081560828,+0000.0513366541637065
+0000.1789886898771273,+0000.0000000000000000,+0000.0000000000000000,+0000.7813179589601060,+0000.0396933511627664
+0000.1670887498192207,+0000.0000000000000000,+0000.0000000000000000,+0000.8021288079053721,+0000.0307824422754071
+0000.1565682405748046,+0000.0000000000000000,+0000.0000000000000000,+0000.8186488120541073,+0000.0247829473710880
+0000.1473643246871403,+0000.0000000000000000,+0000.0000000000000000,+0000.8309939245766250,+0000.0216417507362348
+0000.1394090941081754,+0000.0000000000000000,+0000.0000000000000000,+0000.8394673874326657,+0000.0211235184591589
+0000.1326367255945750,+0000.0000000000000000,+0000.0000000000000000,+0000.8445014344196818,+0000.0228618399857432
+0000.1269878370486332,+0000.0000000000000000,+0000.0000000000000000,+0000.8466048771888142,+0000.0264072857625526
+0000.1224122579399937,+0000.0000000000000000,+0000.0000000000000000,+0000.8463184024247741,+0000.0312693396352323
+0000.1188709564205745,+0000.0000000000000000,+0000.0000000000000000,+0000.8441785304578044,+0000.0369505131216210
+0000.1163375422188337,+0000.0000000000000000,+0000.0000000000000000,+0000.8406902301783140,+0000.0429722276028523
+0000.1147995511607356,+0000.0000000000000000,+0000.0000000000000000,+0000.8363073450171237,+0000.0488931038221409
+0000.1142595697908895,+0000.0000000000000000,+0000.0000000000000000,+0000.8314193858354962,+0000.0543210443736142
+0000.1147361338196674,+0000.0000000000000000,+0000.0000000000000000,+0000.8263429260470573,+0000.0589209401332756
+0000.1162641908512591,+0000.0000000000000000,+0000.0000000000000000,+0000.8213157669122444,+0000.0624200422364964
+0000.1188947143065604,+0000.0000000000000000,+0000.0000000000000000,+0000.8164921830518830,+0000.0646131026415563
+0000.1226927467800236,+0000.0000000000000000,+0000.0000000000000000,+0000.8119378923733150,+0000.0653693608466612
+0000.1277326924126274,+0000.0000000000000000,+0000.0000000000000000,+0000.8076239696004750,+0000.0646433379868975
+0000.1340890437642722,+0000.0000000000000000,+0000.0000000000000000,+0000.8034198884887118,+0000.0624910677470160
+0000.1418199688889027,+0000.0000000000000000,+0000.0000000000000000,+0000.7990875056794764,+0000.0590925254316210
+0000.1509405479535020,+0000.0000000000000000,+0000.0000000000000000,+0000.7942804416232667,+0000.0547790104232314
+0000.1613826044517151,+0000.0000000000000000,+0000.0000000000000000,+0000.7885571904914300,+0000.0500602050568551
+0000.1729403796107349,+0000.0000000000000000,+0000.0000000000000000,+0000.7814208867931342,+0000.0456387335961313
+0000.1852077946938174,+0000.0000000000000000,+0000.0000000000000000,+0000.7724015467900202,+0000.0423906585161624
+0000.1975253667856068,+0000.0000000000000000,+0000.0000000000000000,+0000.7611920960125467,+0000.0412825372018466
+0000.2089708491614714,+0000.0000000000000000,+0000.0000000000000000,+0000.7478292684143111,+0000.0431998824242177
+0000.2184364237452323,+0000.0000000000000000,+0000.0000000000000000,+0000.7328706232965351,+0000.0486929529582326
+0000.2248169919091495,+0000.0000000000000000,+0000.0000000000000000,+0000.7174750393954420,+0000.0577079686954084
+0000.2272767972706495,+0000.0000000000000000,+0000.0000000000000000,+0000.7032894821596193,+0000.0694337205697311
+0000.2254909865561983,+0000.0000000000000000,+0000.0000000000000000,+0000.6921210259474980,+0000.0823879874963036
+0000.2197393674791015,+0000.0000000000000000,+0000.0000000000000000,+0000.6855043172990375,+0000.0947563152218612
+0000.2108013000199802,+0000.0000000000000000,+0000.0000000000000000,+0000.6843547588753800,+0000.1048439411046398
+0000.1997141383870298,+0000.0000000000000000,+0000.0000000000000000,+0000.6888451858076117,+0000.1114406758053584
+0000.1875176731034694,+0000.0000000000000000,+0000.0000000000000000,+0000.6985057462338915,+0000.1139765806626391
+0000.1750786266862071,+0000.0000000000000000,+0000.0000000000000000,+0000.7124432309722936,+0000.1124781423414994
+0000.1630200743188076,+0000.0000000000000000,+0000.0000000000000000,+0000.7295661677262373,+0000.1074137579549552
+0000.1517299491901173,+0000.0000000000000000,+0000.0000000000000000,+0000.7487520027590996,+0000.0995180480507833
+0000.1414088846384350,+0000.0000000000000000,+0000.0000000000000000,+0000.7689453506715046,+0000.0896457646900602
+0000.1321268469453366,+0000.0000000000000000,+0000.0000000000000000,+0000.7892042552727923,+0000.0786688977818713
+0000.1238725362886188,+0000.0000000000000000,+0000.0000000000000000,+0000.8087168815925878,+0000.0674105821187932
+0000.1165903664970742,+0000.0000000000000000,+0000.0000000000000000,+0000.8268056118658111,+0000.0566040216371146
+0000.1102055095853945,+0000.0000000000000000,+0000.0000000000000000,+0000.8429278529168041,+0000.0468666374978014
+0000.1046395469014965,+0000.0000000000000000,+0000.0000000000000000,+0000.8566768153774215,+0000.0386836377210822
+0000.0998194774687547,+0000.0000000000000000,+0000.0000000000000000,+0000.8677819256029620,+0000.0323985969282832
+0000.0956823506331203,+0000.0000000000000000,+0000.0000000000000000,+0000.8761070208138391,+0000.0282106285530407
+0000.0921771827107898,+0000.0000000000000000,+0000.0000000000000000,+0000.8816444237549657,+0000.0261783935342445
+0000.0892652986520391,+0000.0000000000000000,+0000.0000000000000000,+0000.8845037869354926,+0000.0262309144124683
+0000.0869198533144798,+0000.0000000000000000,+0000.0000000000000000,+0000.8848957194015049,+0000.0281844272840151
+0000.0851250133629470,+0000.0000000000000000,+0000.0000000000000000,+0000.8831112529586498,+0000.0317637336784033
+0000.0838750867984487,+0000.0000000000000000,+0000.0000000000000000,+0000.8794988997094616,+0000.0366260134920897
+0000.0831737432151810,+0000.0000000000000000,+0000.0000000000000000,+0000.8744412840538501,+0000.0423849727309689
+0000.0830333515744869,+0000.0000000000000000,+0000.0000000000000000,+0000.8683331278407557,+0000.0486335205847574
+0000.0834743555322994,+0000.0000000000000000,+0000.0000000000000000,+0000.8615618528664257,+0000.0549637916012747
+0000.0845244921071941,+0000.0000000000000000,+0000.0000000000000000,+0000.8544914043884364,+0000.0609841035043694
+0000.0862175193278713,+0000.0000000000000000,+0000.0000000000000000,+0000.8474492437212269,+0000.0663332369509016
+0000.0885909331976659,+0000.0000000000000000,+0000.0000000000000000,+0000.8407159182857262,+0000.0706931485166079
+0000.0916819097366671,+0000.0000000000000000,+0000.0000000000000000,+0000.8345162670300018,+0000.0738018232333308
+0000.0955204118882247,+0000.0000000000000000,+0000.0000000000000000,+0000.8290112209902979,+0000.0754683671214775
+0000.1001181206506525,+0000.0000000000000000,+0000.0000000000000000,+0000.8242894087716430,+0000.0755924705777046
+0000.1054517789034793,+0000.0000000000000000,+0000.0000000000000000,+0000.8203585448910682,+0000.0741896762054522
+0000.1114400920831225,+0000.0000000000000000,+0000.0000000000000000,+0000.8171381087509562,+0000.0714217991659212
+0000.1179152157116183,+0000.0000000000000000,+0000.0000000000000000,+0000.8144572976659449,+0000.0676274866224365
+0000.1245938969150548,+0000.0000000000000000,+0000.0000000000000000,+0000.8120653732439583,+0000.0633407298409872
+0000.1310596782614229,+0000.0000000000000000,+0000.0000000000000000,+0000.8096638026770273,+0000.0592765190615501
+0000.1367740268464040,+0000.0000000000000000,+0000.0000000000000000,+0000.8069676267856702,+0000.0562583463679255
+0000.1411346566997237,+0000.0000000000000000,+0000.0000000000000000,+0000.8037930049916128,+0000.0550723383086634
+0000.1435853903125962,+0000.0000000000000000,+0000.0000000000000000,+0000.8001484950091212,+0000.0562661146782826
+0000.1437522818691186,+0000.0000000000000000,+0000.0000000000000000,+0000.7962894477175171,+0000.0599582704133645
+0000.1415517881113442,+0000.0000000000000000,+0000.0000000000000000,+0000.7926972026101327,+0000.0657510092785232
+0000.1372168382657012,+0000.0000000000000000,+0000.0000000000000000,+0000.7899776491806481,+0000.0728055125536508
+0000.1312262222178743,+0000.0000000000000000,+0000.0000000000000000,+0000.7887183692732671,+0000.0800554085088587
+0000.1241741721708572,+0000.0000000000000000,+0000.0000000000000000,+0000.7893639397258133,+0000.0864618881033295
+0000.1166398620864843,+0000.0000000000000000,+0000.0000000000000000,+0000.7921500855673387,+0000.0912100523461769
+0000.1091000132415110,+0000.0000000000000000,+0000.0000000000000000,+0000.7971001089637580,+0000.0937998777947311
+0000.1018948380057963,+0000.0000000000000000,+0000.0000000000000000,+0000.8040610949494060,+0000.0940440670447974
+0000.0952339723614799,+0000.0000000000000000,+0000.0000000000000000,+0000.8127531794155732,+0000.0920128482229469
+0000.0892225467973028,+0000.0000000000000000,+0000.0000000000000000,+0000.8228143507808613,+0000.0879631024218360
+0000.0838919339715565,+0000.0000000000000000,+0000.0000000000000000,+0000.8338343219109410,+0000.0822737441175025
+0000.0792268299612401,+0000.0000000000000000,+0000.0000000000000000,+0000.8453781814226533,+0000.0753949886161067
+0000.0751858170806938,+0000.0000000000000000,+0000.0000000000000000,+0000.8570033789545360,+0000.0678108039647703
+0000.0717155531464784,+0000.0000000000000000,+0000.0000000000000000,+0000.8682737185703420,+0000.0600107282831795
+0000.0687598846945310,+0000.0000000000000000,+0000.0000000000000000,+0000.8787729612011237,+0000.0524671541043453
+0000.0662653406954032,+0000.0000000000000000,+0000.0000000000000000,+0000.8881192732831344,+0000.0456153860214621
+0000.0641842208229722,+0000.0000000000000000,+0000.0000000000000000,+0000.8959805168017216,+0000.0398352623753065
+0000.0624761598886433,+0000.0000000000000000,+0000.0000000000000000,+0000.9020894259606616,+0000.0354344141506949
+0000.0611087566817455,+0000.0000000000000000,+0000.0000000000000000,+0000.9062571385352981,+0000.0326341047829564
+0000.0600576365753941,+0000.0000000000000000,+0000.0000000000000000,+0000.9083833871302438,+0000.0315589762943623
+0000.0593061685798543,+0000.0000000000000000,+0000.0000000000000000,+0000.9084619014346151,+0000.0322319299855305
+0000.0588449616612197,+0000.0000000000000000,+0000.0000000000000000,+0000.9065801541301268,+0000.0345748842086534
+0000.0586712028229466,+0000.0000000000000000,+0000.0000000000000000,+0000.9029133573103646,+0000.0384154398666890
+0000.0587878535892346,+0000.0000000000000000,+0000.0000000000000000,+0000.8977133961710998,+0000.0434987502396653
+0000.0592026784315959,+0000.0000000000000000,+0000.0000000000000000,+0000.8912939886335814,+0000.0495033329348225
+0000.0599270282533752,+0000.0000000000000000,+0000.0000000000000000,+0000.8840136512470316,+0000.0560593204995931
+0000.0609742380054098,+0000.0000000000000000,+0000.0000000000000000,+0000.8762579816490839,+0000.0627677803455066
+0000.0623574184205880,+0000.0000000000000000,+0000.0000000000000000,+0000.8684223662434539,+0000.0692202153359581
+0000.0640863344370390,+0000.0000000000000000,+0000.0000000000000000,+0000.8608955798147647,+0000.0750180857481963
+0000.0661629893823065,+0000.0000000000000000,+0000.0000000000000000,+0000.8540439895905915,+0000.0797930210271022
+0000.0685755253726311,+0000.0000000000000000,+0000.0000000000000000,+0000.8481953683675606,+0000.0832291062598084
+0000.0712902039240021,+0000.0000000000000000,+0000.0000000000000000,+0000.8436208750841043,+0000.0850889209918935
+0000.0742417012805717,+0000.0000000000000000,+0000.0000000000000000,+0000.8405139018962420,+0000.0852443968231867
+0000.0773229257595783,+0000.0000000000000000,+0000.0000000000000000,+0000.8389656804437936,+0000.0837113937966282
+0000.0803771295574523,+0000.0000000000000000,+0000.0000000000000000,+0000.8389402764957665,+0000.0806825939467811
+0000.0831969550302051,+0000.0000000000000000,+0000.0000000000000000,+0000.8402559339410273,+0000.0765471110287678
+0000.0855361785516202,+0000.0000000000000000,+0000.0000000000000000,+0000.8425843794295204,+0000.0718794420188591
+0000.0871384355651584,+0000.0000000000000000,+0000.0000000000000000,+0000.8454812595427650,+0000.0673803048920768
+0000.0877814898691575,+0000.0000000000000000,+0000.0000000000000000,+0000.8484546671502144,+0000.0637638429806283
+0000.0873265615116953,+0000.0000000000000000,+0000.0000000000000000,+0000.8510628430050742,+0000.0616105954832305
+0000.0857550059361160,+0000.0000000000000000,+0000.0000000000000000,+0000.8530129276500101,+0000.0612320664138738
+0000.0831760997385422,+0000.0000000000000000,+0000.0000000000000000,+0000.8542240368800817,+0000.0625998633813760
+0000.0798015978839057,+0000.0000000000000000,+0000.0000000000000000,+0000.8548302329020975,+0000.0653681692139968
+0000.0758979311846594,+0000.0000000000000000,+0000.0000000000000000,+0000.8551263446304332,+0000.0689757241849072
+0000.0717349969384074,+0000.0000000000000000,+0000.0000000000000000,+0000.8554832284649622,+0000.0727817745966303
+0000.0675474371339546,+0000.0000000000000000,+0000.0000000000000000,+0000.8562646606545353,+0000.0761879022115100
+0000.0635148163350936,+0000.0000000000000000,+0000.0000000000000000,+0000.8577671954767133,+0000.0787179881881929
+0000.0597584922054386,+0000.0000000000000000,+0000.0000000000000000,+0000.8601886454560125,+0000.0800528623385487
+0000.0563489606445229,+0000.0000000000000000,+0000.0000000000000000,+0000.8636199465542322,+0000.0800310928012450
+0000.0533175429061039,+0000.0000000000000000,+0000.0000000000000000,+0000.8680514836142960,+0000.0786309734795999
+0000.0506682558869959,+0000.0000000000000000,+0000.0000000000000000,+0000.8733861274263937,+0000.0759456166866106
+0000.0483878034820417,+0000.0000000000000000,+0000.0000000000000000,+0000.8794541459403430,+0000.0721580505776151
+0000.0464530936853638,+0000.0000000000000000,+0000.0000000000000000,+0000.8860278459492259,+0000.0675190603654104
+0000.0448364644678668,+0000.0000000000000000,+0000.0000000000000000,+0000.8928355880929304,+0000.0623279474392027
+0000.0435090966046225,+0000.0000000000000000,+0000.0000000000000000,+0000.8995757071168961,+0000.0569151962784818
+0000.0424431230883169,+0000.0000000000000000,+0000.0000000000000000,+0000.9059310963554696,+0000.0516257805562134
+0000.0416128638384942,+0000.0000000000000000,+0000.0000000000000000,+0000.9115850152653847,+0000.0468021208961210
+0000.0409955037461614,+0000.0000000000000000,+0000.0000000000000000,+0000.9162382301557923,+0000.0427662660980464
+0000.0405714285086165,+0000.0000000000000000,+0000.0000000000000000,+0000.9196270389378902,+0000.0398015325534932
+0000.0403243484015941,+0000.0000000000000000,+0000.0000000000000000,+0000.9215411840547247,+0000.0381344675436810
+0000.0402412762657769,+0000.0000000000000000,+0000.0000000000000000,+0000.9218402428307793,+0000.0379184809034439
+0000.0403123797778222,+0000.0000000000000000,+0000.0000000000000000,+0000.9204669046958872,+0000.0392207155262907
+0000.0405306958391146,+0000.0000000000000000,+0000.0000000000000000,+0000.9174556610754656,+0000.0420136430854200
+0000.0408916730086864,+0000.0000000000000000,+0000.0000000000000000,+0000.9129358373256408,+0000.0461724896656728
+0000.0413924930496039,+0000.0000000000000000,+0000.0000000000000000,+0000.9071284967240709,+0000.0514790102263250
+0000.0420311124168305,+0000.0000000000000000,+0000.0000000000000000,+0000.9003373883603799,+0000.0576314992227897
+0000.0428049584154218,+0000.0000000000000000,+0000.0000000000000000,+0000.8929346146060894,+0000.0642604269784885
+0000.0437092161375618,+0000.0000000000000000,+0000.0000000000000000,+0000.8853419136180658,+0000.0709488702443725
+0000.0447346606424962,+0000.0000000000000000,+0000.0000000000000000,+0000.8780083286996735,+0000.0772570106578305
+0000.0458650418801610,+0000.0000000000000000,+0000.0000000000000000,+0000.8713846354129439,+0000.0827503227068951
+0000.0470741432896819,+0000.0000000000000000,+0000.0000000000000000,+0000.8658944319572073,+0000.0870314247531108
+0000.0483228361473603,+0000.0000000000000000,+0000.0000000000000000,+0000.8619016308395727,+0000.0897755330130672
+0000.0495567507957717,+0000.0000000000000000,+0000.0000000000000000,+0000.8596746959038337,+0000.0907685533003946
+0000.0507055398087466,+0000.0000000000000000,+0000.0000000000000000,+0000.8593498020687824,+0000.0899446581224710
+0000.0516849737728674,+0000.0000000000000000,+0000.0000000000000000,+0000.8608982665495086,+0000.0874167596776240
+0000.0524030233036797,+0000.0000000000000000,+0000.0000000000000000,+0000.8641073620234130,+0000.0834896146729076
+0000.0527703338263900,+0000.0000000000000000,+0000.0000000000000000,+0000.8685859358480712,+0000.0786437303255388
+0000.0527139822737287,+0000.0000000000000000,+0000.0000000000000000,+0000.8738041516098765,+0000.0734818661163951
+0000.0521915256892760,+0000.0000000000000000,+0000.0000000000000000,+0000.8791680742929356,+0000.0686404000177885
+0000.0512011189657916,+0000.0000000000000000,+0000.0000000000000000,+0000.8841163716961142,+0000.0646825093380943
