+0001.0000000000000000,+0000.0000000000000000,+0000.0000000000000000,+0000.0000000000000000,+0000.0000000000000000,+0000.0000000000000000
+0000.9878048780487804,+0000.0120464009518144,+0000.0001487209994051,+0000.0000000000000000,+0000.0000000000000000,+0000.0000000000000000
+0000.9480387493635208,+0000.0504910928846525,+0000.0014701434188798,+0000.0000000143328594,+0000.0000000000000863,+0000.0000000000000000
+0000.8797612800040900,+0000.1139600180331789,+0000.0062784558561571,+0000.0000002461033135,+0000.0000000000032590,+0000.0000000000000000
+0000.7880991978020468,+0000.1938385588355022,+0000.0180606208844403,+0000.0000016224401982,+0000.0000000000378106,+0000.0000000000000004
+0000.6828701765883665,+0000.2763488557705551,+0000.0407742466816707,+0000.0000067207148656,+0000.0000000002445367,+0000.0000000000000041
+0000.5750372793688538,+0000.3472459904573377,+0000.0776958140878168,+0000.0000209149821507,+0000.0000000011038134,+0000.0000000000000262
+0000.4734156302900042,+0000.3962909494430801,+0000.1302400273054099,+0000.0000533890703015,+0000.0000000038910792,+0000.0000000000001238
+0000.3832636083958877,+0000.4193431755919469,+0000.1972756017991752,+0000.0001176027802945,+0000.0000000114322264,+0000.0000000000004682
+0000.3066003229022534,+0000.4178906168837672,+0000.2752781001649807,+0000.0002309308670665,+0000.0000000291804390,+0000.0000000000014919
+0000.2432624946945018,+0000.3970755894093403,+0000.3592483631045319,+0000.0004134862199650,+0000.0000000665675091,+0000.0000000000041503
+0000.1919356561625560,+0000.3634276463312161,+0000.4439501163733309,+0000.0006864426008232,+0000.0000001385217371,+0000.0000000000103354
+0000.1508714415517620,+0000.3231117672429712,+0000.5249462045758937,+0000.0010703195910810,+0000.0000002670148164,+0000.0000000000234744
+0000.1182946157767038,+0000.2809806115348965,+0000.5991406682242392,+0000.0015836219056651,+0000.0000004825091669,+0000.0000000000493270
+0000.0925953047852813,+0000.2403268471421321,+0000.6648350028986985,+0000.0022420198625325,+0000.0000008252143724,+0000.0000000000969821
+0000.0723970947447425,+0000.2030626346127035,+0000.7214808703831463,+0000.0030580539718028,+0000.0000013461075715,+0000.0000000001800324
+0000.0565622407774806,+0000.1700675924690755,+0000.7693268300941420,+0000.0040412286293424,+0000.0000021077120605,+0000.0000000003178979
+0000.0441692711762053,+0000.1415402178570863,+0000.8090889924047779,+0000.0051983333706786,+0000.0000031846539974,+0000.0000000005372535
+0000.0344813409761233,+0000.1172795568915479,+0000.8417005787048697,+0000.0065338585246045,+0000.0000046640293325,+0000.0000000008735215
+0000.0269140530735005,+0000.0968824843520960,+0000.8681463980432188,+0000.0080504175430317,+0000.0000066456157722,+0000.0000000013723807
+0000.0210064105119434,+0000.0798688519915994,+0000.8893663646821828,+0000.0097491287611489,+0000.0000092419618684,+0000.0000000020912569
+0000.0163960737946010,+0000.0657540675260674,+0000.9062073396618593,+0000.0116299375364020,+0000.0000125783803133,+0000.0000000031007574
+0000.0127989530243241,+0000.0540869744541051,+0000.9194053988894295,+0000.0136918762790347,+0000.0000167928670848,+0000.0000000044860223
+0000.0099926955135265,+0000.0444664725699636,+0000.9295855215013714,+0000.0159332681040481,+0000.0000220359631203,+0000.0000000063479708
+0000.0078034845532780,+0000.0365459726245281,+0000.9372701804967438,+0000.0183518829499574,+0000.0000284705710698,+0000.0000000088044240
+0000.0060955668284277,+0000.0300314195704012,+0000.9428916744861808,+0000.0209450553875013,+0000.0000362717363980,+0000.0000000119910926
+0000.0047629871437992,+0000.0246763060552289,+0000.9468052918850258,+0000.0237097724539271,+0000.0000456263996011,+0000.0000000160624195
+0000.0037230881001087,+0000.0202756136876602,+0000.9493018053793063,+0000.0266427385162276,+0000.0000567331244296,+0000.0000000211922695
+0000.0029114104100382,+0000.0166597136509106,+0000.9506186237579363,+0000.0297404228010289,+0000.0000698018056282,+0000.0000000275744596
+0000.0022776991600600,+0000.0136887276330457,+0000.9509493904166089,+0000.0329990940084595,+0000.0000850533587059,+0000.0000000354231221
+0000.0017827803103690,+0000.0112475517245013,+0000.9504520581892522,+0000.0364148454094492,+0000.0001027193935401,+0000.0000000449728905
+0000.0013961202834238,+0000.0092415862763932,+0000.9492555820781940,+0000.0399836130099807,+0000.0001230418731152,+0000.0000000564788955
+0000.0010939207753545,+0000.0075931352593737,+0000.9474654122627478,+0000.0437011887276178,+0000.0001462727583560,+0000.0000000702165530
+0000.0008576323591591,+0000.0062384041070130,+0000.9451679733786349,+0000.0475632300342943,+0000.0001726736397815,+0000.0000000864811202
+0000.0006727954238698,+0000.0051250146085456,+0000.9424343018790158,+0000.0515652671450180,+0000.0002025153565618,+0000.0000001055869920
+0000.0005281367423194,+0000.0042099572218648,+0000.9393229920166345,+0000.0557027085490152,+0000.0002360776034695,+0000.0000001278666999
+0000.0004148655237090,+0000.0034579085557525,+0000.9358825782579986,+0000.0599708454667994,+0000.0002736485261681,+0000.0000001536695764
+0000.0003261250431053,+0000.0028398511290888,+0000.9321534605055016,+0000.0643648556569944,+0000.0003155243052674,+0000.0000001833600470
+0000.0002565655421125,+0000.0023319420105585,+0000.9281694595247336,+0000.0688798068775084,+0000.0003620087295709,+0000.0000002173155206
+0000.0002020116191782,+0000.0019145857068972,+0000.9239590737741687,+0000.0735106602169258,+0000.0004134127589544,+0000.0000002559238805
+0000.0001592032167656,+0000.0015716743613031,+0000.9195464953177878,+0000.0782522734461953,+0000.0004700540773285,+0000.0000002995806245
+0000.0001255939165927,+0000.0012899648808356,+0000.9149524313884729,+0000.0830994044921525,+0000.0005322566361468,+0000.0000003486858047
+0000.0000991938502578,+0000.0010585680992399,+0000.9101947691217194,+0000.0880467150988058,+0000.0006003501889113,+0000.0000004036410713
+0000.0000784473391500,+0000.0008685296216160,+0000.9052891136583642,+0000.0930887747164024,+0000.0006746698170953,+0000.0000004648473773
+0000.0000621375662817,+0000.0007124857262867,+0000.9002492239157043,+0000.0982200646396452,+0000.0007555554478182,+0000.0000005327042694
+0000.0000493122884792,+0000.0005843807485610,+0000.8950873655840758,+0000.1034349824032253,+0000.0008433513634585,+0000.0000006076122064
+0000.0000392259260451,+0000.0004792348585013,+0000.8898145970986091,+0000.1087278464337089,+0000.0009384057031472,+0000.0000006899799945
+0000.0000312944015396,+0000.0003929531714257,+0000.8844410012804362,+0000.1140929009507550,+0000.0010410699557223,+0000.0000007802401276
+0000.0000250599047829,+0000.0003221687806014,+0000.8789758728891922,+0000.1195243211068769,+0000.0011516984432412,+0000.0000008788753120
+0000.0000201633886275,+0000.0002641136465770,+0000.8734278703590398,+0000.1250162183529415,+0000.0012706477935794,+0000.0000009864592416
+0000.0000163230896017,+0000.0002165123743584,+0000.8678051384071340,+0000.1305626460158585,+0000.0013982764001299,+0000.0000011037129243
+0000.0000133177505122,+0000.0001774948050112,+0000.8621154069293931,+0000.1361576050750844,+0000.0015349438664435,+0000.0000012315735621
+0000.0000109735223702,+0000.0001455240803242,+0000.8563660705721620,+0000.1417950501252812,+0000.0016810104342827,+0000.0000013712655869
+0000.0000091537574214,+0000.0001193374386173,+0000.8505642525409676,+0000.1474688955133414,+0000.0018368363955716,+0000.0000015243540885
+0000.0000077510841210,+0000.0000978974911266,+0000.8447168555401092,+0000.1531730216386318,+0000.0020027814924308,+0000.0000016927535884
+0000.0000066812850261,+0000.0000803521307517,+0000.8388306021979989,+0000.1589012814053932,+0000.0021792043144345,+0000.0000018786664041
+0000.0000058785874382,+0000.0000660015530538,+0000.8329120668974441,+0000.1646475068157102,+0000.0023664617067313,+0000.0000020844396304
+0000.0000052920383691,+0000.0000542711352076,+0000.8269677005763792,+0000.1704055156907081,+0000.0025649082041600,+0000.0000023123551842
+0000.0000048826894997,+0000.0000446891334123,+0000.8210038497754474,+0000.1761691185074501,+0000.0027748955030948,+0000.0000025643911044
+0000.0000046213782965,+0000.0000368683349342,+0000.8150267709708560,+0000.1819321253404087,+0000.0029967719750758,+0000.0000028420004375
+0000.0000044869563664,+0000.0000304909490679,+0000.8090426410342197,+0000.1876883528999343,+0000.0032308822175993,+0000.0000031459428211
+0000.0000044648697278,+0000.0000252961508259,+0000.8030575644995043,+0000.1934316316656065,+0000.0034775666315427,+0000.0000034761828022
+0000.0000045460222728,+0000.0000210698070850,+0000.7970775781870383,+0000.1991558131183952,+0000.0037371610132668,+0000.0000038318519515
+0000.0000047258485294,+0000.0000176360191994,+0000.7911086536340459,+0000.2048547770799392,+0000.0040099961513708,+0000.0000042112669248
+0000.0000050034915814,+0000.0000148502091587,+0000.7851566977097019,+0000.2105224391669200,+0000.0042963974208568,+0000.0000046120017905
+0000.0000053809414172,+0000.0000125935561357,+0000.7792275517502907,+0000.2161527583597823,+0000.0045966843689389,+0000.0000050310234447
+0000.0000058619613648,+0000.0000107686484056,+0000.7733269895348508,+0000.2217397446641793,+0000.0049111702861245,+0000.0000054649050848
+0000.0000064506496331,+0000.0000092962349355,+0000.7674607144266693,+0000.2272774668081339,+0000.0052401617541358,+0000.0000059101265023
+0000.0000071495856886,+0000.0000081129211630,+0000.7616343560152391,+0000.2327600598697532,+0000.0055839581605639,+0000.0000063634476021
+0000.0000079577082249,+0000.0000071695509651,+0000.7558534665831822,+0000.2381817326780530,+0000.0059428511711709,+0000.0000068223084141
+0000.0000088683129030,+0000.0000064298895340,+0000.7501235176711742,+0000.2435367747890001,+0000.0063171241560983,+0000.0000072851813006
+0000.0000098677284075,+0000.0000058691526862,+0000.7444498969156439,+0000.2488195628292380,+0000.0067070515754026,+0000.0000077517986319
+0000.0000109352037518,+0000.0000054720034595,+0000.7388379052094174,+0000.2540245660345937,+0000.0071128983392510,+0000.0000082232095370
+0000.0000120442733352,+0000.0000052298795324,+0000.7332927541239471,+0000.2591463508893414,+0000.0075349191645990,+0000.0000087016692556
+0000.0000131654428679,+0000.0000051378480799,+0000.7278195634699636,+0000.2641795848798926,+0000.0079733579505301,+0000.0000091904086766
+0000.0000142696341427,+0000.0000051914643235,+0000.7224233588740550,+0000.2691190394876324,+0000.0084284471891246,+0000.0000096933507322
+0000.0000153316104131,+0000.0000053842074991,+0000.7171090692948046,+0000.2739595926339892,+0000.0089004074206691,+0000.0000102148326352
+0000.0000163326547070,+0000.0000057059429231,+0000.7118815244593887,+0000.2786962308383386,+0000.0093894467345566,+0000.0000107593700964
+0000.0000172620454505,+0000.0000061425773653,+0000.7067454522389953,+0000.2833240513502574,+0000.0098957603123877,+0000.0000113314755541
+0000.0000181172364131,+0000.0000066767654128,+0000.7017054759863313,+0000.2878382644783261,+0000.0104195300078920,+0000.0000119355256355
+0000.0000189029600691,+0000.0000072893054364,+0000.6967661118379629,+0000.2922341962725813,+0000.0109609239585300,+0000.0000125756654308
+0000.0000196296479973,+0000.0000079607908413,+0000.6919317659560248,+0000.2965072916436574,+0000.0115200962249099,+0000.0000132557365799
+0000.0000203115871470,+0000.0000086731406351,+0000.6872067316643733,+0000.3006531179329551,+0000.0120971864555345,+0000.0000139792193658
+0000.0000209651496060,+0000.0000094107659262,+0000.6825951864318589,+0000.3046673688939260,+0000.0126923195753961,+0000.0000147491832976
+0000.0000216073068342,+0000.0000101612739467,+0000.6781011886691217,+0000.3085458690082764,+0000.0133056054974066,+0000.0000155682444252
+0000.0000222545170125,+0000.0000109157264552,+0000.6737286743288768,+0000.3122845780418314,+0000.0139371388556546,+0000.0000164385301802
+0000.0000229219833184,+0000.0000116685386184,+0000.6694814533253769,+0000.3158795957396759,+0000.0145869987592178,+0000.0000173616538032
+0000.0000236232280879,+0000.0000124171308259,+0000.6653632058106748,+0000.3193271665648950,+0000.0152552485648917,+0000.0000183387006351
+0000.0000243699069903,+0000.0000131614419464,+0000.6613774783602288,+0000.3226236843959084,+0000.0159419356668929,+0000.0000193702280435
+0000.0000251717879668,+0000.0000139033922268,+0000.6575276801276175,+0000.3257656971109074,+0000.0166470913014338,+0000.0000204562798583
+0000.0000260368316647,+0000.0000146463583886,+0000.6538170790286155,+0000.3287499110021014,+0000.0173707303640843,+0000.0000215964151562
+0000.0000269713260205,+0000.0000153946993473,+0000.6502487980103820,+0000.3315731949759861,+0000.0181128512380271,+0000.0000227897502475
+0000.0000279800430049,+0000.0000161533516552,+0000.6468258114538897,+0000.3342325845079306,+0000.0188734356316391,+0000.0000240350118907
+0000.0000290663981971,+0000.0000169275000531,+0000.6435509417486059,+0000.3367252853297504,+0000.0196524484242482,+0000.0000253305991557
+0000.0000302326031781,+0000.0000177223198703,+0000.6404268560690436,+0000.3390486768375630,+0000.0204498375193719,+0000.0000266746509843
+0000.0000314798069386,+0000.0000185427833494,+0000.6374560633739575,+0000.3412003152141935,+0000.0212655337052035,+0000.0000280651163688
+0000.0000328082261605,+0000.0000193935200957,+0000.6346409116411352,+0000.3431779362659309,+0000.0220994505225415,+0000.0000294998241474
+0000.0000342172660251,+0000.0000202787217577,+0000.6319835853441523,+0000.3449794579776722,+0000.0229514841407269,+0000.0000309765496774
+0000.0000357056337168,+0000.0000212020819397,+0000.6294861031721829,+0000.3466029827936624,+0000.0238215132424643,+0000.0000324930760458
+0000.0000372714465438,+0000.0000221667636875,+0000.6271503159899070,+0000.3480467996332708,+0000.0247093989186274,+0000.0000340472479759
+0000.0000389123359482,+0000.0000231753883111,+0000.6249779050316097,+0000.3493093856527075,+0000.0256149845743080,+0000.0000356370171284
+0000.0000406255479055,+0000.0000242300406288,+0000.6229703803215826,+0000.3503894077643976,+0000.0265380958474478,+0000.0000372604780506
+0000.0000424080394928,+0000.0000253322868119,+0000.6211290793117549,+0000.3512857239259995,+0000.0274785405414108,+0000.0000389158945435
+0000.0000442565708355,+0000.0000264832018735,+0000.6194551657269185,+0000.3519973842108882,+0000.0284361085728163,+0000.0000406017166813
+0000.0000461677912824,+0000.0000276834044749,+0000.6179496286078949,+0000.3525236316714010,+0000.0294105719358690,+0000.0000423165890910
+0000.0000481383185012,+0000.0000289330971630,+0000.6166132815433036,+0000.3528639030053468,+0000.0304016846843055,+0000.0000440593513931
+0000.0000501648092318,+0000.0000302321104447,+0000.6154467620812255,+0000.3530178290352790,+0000.0314091829319362,+0000.0000458290318962
+0000.0000522440206197,+0000.0000315799492970,+0000.6144505313128413,+0000.3529852350088997,+0000.0324327848726082,+0000.0000476248357476
+0000.0000543728613555,+0000.0000329758408417,+0000.6136248736210544,+0000.3527661407277389,+0000.0334721908202544,+0000.0000494461287689
+0000.0000565484322077,+0000.0000344187820143,+0000.6129698965880701,+0000.3523607605100094,+0000.0345270832695388,+0000.0000512924181735
+0000.0000587680559130,+0000.0000359075861557,+0000.6124855310569066,+0000.3517695029923021,+0000.0355971269774567,+0000.0000531633312798
+0000.0000610292967547,+0000.0000374409275631,+0000.6121715313427654,+0000.3509929707736011,+0000.0366819690661146,+0000.0000550585932148
+0000.0000633299704769,+0000.0000390173831556,+0000.6120274755911332,+0000.3500319599039936,+0000.0377812391467866,+0000.0000569780044680
+0000.0000656681454432,+0000.0000406354705577,+0000.6120527662803215,+0000.3488874592194439,+0000.0388945494652409,+0000.0000589214190066
+0000.0000680421361379,+0000.0000422936820541,+0000.6122466308669545,+0000.3475606495231121,+0000.0400214950682348,+0000.0000608887235201
+0000.0000704504902235,+0000.0000439905140354,+0000.6126081225736025,+0000.3460529026129290,+0000.0411616539910034,+0000.0000628798182199
+0000.0000728919704245,+0000.0000457244917188,+0000.6131361213183650,+0000.3443657801545070,+0000.0423145874655030,+0000.0000648945994955
+0000.0000753655324945,+0000.0000474941890850,+0000.6138293347867403,+0000.3425010323979553,+0000.0434798401491232,+0000.0000669329446154
+0000.0000778703004695,+0000.0000492982441170,+0000.6146862996465381,+0000.3404605967367789,+0000.0446569403735455,+0000.0000689946985652
+0000.0000804055403161,+0000.0000511353695530,+0000.6157053829069455,+0000.3382465961067698,+0000.0458454004133959,+0000.0000710796630342
+0000.0000829706329608,+0000.0000530043594720,+0000.6168847834231233,+0000.3358613372226321,+0000.0470447167743257,+0000.0000731875875005
+0000.0000855650475525,+0000.0000549040921066,+0000.6182225335478999,+0000.3333073086500075,+0000.0482543705001381,+0000.0000753181623098
+0000.0000881883156644,+0000.0000568335293399,+0000.6197165009322494,+0000.3305871787105757,+0000.0494738274985728,+0000.0000774710136119
+0000.0000908400069999,+0000.0000587917133744,+0000.6213643904763042,+0000.3277037932179871,+0000.0507025388853605,+0000.0000796456999881
+0000.0000935197070296,+0000.0000607777610727,+0000.6231637464326470,+0000.3246601730425215,+0000.0519399413461537,+0000.0000818417105899
+0000.0000962269968601,+0000.0000627908564668,+0000.6251119546635830,+0000.3214595115025568,+0000.0531854575159476,+0000.0000840584645998
+0000.0000989614355215,+0000.0000648302419120,+0000.6272062450539904,+0000.3181051715811622,+0000.0544384963756019,+0000.0000862953118260
+0000.0001017225447620,+0000.0000668952083262,+0000.6294436940812131,+0000.3146006829663908,+0000.0556984536650795,+0000.0000885515342426
+0000.0001045097963535,+0000.0000689850849188,+0000.6318212275432871,+0000.3109497389141358,+0000.0569647123130186,+0000.0000908263483006
+0000.0001073226018446,+0000.0000710992287620,+0000.6343356234465862,+0000.3071561929327234,+0000.0582366428822558,+0000.0000931189078421
+0000.0001101603046417,+0000.0000732370145099,+0000.6369835150537430,+0000.3032240552887380,+0000.0595136040309155,+0000.0000954283074662
+0000.0001130221742589,+0000.0000753978245194,+0000.6397613940924357,+0000.2991574893339125,+0000.0607949429886794,+0000.0000977535862085
+0000.0001159074025465,+0000.0000775810395753,+0000.6426656141253653,+0000.2949608076532663,+0000.0620799960478465,+0000.0001000937314141
+0000.0001188151016907,+0000.0000797860303768,+0000.6456923940814399,+0000.2906384680350238,+0000.0633680890687843,+0000.0001024476826988
+0000.0001217443037663,+0000.0000820121498955,+0000.6488378219478660,+0000.2861950692632103,+0000.0646585379993668,+0000.0001048143359096
+0000.0001246939616218,+0000.0000842587266778,+0000.6520978586225277,+0000.2816353467341911,+0000.0659506494079846,+0000.0001071925470115
+0000.0001276629508812,+0000.0000865250591269,+0000.6554683419256787,+0000.2769641678987895,+0000.0672437210296963,+0000.0001095811358424
+0000.0001306500728535,+0000.0000888104107712,+0000.6589449907696179,+0000.2721865275319977,+0000.0685370423250830,+0000.0001119788896921
+0000.0001336540581579,+0000.0000911140064986,+0000.6625234094846641,+0000.2673075428326757,+0000.0698298950513474,+0000.0001143845666716
+0000.0001366735708822,+0000.0000934350297171,+0000.6661990922993595,+0000.2623324483560177,+0000.0711215538451849,+0000.0001167968988541
+0000.0001397072131150,+0000.0000957726203849,+0000.6699674279724530,+0000.2572665907819505,+0000.0724112868169367,+0000.0001192145951751
+0000.0001427535297079,+0000.0000981258738409,+0000.6738237045738414,+0000.2521154235230204,+0000.0736983561555149,+0000.0001216363440900
+0000.0001458110131432,+0000.0001004938403592,+0000.6777631144112393,+0000.2468845011757082,+0000.0749820187435730,+0000.0001240608159926
+0000.0001488781084021,+0000.0001028755253464,+0000.6817807590989813,+0000.2415794738195056,+0000.0762615267823739,+0000.0001264866654062
+0000.0001519532177466,+0000.0001052698900961,+0000.6858716547649552,+0000.2362060811684696,+0000.0775361284257877,+0000.0001289125329606
+0000.0001550347053456,+0000.0001076758530192,+0000.6900307373912907,+0000.2307701465803519,+0000.0788050684228351,+0000.0001313370471735
+0000.0001581209016916,+0000.0001100922912678,+0000.6942528682840481,+0000.2252775709287836,+0000.0800675887681682,+0000.0001337588260567
+0000.0001612101077706,+0000.0001125180426757,+0000.6985328396667770,+0000.2197343263443581,+0000.0813229293598664,+0000.0001361764785686
+0000.0001643005989585,+0000.0001149519079449,+0000.7028653803924531,+0000.2141464498308242,+0000.0825703286639015,+0000.0001385886059344
+0000.0001673906286319,+0000.0001173926530122,+0000.7072451617679513,+0000.2085200367629487,+0000.0838090243846157,+0000.0001409938028571
+0000.0001704784314886,+0000.0001198390115365,+0000.7116668034848721,+0000.2028612342729506,+0000.0850382541405300,+0000.0001433906586393
+0000.0001735622265834,+0000.0001222896874569,+0000.7161248796502112,+0000.1971762345327342,+0000.0862572561447950,+0000.0001457777582363
+0000.0001766402200904,+0000.0001247433575762,+0000.7206139249100568,+0000.1914712679394633,+0000.0874652698895718,+0000.0001481536832588
+0000.0001797106078079,+0000.0001271986741329,+0000.7251284406591967,+0000.1857525962123134,+0000.0886615368336248,+0000.0001505170129418
+0000.0001827715774285,+0000.0001296542673312,+0000.7296629013292539,+0000.1800265054085187,+0000.0898453010923903,+0000.0001528663250950
+0000.0001858213105962,+0000.0001321087478059,+0000.7342117607476986,+0000.1742992988670939,+0000.0910158101297771,+0000.0001552001970457
+0000.0001888579847759,+0000.0001345607090022,+0000.7387694585598559,+0000.1685772900888523,+0000.0921723154509436,+0000.0001575172065874
+0000.0001918797749626,+0000.0001370087294604,+0000.7433304267058026,+0000.1628667955615639,+0000.0933140732952873,+0000.0001598159329403
+0000.0001948848552535,+0000.0001394513749947,+0000.7478890959438553,+0000.1571741275393051,+0000.0944403453288770,+0000.0001620949577316
+0000.0001978714003094,+0000.0001418872007651,+0000.7524399024121620,+0000.1515055867852289,+0000.0955503993355498,+0000.0001643528660018
+0000.0002008375867290,+0000.0001443147532391,+0000.7569772942197697,+0000.1458674552871503,+0000.0966435099058916,+0000.0001665882472372
+0000.0002037815943562,+0000.0001467325720485,+0000.7614957380583787,+0000.1402659889554832,+0000.0977189591233162,+0000.0001687996964338
+0000.0002067016075419,+0000.0001491391917448,+0000.7659897258258981,+0000.1347074103131845,+0000.0987760372464564,+0000.0001709858151916
+0000.0002095958163763,+0000.0001515331434596,+0000.7704537812528038,+0000.1291979011874619,+0000.0998140433870777,+0000.0001731452128381
+0000.0002124624179075,+0000.0001539129564784,+0000.7748824665222364,+0000.1237435954130830,+0000.1008322861827304,+0000.0001752765075819
+0000.0002152996173582,+0000.0001562771597371,+0000.7792703888746991,+0000.1183505715571826,+0000.1018300844633497,+0000.0001773783276908
+0000.0002181056293519,+0000.0001586242832491,+0000.7836122071881928,+0000.1130248456755025,+0000.1028067679110259,+0000.0001794493126954
+0000.0002208786791559,+0000.0001609528594735,+0000.7879026385245915,+0000.1077723641100245,+0000.1037616777121613,+0000.0001814881146111
+0000.0002236170039468,+0000.0001632614246322,+0000.7921364646330636,+0000.1025989963379531,+0000.1046941672012439,+0000.0001834933991778
+0000.0002263188541038,+0000.0001655485199862,+0000.7963085384013560,+0000.0975105278819917,+0000.1056036024954676,+0000.0001854638471119
+0000.0002289824945311,+0000.0001678126930780,+0000.8004137902457820,+0000.0925126532918201,+0000.1064893631194404,+0000.0001873981553663
+0000.0002316062060093,+0000.0001700524989476,+0000.8044472344308083,+0000.0876109692066279,+0000.1073508426192288,+0000.0001892950383960
+0000.0002341882865780,+0000.0001722665013291,+0000.8084039753091994,+0000.0828109675084920,+0000.1081874491649962,+0000.0001911532294234
+0000.0002367270529449,+0000.0001744532738336,+0000.8122792134737367,+0000.0781180285762980,+0000.1089986061415039,+0000.0001929714817014
+0000.0002392208419200,+0000.0001766114011224,+0000.8160682518116473,+0000.0735374146498055,+0000.1097837527257550,+0000.0001947485697683
+0000.0002416680118723,+0000.0001787394800758,+0000.8197665014529656,+0000.0690742633133390,+0000.1105423444510730,+0000.0001964832906930
+0000.0002440669442030,+0000.0001808361209587,+0000.8233694876041696,+0000.0647335811084570,+0000.1112738537569232,+0000.0001981744653070
+0000.0002464160448332,+0000.0001828999485871,+0000.8268728552585862,+0000.0605202372848002,+0000.1119777705237947,+0000.0001998209394177
+0000.0002487137456986,+0000.0001849296034951,+0000.8302723747751745,+0000.0564389576981654,+0000.1126536025924813,+0000.0002014215850045
+0000.0002509585062496,+0000.0001869237431052,+0000.8335639473174892,+0000.0524943188646718,+0000.1133008762671129,+0000.0002029753013905
+0000.0002531488149488,+0000.0001888810428998,+0000.8367436101447697,+0000.0486907421797041,+0000.1139191368013056,+0000.0002044810163911
+0000.0002552831907636,+0000.0001908001975948,+0000.8398075417472929,+0000.0450324883101130,+0000.1145079488668196,+0000.0002059376874350
+0000.0002573601846468,+0000.0001926799223141,+0000.8427520668183276,+0000.0415236517679437,+0000.1150668970041298,+0000.0002073443026569
+0000.0002593783810034,+0000.0001945189537636,+0000.8455736610552186,+0000.0381681556737380,+0000.1155955860543355,+0000.0002086998819602
+0000.0002613363991366,+0000.0001963160514027,+0000.8482689557823584,+0000.0349697467172192,+0000.1160936415718558,+0000.0002100034780468
+0000.0002632328946707,+0000.0001980699986118,+0000.8508347423890203,+0000.0319319903229248,+0000.1165607102173768,+0000.0002112541774149
+0000.0002650665609467,+0000.0001997796038535,+0000.8532679765752651,+0000.0290582660280910,+0000.1169964601305422,+0000.0002124511013210
+0000.0002668361303864,+0000.0002014437018250,+0000.8555657823993764,+0000.0263517630798272,+0000.1174005812818972,+0000.0002135934067076
+0000.0002685403758233,+0000.0002030611545999,+0000.8577254561205399,+0000.0238154762583414,+0000.1177727858036228,+0000.0002146802870929
+0000.0002701781117953,+0000.0002046308527560,+0000.8597444698307383,+0000.0214522019326874,+0000.1181128082986189,+0000.0002157109734244
+0000.0002717481957991,+0000.0002061517164879,+0000.8616204748701084,+0000.0192645343552107,+0000.1184204061275214,+0000.0002166847348928
+0000.0002732495295011,+0000.0002076226967009,+0000.8633513050202850,+0000.0172548622005633,+0000.1186953596732620,+0000.0002176008797081
+0000.0002746810599056,+0000.0002090427760847,+0000.8649349794705475,+0000.0154253653548414,+0000.1189374725828061,+0000.0002184587558350
+0000.0002760417804760,+0000.0002104109701640,+0000.8663697055518790,+0000.0137780119600821,+0000.1191465719857310,+0000.0002192577516882
+0000.0002773307322085,+0000.0002117263283243,+0000.8676538812343474,+0000.0123145557190198,+0000.1193225086893334,+0000.0002199972967870
+0000.0002785470046571,+0000.0002129879348102,+0000.8687860973835346,+0000.0110365334646700,+0000.1194651573499808,+0000.0002206768623682
+0000.0002796897369077,+0000.0002141949096957,+0000.8697651397720485,+0000.0099452629989592,+0000.1195744166204533,+0000.0002212959619564
+0000.0002807581185005,+0000.0002153464098221,+0000.8705899908424876,+0000.0090418412042715,+0000.1196502092730466,+0000.0002218541518926
+0000.0002817513902999,+0000.0002164416297049,+0000.8712598312185376,+0000.0083271424314217,+0000.1196924822982380,+0000.0002223510318194
+0000.0002826688453116,+0000.0002174798024051,+0000.8717740409612349,+0000.0078018171672024,+0000.1197012069787450,+0000.0002227862451223
+0000.0002835098294438,+0000.0002184602003659,+0000.8721322005677633,+0000.0074662909842823,+0000.1196763789388386,+0000.0002231594793278
+0000.0002842737422149,+0000.0002193821362115,+0000.8723340917104848,+0000.0073207637758561,+0000.1196180181687978,+0000.0002234704664571
+0000.0002849600374051,+0000.0002202449635078,+0000.8723796977142791,+0000.0073652092770695,+0000.1195261690244268,+0000.0002237189833341
+0000.0002855682236513,+0000.0002210480774838,+0000.8722692037705979,+0000.0075993748748546,+0000.1194009002015844,+0000.0002239048518503
+0000.0002860978649862,+0000.0002217909157116,+0000.8720029968870129,+0000.0080227817074239,+0000.1192423046857056,+0000.0002240279391824
+0000.0002865485813199,+0000.0002224729587454,+0000.8715816655713888,+0000.0086347250542765,+0000.1190504996763261,+0000.0002240881579657
+0000.0002869200488641,+0000.0002230937307175,+0000.8710059992501934,+0000.0094342750171752,+0000.1188256264866516,+0000.0002240854664207
+0000.0002872120004988,+0000.0002236527998905,+0000.8702769874208025,+0000.0104202774921524,+0000.1185678504182433,+0000.0002240198684348
+0000.0002874242260806,+0000.0002241497791660,+0000.8693958185380571,+0000.0115913554321981,+0000.1182773606109244,+0000.0002238914135960
+0000.0002875565726930,+0000.0002245843265470,+0000.8683638786356778,+0000.0129459103998829,+0000.1179543698680392,+0000.0002237001971823
+0000.0002876089448387,+0000.0002249561455558,+0000.8671827496835374,+0000.0144821244087560,+0000.1175991144572314,+0000.0002234463601030
+0000.0002875813045724,+0000.0002252649856041,+0000.8658542076821631,+0000.0161979620519530,+0000.1172118538869360,+0000.0002231300887941
+0000.0002874736715756,+0000.0002255106423176,+0000.8643802204962145,+0000.0180911729160363,+0000.1167928706588110,+0000.0002227516150677
+0000.0002872861231729,+0000.0002256929578114,+0000.8627629454290782,+0000.0201592942776806,+0000.1163424699963657,+0000.0002223112159141
+0000.0002870187942890,+0000.0002258118209186,+0000.8610047265410836,+0000.0223996540804024,+0000.1158609795500712,+0000.0002218092132582
+0000.0002866718773479,+0000.0002258671673696,+0000.8591080917142427,+0000.0248093741881219,+0000.1153487490792714,+0000.0002212459736696
+0000.0002862456221125,+0000.0002258589799225,+0000.8570757494667889,+0000.0273853739119331,+0000.1148061501112399,+0000.0002206219080265
+0000.0002857403354673,+0000.0002257872884442,+0000.8549105855211719,+0000.0301243738060470,+0000.1142335755777590,+0000.0002199374711343
+0000.0002851563811415,+0000.0002256521699414,+0000.8526156591295534,+0000.0330228997284628,+0000.1136314394296258,+0000.0002191931612987
+0000.0002844941793759,+0000.0002254537485423,+0000.8501941991612195,+0000.0360772871615117,+0000.1130001762295202,+0000.0002183895198541
+0000.0002837542065310,+0000.0002251921954266,+0000.8476495999567094,+0000.0392836857870151,+0000.1123402407236949,+0000.0002175271306467
+0000.0002829369946388,+0000.0002248677287061,+0000.8449854169538343,+0000.0426380643103902,+0000.1116521073929799,+0000.0002166066194747
+0000.0002820431308981,+0000.0002244806132533,+0000.8422053620911334,+0000.0461362155276386,+0000.1109362699836164,+0000.0002156286534843
+0000.0002810732571138,+0000.0002240311604803,+0000.8393132989946871,+0000.0497737616287536,+0000.1101932410184665,+0000.0002145939405229
+0000.0002800280690803,+0000.0002235197280651,+0000.8363132379545716,+0000.0535461597306891,+0000.1094235512891674,+0000.0002135032284504
+0000.0002789083159114,+0000.0002229467196278,+0000.8332093306976054,+0000.0574487076326435,+0000.1086277493298270,+0000.0002123573044091
+0000.0002777147993152,+0000.0002223125843546,+0000.8300058649633929,+0000.0614765497860281,+0000.1078064008728813,+0000.0002111569940522
+0000.0002764483728167,+0000.0002216178165716,+0000.8267072588910311,+0000.0656246834711120,+0000.1069600882877595,+0000.0002099031607337
+0000.0002751099409281,+0000.0002208629552663,+0000.8233180552241857,+0000.0698879651719624,+0000.1060894100030244,+0000.0002085967046581
+0000.0002737004582675,+0000.0002200485835586,+0000.8198429153425886,+0000.0742611171409366,+0000.1051949799126810,+0000.0002072385619928
+0000.0002722209286284,+0000.0002191753281212,+0000.8162866131283444,+0000.0787387341436231,+0000.1042774267673648,+0000.0002058297039434
+0000.0002706724039992,+0000.0002182438585486,+0000.8126540286757553,+0000.0833152903747838,+0000.1033373935511456,+0000.0002043711357927
+0000.0002690559835357,+0000.0002172548866766,+0000.8089501418536978,+0000.0879851465355095,+0000.1023755368447004,+0000.0002028638959053
+0000.0002673728124864,+0000.0002162091658508,+0000.8051800257298881,+0000.0927425570614728,+0000.1013925261756293,+0000.0002013090546979
+0000.0002656240810727,+0000.0002151074901470,+0000.8013488398666745,+0000.0975816774918471,+0000.1003890433567065,+0000.0001997077135775
+0000.0002638110233255,+0000.0002139506935410,+0000.7974618234982805,+0000.1024965719681560,+0000.0993657818128744,+0000.0001980610038482
+0000.0002619349158789,+0000.0002127396490317,+0000.7935242885996959,+0000.1074812208520252,+0000.0983234458978068,+0000.0001963700855874
+0000.0002599970767226,+0000.0002114752677149,+0000.7895416128576774,+0000.1125295284505363,+0000.0972627502008807,+0000.0001946361464941
+0000.0002579988639158,+0000.0002101584978112,+0000.7855192325545618,+0000.1176353308376172,+0000.0961844188454109,+0000.0001928604007092
+0000.0002559416742620,+0000.0002087903236481,+0000.7814626353758293,+0000.1227924037596636,+0000.0950891847790132,+0000.0001910440876103
+0000.0002538269419482,+0000.0002073717645956,+0000.7773773531525664,+0000.1279944706133601,+0000.0939777890569747,+0000.0001891884705814
+0000.0002516561371490,+0000.0002059038739595,+0000.7732689545501761,+0000.1332352104834628,+0000.0928509801195188,+0000.0001872948357601
+0000.0002494307645985,+0000.0002043877378312,+0000.7691430377148503,+0000.1385082662281212,+0000.0917095130638618,+0000.0001853644907630
+0000.0002471523621298,+0000.0002028244738952,+0000.7650052228894885,+0000.1438072525991562,+0000.0905541489119651,+0000.0001833987633912
+0000.0002448224991863,+0000.0002012152301980,+0000.7608611450108609,+0000.1491257643845701,+0000.0893856538748936,+0000.0001813990003173
+0000.0002424427753043,+0000.0001995611838777,+0000.7567164462999403,+0000.1544573845604536,+0000.0882047986146949,+0000.0001793665657554
+0000.0002400148185707,+0000.0001978635398562,+0000.7525767688573964,+0000.1597956924393683,+0000.0870123575047178,+0000.0001773028401167
+0000.0002375402840560,+0000.0001961235294976,+0000.7484477472763075,+0000.1651342718022253,+0000.0858091078892891,+0000.0001752092186506
+0000.0002350208522255,+0000.0001943424092324,+0000.7443350012841725,+0000.1704667190006517,+0000.0845958293436692,+0000.0001730871100747
+0000.0002324582273304,+0000.0001925214591511,+0000.7402441284262993,+0000.1757866510168453,+0000.0833733029352059,+0000.0001709379351942
+0000.0002298541357799,+0000.0001906619815692,+0000.7361806968026169,+0000.1810877134679472,+0000.0821423104865991,+0000.0001687631255138
+0000.0002272103244980,+0000.0001887652995653,+0000.7321502378698893,+0000.1863635885420411,+0000.0809036338421912,+0000.0001665641218417
+0000.0002245285592642,+0000.0001868327554954,+0000.7281582393212037,+0000.1916080028529892,+0000.0796580541381847,+0000.0001643423728897
+0000.0002218106230430,+0000.0001848657094863,+0000.7242101380544788,+0000.1968147352014634,+0000.0784063510776854,+0000.0001620993338700
+0000.0002190583143010,+0000.0001828655379103,+0000.7203113132415588,+0000.2019776242297067,+0000.0771493022114593,+0000.0001598364650908
+0000.0002162734453164,+0000.0001808336318441,+0000.7164670795092496,+0000.2070905759577874,+0000.0758876822252774,+0000.0001575552305519
+0000.0002134578404806,+0000.0001787713955154,+0000.7126826802434094,+0000.2121475711893642,+0000.0746222622347137,+0000.0001552570965434
+0000.0002106133345945,+0000.0001766802447406,+0000.7089632810269165,+0000.2171426727752824,+0000.0733538090882450,+0000.0001529435302478
+0000.0002077417711617,+0000.0001745616053563,+0000.7053139632220108,+0000.2220700327236653,+0000.0720830846794846,+0000.0001506159983485
+0000.0002048450006796,+0000.0001724169116477,+0000.7017397177071443,+0000.2269238991455431,+0000.0708108452693662,+0000.0001482759656463
+0000.0002019248789305,+0000.0001702476047789,+0000.6982454387780743,+0000.2316986230254867,+0000.0695378408190726,+0000.0001459248936844
+0000.0001989832652750,+0000.0001680551312270,+0000.6948359182224816,+0000.2363886648071722,+0000.0682648143344860,+0000.0001435642393855
+0000.0001960220209483,+0000.0001658409412248,+0000.6915158395769347,+0000.2409886007843068,+0000.0669925012229100,+0000.0001411954537024
+0000.0001930430073622,+0000.0001636064872150,+0000.6882897725744956,+0000.2454931292878778,+0000.0657216286627942,+0000.0001388199802823
+0000.0001900480844135,+0000.0001613532223200,+0000.6851621677907170,+0000.2498970766612649,+0000.0644529149871634,+0000.0001364392541486
+0000.0001870391088011,+0000.0001590825988309,+0000.6821373514952084,+0000.2541954030153584,+0000.0631870690814283,+0000.0001340547004006
+0000.0001840179323536,+0000.0001567960667190,+0000.6792195207153321,+0000.2583832077564629,+0000.0619247897962268,+0000.0001316677329331
+0000.0001809864003678,+0000.0001544950721741,+0000.6764127385179610,+0000.2624557348804315,+0000.0606667653759150,+0000.0001292797531783
+0000.0001779463499612,+0000.0001521810561719,+0000.6737209295145663,+0000.2664083780271619,+0000.0594136729032966,+0000.0001268921488699
+0000.0001748996084389,+0000.0001498554530749,+0000.6711478755942353,+0000.2702366852902957,+0000.0581661777611506,+0000.0001245062928329
+0000.0001718479916773,+0000.0001475196892695,+0000.6686972118885149,+0000.2739363637776872,+0000.0569249331110803,+0000.0001221235417988
+0000.0001687933025252,+0000.0001451751818418,+0000.6663724229712868,+0000.2775032839189450,+0000.0556905793901790,+0000.0001197452352499
+0000.0001657373292251,+0000.0001428233372961,+0000.6641768392961555,+0000.2809334835170900,+0000.0544637438259696,+0000.0001173726942914
+0000.0001626818438546,+0000.0001404655503168,+0000.6621136338731325,+0000.2842231715421251,+0000.0532450399700442,+0000.0001150072205548
+0000.0001596286007912,+0000.0001381032025781,+0000.6601858191856836,+0000.2873687316650486,+0000.0520350672507932,+0000.0001126500951332
+0000.0001565793352005,+0000.0001357376616009,+0000.6583962443485150,+0000.2903667255315823,+0000.0508344105455803,+0000.0001103025775492
+0000.0001535357615502,+0000.0001333702796607,+0000.6567475925057789,+0000.2932138957755979,+0000.0496436397726828,+0000.0001079659047576
+0000.0001504995721518,+0000.0001310023927465,+0000.6552423784687303,+0000.2959071687729340,+0000.0484633095032826,+0000.0001056412901826
+0000.0001474724357300,+0000.0001286353195717,+0000.6538829465912079,+0000.2984436571369666,+0000.0472939585937598,+0000.0001033299227919
+0000.0001444559960230,+0000.0001262703606384,+0000.6526714688807145,+0000.3008206619579417,+0000.0461361098385024,+0000.0001010329662077
+0000.0001414518704151,+0000.0001239087973533,+0000.6516099433422944,+0000.3030356747886941,+0000.0449902696434156,+0000.0000987515578558
+0000.0001384616486017,+0000.0001215518911973,+0000.6507001925518557,+0000.3050863793799433,+0000.0438569277202776,+0000.0000964868081532
+0000.0001354868912904,+0000.0001192008829466,+0000.6499438624551080,+0000.3069706531688915,+0000.0427365568020572,+0000.0000942397997351
+0000.0001325291289382,+0000.0001168569919449,+0000.6493424213878208,+0000.3086865685253270,+0000.0416296123792759,+0000.0000920115867220
+0000.0001295898605278,+0000.0001145214154252,+0000.6488971593127141,+0000.3102323937598699,+0000.0405365324574655,+0000.0000898031940267
+0000.0001266705523828,+0000.0001121953278800,+0000.6486091872679441,+0000.3116065938993776,+0000.0394577373357420,+0000.0000876156167028
+0000.0001237726370255,+0000.0001098798804772,+0000.6484794370218538,+0000.3128078312348515,+0000.0383936294064888,+0000.0000854498193329
+0000.0001208975120773,+0000.0001075762005207,+0000.6485086609284049,+0000.3138349656474563,+0000.0373445929761110,+0000.0000833067354593
+0000.0001180465392044,+0000.0001052853909522,+0000.6486974319775385,+0000.3146870547184800,+0000.0363109941067996,+0000.0000811872670552
