+0001.0000000000000000,+0000.0000000000000000,+0000.0000000000000000,+0000.0000000000000000,+0000.0000000000000000
+0000.9975455931074465,+0000.0000943906343836,+0000.0023597658595890,+0000.0000000096307147,+0000.0000002407678665
+0000.9903015045473774,+0000.0003729330830768,+0000.0093233270769195,+0000.0000000859727933,+0000.0000021493198331
+0000.9784726729060236,+0000.0008276332191158,+0000.0206908304778943,+0000.0000003408998833,+0000.0000085224970831
+0000.9622939240437517,+0000.0014492954530310,+0000.0362323863257759,+0000.0000009382375939,+0000.0000234559398475
+0000.9420241334414390,+0000.0022277502800277,+0000.0556937570006915,+0000.0000020907414555,+0000.0000522685363865
+0000.9179411003848672,+0000.0031520544901054,+0000.0788013622526340,+0000.0000040570335536,+0000.0001014258388401
+0000.8903371716424470,+0000.0042106624920141,+0000.1052665623003528,+0000.0000071385986610,+0000.0001784649665250
+0000.8595156139028299,+0000.0053915687158944,+0000.1347892178973598,+0000.0000116769032275,+0000.0002919225806881
+0000.8257877045757589,+0000.0066824222350791,+0000.1670605558769772,+0000.0000180506658533,+0000.0004512666463315
+0000.7894704887391797,+0000.0080706156180873,+0000.2017653904521821,+0000.0000266732765596,+0000.0006668319139911
+0000.7508851348342800,+0000.0095433506333983,+0000.2385837658349578,+0000.0000379903345140,+0000.0009497583628500
+0000.7103558118426163,+0000.0110876838332167,+0000.2771920958304159,+0000.0000524772497597,+0000.0013119312439916
+0000.6682090048246164,+0000.0126905552884330,+0000.3172638822108244,+0000.0000706368336972,+0000.0017659208424292
+0000.6247731826759579,+0000.0143388038810625,+0000.3584700970265619,+0000.0000929967852468,+0000.0023249196311707
+0000.5803787307658542,+0000.0160191726213719,+0000.4004793155342962,+0000.0001201069645568,+0000.0030026741139211
+0000.5353580609658382,+0000.0177183074753026,+0000.4429576868825648,+0000.0001525363337036,+0000.0038134083425908
+0000.4900458118857375,+0000.0194227531856101,+0000.4855688296402523,+0000.0001908694341692,+0000.0047717358542308
+0000.4447790525517599,+0000.0211189495605974,+0000.5279737390149359,+0000.0002357022643349,+0000.0058925566083719
+0000.3998974031519035,+0000.0227932316920982,+0000.5698307923024555,+0000.0002876374174440,+0000.0071909354360989
+0000.3557429869065498,+0000.0244318375458078,+0000.6107959386451961,+0000.0003472783424018,+0000.0086819585600443
+0000.3126601278681675,+0000.0260209263305287,+0000.6505231582632185,+0000.0004152225976187,+0000.0103805649404664
+0000.2709947109758195,+0000.0275466109791282,+0000.6886652744782044,+0000.0004920539833403,+0000.0123013495835078
+0000.2310931236268763,+0000.0289950079367797,+0000.7248751984194919,+0000.0005783334621866,+0000.0144583365546655
+0000.1933007031731605,+0000.0303523072191742,+0000.7588076804793560,+0000.0006745888126273,+0000.0168647203156818
+0000.1579596230108683,+0000.0316048653383214,+0000.7901216334580345,+0000.0007813030074145,+0000.0195325751853613
+0000.1254061622799581,+0000.0327393231579476,+0000.8184830789486910,+0000.0008989013697463,+0000.0224725342436572
+0000.0959673215589224,+0000.0337427499977049,+0000.8435687499426225,+0000.0010277376346442,+0000.0256934408661059
+0000.0699567701325398,+0000.0346028143252963,+0000.8650703581324074,+0000.0011680791311445,+0000.0292019782786120
+0000.0476701399334206,+0000.0353079801405650,+0000.8826995035141250,+0000.0013200914004573,+0000.0330022850114321
+0000.0293797171657195,+0000.0358477266672987,+0000.8961931666824663,+0000.0014838226724814,+0000.0370955668120341
+0000.0153286243262069,+0000.0362127872552994,+0000.9053196813824851,+0000.0016591887321542,+0000.0414797183038544
+0000.0057246314526333,+0000.0363954015186588,+0000.9098850379664687,+0000.0018459588100861,+0000.0461489702521530
+0000.0007337836311403,+0000.0363895727954168,+0000.9097393198854201,+0000.0020437432187701,+0000.0510935804692526
+0000.0004740787944722,+0000.0361913211468726,+0000.9047830286718133,+0000.0022519835148785,+0000.0562995878719634
+0000.0050094714720835,+0000.0357989204941649,+0000.8949730123541213,+0000.0024699459876781,+0000.0617486496919520
+0000.0143445096125316,+0000.0352131073112835,+0000.8803276827820861,+0000.0026967192420807,+0000.0674179810520184
+0000.0284199278854085,+0000.0344372477586958,+0000.8609311939673930,+0000.0029312165534040,+0000.0732804138350989
+0000.0471095173716273,+0000.0334774504323694,+0000.8369362608092327,+0000.0031721835148758,+0000.0793045878718948
+0000.0702185647489334,+0000.0323426131531418,+0000.8085653288285433,+0000.0034182112795916,+0000.0854552819897901
+0000.0974841022749686,+0000.0310443944880032,+0000.7761098622000782,+0000.0036677554244981,+0000.0916938856124519
+0000.1285771337998060,+0000.0295971039334725,+0000.7399275983368115,+0000.0039191601511504,+0000.0979790037787596
+0000.1631069052451666,+0000.0280175087426239,+0000.7004377185655946,+0000.0041706872094852,+0000.1042671802371299
+0000.2006271768130918,+0000.0263245599693997,+0000.6581139992349910,+0000.0044205486147122,+0000.1105137153678050
+0000.2406443373354302,+0000.0245390450718890,+0000.6134761267972222,+0000.0046669419536715,+0000.1166735488417872
+0000.2826270888283879,+0000.0226831789404195,+0000.5670794735104848,+0000.0049080868738734,+0000.1227021718468344
+0000.3260173319200519,+0000.0207801490722987,+0000.5195037268074654,+0000.0051422612384686,+0000.1285565309617153
+0000.3702418097225891,+0000.0188536334297739,+0000.4713408357443458,+0000.0053678354270497,+0000.1341958856762415
+0000.4147240259006022,+0000.0169273110207774,+0000.4231827755194314,+0000.0055833033676611,+0000.1395825841915279
+0000.4588959457878256,+0000.0150243853026519,+0000.3756096325662962,+0000.0057873090901241,+0000.1446827272531022
+0000.5022090172795902,+0000.0131671391530477,+0000.3291784788261890,+0000.0059786678746605,+0000.1494666968665125
+0000.5441441070561337,+0000.0113765375543304,+0000.2844134388582576,+0000.0061563814050492,+0000.1539095351262290
+0000.5842200306288230,+0000.0096718905929905,+0000.2417972648247599,+0000.0063196466905164,+0000.1579911672629102
+0000.6220004529368699,+0000.0080705852538734,+0000.2017646313468335,+0000.0064678588639394,+0000.1616964715984839
+0000.6570990402215795,+0000.0065878901845396,+0000.1646972546134885,+0000.0066006082684766,+0000.1650152067119156
+0000.6891828446218179,+0000.0052368334860221,+0000.1309208371505509,+0000.0067176724900619,+0000.1679418122515470
+0000.7179739927981289,+0000.0040281499558801,+0000.1007037488970008,+0000.0068190041672689,+0000.1704751041817215
+0000.7432498234543222,+0000.0029702912808762,+0000.0742572820219033,+0000.0069047155093423,+0000.1726178877335561
+0000.7648416728136739,+0000.0020694905639891,+0000.0517372640997266,+0000.0069750604816389,+0000.1743765120409717
+0000.7826325411356849,+0000.0013298712943875,+0000.0332467823596879,+0000.0070304155850092,+0000.1757603896252303
+0000.7965538883653470,+0000.0007535903724599,+0000.0188397593114977,+0000.0070712600750268,+0000.1767815018756688
+0000.8065818055320997,+0000.0003410049725170,+0000.0085251243129253,+0000.0070981563531715,+0000.1774539088292865
+0000.8127327939418760,+0000.0000908537188925,+0000.0022713429723117,+0000.0071117311294969,+0000.1777932782374228
+0000.8150593602282665,+0000.0000004437119788,+0000.0000110927994697,+0000.0071126578177033,+0000.1778164454425817
+0000.8136456055297113,+0000.0000658362212079,+0000.0016459055301975,+0000.0071016404891878,+0000.1775410122296952
+0000.8086029546043417,+0000.0002820252328595,+0000.0070506308214874,+0000.0070793995900505,+0000.1769849897512609
+0000.8000661381565053,+0000.0006431043980881,+0000.0160776099522042,+0000.0070466595189693,+0000.1761664879742328
+0000.7881895109455868,+0000.0011424191946220,+0000.0285604798655496,+0000.0070041380767016,+0000.1751034519175400
+0000.7731437606558336,+0000.0017727022446368,+0000.0443175561159218,+0000.0069525377301388,+0000.1738134432534690
+0000.7551130387379027,+0000.0025261906949472,+0000.0631547673736821,+0000.0068925385843642,+0000.1723134646091040
+0000.7342925247395782,+0000.0033947253561496,+0000.0848681339037407,+0000.0068247929230974,+0000.1706198230774342
+0000.7108864199266225,+0000.0043698319209182,+0000.1092457980229554,+0000.0067499211588271,+0000.1687480289706768
+0000.6851063539151179,+0000.0054427850539705,+0000.1360696263492643,+0000.0066685090262172,+0000.1667127256554300
+0000.6571701791050667,+0000.0066046564886488,+0000.1651164122162223,+0000.0065811058534640,+0000.1645276463365982
+0000.6273011213578760,+0000.0078463485016150,+0000.1961587125403771,+0000.0064882237538513,+0000.1622055938462809
+0000.5957272510154206,+0000.0091586142922505,+0000.2289653573062639,+0000.0063903375917718,+0000.1597584397942931
+0000.5626812354533915,+0000.0105320668903003,+0000.2633016722575093,+0000.0062878855922615,+0000.1571971398065373
+0000.5284003323792279,+0000.0119571782753519,+0000.2989294568837995,+0000.0061812704792931,+0000.1545317619823275
+0000.4931265815670550,+0000.0134242704335533,+0000.3356067608388352,+0000.0060708610446368,+0000.1517715261159199
+0000.4571071512770072,+0000.0149235001163941,+0000.3730875029098532,+0000.0059569940652595,+0000.1489248516314861
+0000.4205947939124124,+0000.0164448391163323,+0000.4111209779083084,+0000.0058399765024211,+0000.1459994125605259
+0000.3838483632755588,+0000.0179780519445622,+0000.4494512986140558,+0000.0057200879294548,+0000.1430021982363684
+0000.3471333429162374,+0000.0195126728942801,+0000.4878168223570049,+0000.0055975831474030,+0000.1399395786850745
+0000.3107223314326061,+0000.0210379846022505,+0000.5259496150562653,+0000.0054726949580338,+0000.1368173739508445
+0000.2748954261772443,+0000.0225430003825920,+0000.5635750095648021,+0000.0053456370721293,+0000.1336409268032324
+0000.2399404417434135,+0000.0240164527957526,+0000.6004113198938174,+0000.0052166071371930,+0000.1304151784298238
+0000.2061528940822139,+0000.0254467911241037,+0000.6361697781025942,+0000.0050857898727342,+0000.1271447468183540
+0000.1738356755021739,+0000.0268221906392984,+0000.6705547659824622,+0000.0049533603029256,+0000.1238340075731398
+0000.1432983406724121,+0000.0281305767447483,+0000.7032644186187081,+0000.0048194870755435,+0000.1204871768885878
+0000.1148559198279508,+0000.0293596672309805,+0000.7339916807745127,+0000.0046843358525599,+0000.1171083963139962
+0000.0888271736125310,+0000.0304970359557649,+0000.7624258988941235,+0000.0045480727514454,+0000.1137018187861353
+0000.0655322055569414,+0000.0315302012099150,+0000.7882550302478758,+0000.0044108678071257,+0000.1102716951781419
+0000.0452893544398985,+0000.0324467418011698,+0000.8111685450292467,+0000.0042728984126802,+0000.1068224603170047
+0000.0284113012118671,+0000.0332344434246812,+0000.8308610856170296,+0000.0041343526825547,+0000.1033588170638676
+0000.0152003453111900,+0000.0338814771299435,+0000.8470369282485892,+0000.0039954326657799,+0000.0998858166444971
+0000.0059428344685783,+0000.0343766105857414,+0000.8594152646435358,+0000.0038563573193133,+0000.0964089329828313
+0000.0009027715256114,+0000.0347094513453915,+0000.8677362836347873,+0000.0037173651343927,+0000.0929341283598172
+0000.0003146717840430,+0000.0348707194072167,+0000.8717679851804182,+0000.0035787162933970,+0000.0894679073349252
+0000.0043758043723547,+0000.0348525440701056,+0000.8713136017526397,+0000.0034406942232654,+0000.0860173555816348
+0000.0132380191556337,+0000.0346487774721416,+0000.8662194368035392,+0000.0033036064064879,+0000.0825901601621975
+0000.0269994332967033,+0000.0342553144046944,+0000.8563828601173585,+0000.0031677843146632,+0000.0791946078665804
+0000.0456963233900426,+0000.0336704052167971,+0000.8417601304199257,+0000.0030335823451244,+0000.0758395586281101
+0000.0692956331027734,+0000.0328949461335955,+0000.8223736533398862,+0000.0029013756701440,+0000.0725343917536004
+0000.0976885540885736,+0000.0319327294294536,+0000.7983182357363395,+0000.0027715569517552,+0000.0692889237938781
+0000.1306856606123605,+0000.0307906349667052,+0000.7697658741676292,+0000.0026445319328194,+0000.0661132983204855
+0000.1680140673851412,+0000.0294787449623884,+0000.7369686240597082,+0000.0025207139843370,+0000.0630178496084249
+0000.2093170290508582,+0000.0280103657322870,+0000.7002591433071741,+0000.0024005177657570,+0000.0600129441439236
+0000.2541563055365615,+0000.0264019437080331,+0000.6600485927008249,+0000.0022843522328685,+0000.0571088058217119
+0000.3020174818017174,+0000.0246728681702945,+0000.6168217042573612,+0000.0021726132988703,+0000.0543153324717565
+0000.3523182607195610,+0000.0228451596162498,+0000.5711289904062423,+0000.0020656765099211,+0000.0516419127480260
+0000.4044195567833245,+0000.0209430499948437,+0000.5235762498710893,+0000.0019638901288747,+0000.0490972532218676
+0000.4576390234872197,+0000.0189924685343483,+0000.4748117133587044,+0000.0018675690238357,+0000.0466892255958916
+0000.5112664685419143,+0000.0170204537891161,+0000.4255113447279002,+0000.0017769897285027,+0000.0444247432125666
+0000.5645804682687472,+0000.0150545180868689,+0000.3763629521717213,+0000.0016923869797178,+0000.0423096744929450
+0000.6168654020554321,+0000.0131219941258058,+0000.3280498531451431,+0000.0016139519489854,+0000.0403487987246338
+0000.6674281002225330,+0000.0112493946371847,+0000.2812348659296153,+0000.0015418322773334,+0000.0385458069333337
+0000.7156133369651471,+0000.0094618146707064,+0000.2365453667676585,+0000.0014761339075572,+0000.0369033476889307
+0000.7608174990176271,+0000.0077824023646023,+0000.1945600591150560,+0000.0014169245962583,+0000.0354231149064563
+0000.8024999080050749,+0000.0062319184934615,+0000.1557979623365361,+0000.0013642388909588,+0000.0341059722739689
+0000.8401914527172807,+0000.0048283983044274,+0000.1207099576106826,+0000.0013180842833696,+0000.0329521070842396
+0000.8735003771597419,+0000.0035869219055796,+0000.0896730476394884,+0000.0012784482036612,+0000.0319612050915288
+0000.9021152522719975,+0000.0025194924858703,+0000.0629873121467553,+0000.0012453055036684,+0000.0311326375917087
+0000.9258053178669546,+0000.0016350155333130,+0000.0408753883328251,+0000.0012186260871888,+0000.0304656521797184
+0000.9444185056183835,+0000.0009393674058486,+0000.0234841851462155,+0000.0011983823780597,+0000.0299595594514925
+0000.9578775382030428,+0000.0004355383194785,+0000.0108884579869620,+0000.0011845563650199,+0000.0296139091254966
+0000.9661745435232723,+0000.0001238330758314,+0000.0030958268957845,+0000.0011771460194274,+0000.0294286504856844
+0000.9693646300096213,+0000.0000021125200756,+0000.0000528130018904,+0000.0011761709410928,+0000.0294042735273198
+0000.9675588458925338,+0000.0000660595531732,+0000.0016514888293307,+0000.0011816771432678,+0000.0295419285816947
+0000.9609169000397834,+0000.0003094552161343,+0000.0077363804033589,+0000.0011937409361817,+0000.0298435234045417
+0000.9496399626825698,+0000.0007244526052251,+0000.0181113151306276,+0000.0012124719069838,+0000.0303117976745936
+0000.9339637985558045,+0000.0013018388801746,+0000.0325459720043659,+0000.0012380150215252,+0000.0309503755381299
+0000.9141524187850526,+0000.0020312781564628,+0000.0507819539115720,+0000.0012705518902659,+0000.0317637972566467
+0000.8904923758029780,+0000.0029015304521540,+0000.0725382613038502,+0000.0013103012477315,+0000.0327575311932863
+0000.8632877706260967,+0000.0039006439743213,+0000.0975160993580340,+0000.0013575186939057,+0000.0339379673476422
+0000.8328559955186121,+0000.0050161198184790,+0000.1254029954619768,+0000.0014124957384974,+0000.0353123934624350
+0000.7995241978387717,+0000.0062350495984432,+0000.1558762399610819,+0000.0014755581769886,+0000.0368889544247144
+0000.7636264223118965,+0000.0075442276370741,+0000.1886056909268534,+0000.0015470638124683,+0000.0386765953117079
+0000.7255013681852247,+0000.0089302401641366,+0000.2232560041034168,+0000.0016273995210470,+0000.0406849880261748
+0000.6854906834995457,+0000.0103795345305892,+0000.2594883632647312,+0000.0017169776425052,+0000.0429244410626288
+0000.6439377097866557,+0000.0118784718067605,+0000.2969617951690128,+0000.0018162316629835,+0000.0454057915745876
+0000.6011865856547349,+0000.0134133663307518,+0000.3353341582687951,+0000.0019256111440661,+0000.0481402786016521
+0000.5575816158913564,+0000.0149705158529066,+0000.3742628963226658,+0000.0020455758435797,+0000.0511393960894915
+0000.5134668130356794,+0000.0165362259144085,+0000.4134056478602151,+0000.0021765889688345,+0000.0544147242208626
+0000.4691855202148210,+0000.0180968320263231,+0000.4524208006580803,+0000.0023191095038760,+0000.0579777375968996
+0000.4250800270030974,+0000.0196387230940945,+0000.4909680773523642,+0000.0024735835596325,+0000.0618395889908116
+0000.3814910939661459,+0000.0211483693675591,+0000.5287092341889786,+0000.0026404347106660,+0000.0660108677666503
+0000.3387573064150063,+0000.0226123579861817,+0000.5653089496545445,+0000.0028200533055488,+0000.0705013326387187
+0000.2972141839115748,+0000.0240174389251430,+0000.6004359731285768,+0000.0030127847705656,+0000.0753196192641397
+0000.2571929795689945,+0000.0253505838167024,+0000.6337645954175632,+0000.0032189169691054,+0000.0804729242276344
+0000.2190191126078945,+0000.0265990597061931,+0000.6649764926548305,+0000.0034386667319647,+0000.0859666682991170
+0000.1830101894363252,+0000.0277505192852015,+0000.6937629821300384,+0000.0036721657364783,+0000.0918041434119563
+0000.1494735831744191,+0000.0287931085095635,+0000.7198277127390894,+0000.0039194459837280,+0000.0979861495932000
+0000.1187035594087995,+0000.0297155917449404,+0000.7428897936235122,+0000.0041804252008749,+0000.1045106300218729
+0000.0909779572244332,+0000.0305074936840849,+0000.7626873421021241,+0000.0044548925765138,+0000.1113723144128441
+0000.0665544591434034,+0000.0311592562552435,+0000.7789814063810893,+0000.0047424953161640,+0000.1185623829040996
+0000.0456665110647672,+0000.0316624076132532,+0000.7915601903313315,+0000.0050427265765634,+0000.1260681644140846
+0000.0285189827782070,+0000.0320097391143793,+0000.8002434778594832,+0000.0053549153941512,+0000.1338728848537793
+0000.0152836897665093,+0000.0321954849826962,+0000.8048871245674053,+0000.0056782192570535,+0000.1419554814263359
+0000.0060949259838165,+0000.0322154982585274,+0000.8053874564631864,+0000.0060116199728642,+0000.1502904993216053
+0000.0010451828384833,+0000.0320674156725667,+0000.8016853918141684,+0000.0063539234490301,+0000.1588480862257515
+0000.0001812491694542,+0000.0317508034168178,+0000.7937700854204458,+0000.0067037639228186,+0000.1675940980704635
+0000.0035008979516238,+0000.0312672754897756,+0000.7816818872443901,+0000.0070596130505466,+0000.1764903262636638
+0000.0109503653699718,+0000.0306205764710746,+0000.7655144117768655,+0000.0074197940916188,+0000.1854948522904691
+0000.0224228148690015,+0000.0298166212978004,+0000.7454155324450089,+0000.0077825012072381,+0000.1945625301809512
+0000.0377579517890182,+0000.0288634858999281,+0000.7215871474982013,+0000.0081458236466482,+0000.2036455911662044
+0000.0567429133845260,+0000.0277713443855004,+0000.6942836096375087,+0000.0085077743304794,+0000.2126943582619856
+0000.0791145058790214,+0000.0265523507707279,+0000.6638087692681982,+0000.0088663220800790,+0000.2216580520019735
+0000.1045627976348679,+0000.0252204658939024,+0000.6305116473475582,+0000.0092194265047566,+0000.2304856626189150
+0000.1327360096403072,+0000.0237912329546560,+0000.5947808238663984,+0000.0095650743668707,+0000.2391268591717679
+0000.1632465763719414,+0000.0222815078692810,+0000.5570376967320245,+0000.0099013161164136,+0000.2475329029103394
+0000.1956781871087742,+0000.0207091531057681,+0000.5177288276442005,+0000.0102263012362022,+0000.2556575309050551
+0000.2295935651719175,+0000.0190927056510503,+0000.4773176412762566,+0000.0105383110731068,+0000.2634577768276689
+0000.2645427047369902,+0000.0174510310994007,+0000.4362757774850163,+0000.0108357879491767,+0000.2708946987294160
+0000.3000712648571758,+0000.0158029764268411,+0000.3950744106710263,+0000.0111173595401907,+0000.2779339885047661
+0000.3357288194807569,+0000.0141670337963468,+0000.3541758449086680,+0000.0113818577620857,+0000.2845464440521426
+0000.3710766800527465,+0000.0125610267627894,+0000.3140256690697347,+0000.0116283316967204,+0000.2907082924180089
+0000.4056950415480398,+0000.0110018286237344,+0000.2750457155933594,+0000.0118560543936488,+0000.2964013598412177
+0000.4391892499081821,+0000.0095051205540394,+0000.2376280138509836,+0000.0120645236802614,+0000.3016130920065335
+0000.4711950443718238,+0000.0080851947618451,+0000.2021298690461253,+0000.0122534573777003,+0000.3063364344425056
+0000.5013826872957997,+0000.0067548054122122,+0000.1688701353053037,+0000.0124227835379494,+0000.3105695884487348
+0000.5294599521626502,+0000.0055250676696930,+0000.1381266917423237,+0000.0125726264778975,+0000.3143156619474359
+0000.5551739936176464,+0000.0044054030685279,+0000.1101350767131972,+0000.0127032894846396,+0000.3175822371159890
+0000.5783121685879542,+0000.0034035276423188,+0000.0850881910579688,+0000.0128152351042985,+0000.3203808776074598
+0000.5987019129244009,+0000.0025254779002091,+0000.0631369475052278,+0000.0129090639103909,+0000.3227265977597712
+0000.6162098027843483,+0000.0017756688445828,+0000.0443917211145701,+0000.0129854925867885,+0000.3246373146697105
+0000.6307399443233306,+0000.0011569777677456,+0000.0289244441936392,+0000.0130453320659725,+0000.3261333016493120
+0000.6422318401271958,+0000.0006708474938942,+0000.0167711873473540,+0000.0130894663473676,+0000.3272366586841883
+0000.6506578776593410,+0000.0003174029805201,+0000.0079350745130026,+0000.0131188324941207,+0000.3279708123530155
+0000.6560205755619595,+0000.0000955756836637,+0000.0023893920915914,+0000.0131344021793380,+0000.3283600544834471
+0000.6583497097454055,+0000.0000032307469718,+0000.0000807686742946,+0000.0131371650320511,+0000.3284291258012769
+0000.6576994245357830,+0000.0000372928241369,+0000.0009323206034225,+0000.0131281139244869,+0000.3282028481121706
+0000.6541454162239340,+0000.0001938671270901,+0000.0048466781772517,+0000.0131082322489125,+0000.3277058062228119
+0000.6477822583872742,+0000.0004683530598772,+0000.0117088264969305,+0000.0130784831559969,+0000.3269620788999210
+0000.6387209212575153,+0000.0008555485150383,+0000.0213887128759580,+0000.0130398006673650,+0000.3259950166841231
+0000.6270865218101842,+0000.0013497435523448,+0000.0337435888086193,+0000.0129930825318790,+0000.3248270632969726
+0000.6130163275255891,+0000.0019448027363926,+0000.0486200684098166,+0000.0129391846664694,+0000.3234796166617323
+0000.5966580250698351,+0000.0026342358759321,+0000.0658558968983024,+0000.0128789170059974,+0000.3219729251499330
+0000.5781682554554261,+0000.0034112572866628,+0000.0852814321665698,+0000.0128130405804363,+0000.3203260145109053
+0000.5577114094288829,+0000.0042688339979053,+0000.1067208499476323,+0000.0127422656394454,+0000.3185566409861340
+0000.5354586706819038,+0000.0051997235523598,+0000.1299930888089966,+0000.0126672506521824,+0000.3166812663045573
+0000.5115872897304019,+0000.0061965022189300,+0000.1549125554732514,+0000.0125886020222084,+0000.3147150505552082
+0000.4862800676700528,+0000.0072515845636277,+0000.1812896140906927,+0000.0125068743721395,+0000.3126718593034871
+0000.4597250262156457,+0000.0083572354149045,+0000.2089308853726123,+0000.0124225712691092,+0000.3105642817277283
+0000.4321152381969264,+0000.0095055753285549,+0000.2376393832138748,+0000.0123361462792556,+0000.3084036569813882
+0000.4036487907721075,+0000.0106885807136176,+0000.2672145178404419,+0000.0122480042566859,+0000.3062001064171467
+0000.3745288518187249,+0000.0118980798330879,+0000.2974519958271979,+0000.0121585027892689,+0000.3039625697317204
+0000.3449638080920973,+0000.0131257459488494,+0000.3281436487212353,+0000.0120679537399161,+0000.3016988434979018
+0000.3151674416654131,+0000.0143630889444901,+0000.3590772236122534,+0000.0119766248376094,+0000.2994156209402339
+0000.2853591087868269,+0000.0156014468362919,+0000.3900361709072992,+0000.0118847412872917,+0000.2971185321822903
+0000.2557638825610777,+0000.0168319786734293,+0000.4207994668357347,+0000.0117924873819138,+0000.2948121845478445
+0000.2266126177949910,+0000.0180456604328604,+0000.4511415108215122,+0000.0117000081134861,+0000.2925002028371504
+0000.1981418930118693,+0000.0192332856296196,+0000.4808321407404915,+0000.0116074107930008,+0000.2901852698250190
+0000.1705937811894350,+0000.0203854724834001,+0000.5096368120850044,+0000.0115147667016216,+0000.2878691675405387
+0000.1442153974487684,+0000.0214926795982640,+0000.5373169899566012,+0000.0114221128075526,+0000.2855528201888137
+0000.1192581690585522,+0000.0225452322110235,+0000.5636308052755878,+0000.0113294535944169,+0000.2832363398604200
+0000.0959767711741979,+0000.0235333611280540,+0000.5883340282013511,+0000.0112367630575538,+0000.2809190764388430
+0000.0746276712798723,+0000.0244472564782828,+0000.6111814119570711,+0000.0111439869340298,+0000.2785996733507441
+0000.0554672270372890,+0000.0252771383356893,+0000.6319284583922324,+0000.0110510452397997,+0000.2762761309949897
+0000.0387492869679226,+0000.0260133460778271,+0000.6503336519456798,+0000.0109578351926374,+0000.2739458798159328
+0000.0247222519769240,+0000.0266464480150019,+0000.6661612003750481,+0000.0108642346012703,+0000.2716058650317556
+0000.0136255690539700,+0000.0271673723147814,+0000.6791843078695352,+0000.0107701057985275,+0000.2692526449631858
+0000.0056856473716393,+0000.0275675595283832,+0000.6891889882095801,+0000.0106753001880923,+0000.2668825047023051
+0000.0011112120638540,+0000.0278391360765666,+0000.6959784019141654,+0000.0105796634594391,+0000.2644915864859748
+0000.0000881424747674,+0000.0279751068636634,+0000.6993776715915868,+0000.0104830415026917,+0000.2620760375672905
+0000.0027738793635834,+0000.0279695637699899,+0000.6992390942497487,+0000.0103852870237184,+0000.2596321755929593
+0000.0092915284589681,+0000.0278179051627632,+0000.6954476290690814,+0000.0102862668195842,+0000.2571566704896027
+0000.0197238340190486,+0000.0275170598347080,+0000.6879264958677012,+0000.0101858696260979,+0000.2546467406524446
+0000.0341072428130057,+0000.0270657070360252,+0000.6766426759006297,+0000.0100840143942439,+0000.2521003598560953
+0000.0524263223331366,+0000.0264644826551274,+0000.6616120663781838,+0000.0099806587935982,+0000.2495164698399539
+0000.0746088323374486,+0000.0257161603045004,+0000.6429040076125108,+0000.0098758076825208,+0000.2468951920630190
+0000.1005217707345902,+0000.0248257952779192,+0000.6206448819479788,+0000.0097695212322890,+0000.2442380308072227
+0000.1299687180642254,+0000.0238008192613596,+0000.5950204815339895,+0000.0096619223515549,+0000.2415480587888708
+0000.1626887848047432,+0000.0226510744724771,+0000.5662768618119276,+0000.0095532030350328,+0000.2388300758758190
+0000.1983574193880350,+0000.0213887776845255,+0000.5347194421131383,+0000.0094436292620886,+0000.2360907315522127
+0000.2365892613903972,+0000.0200284073835828,+0000.5007101845895690,+0000.0093335441014020,+0000.2333386025350490
+0000.2769431261633734,+0000.0185865110237983,+0000.4646627755949572,+0000.0092233687391490,+0000.2305842184787220
+0000.3189290897362076,+0000.0170814337711204,+0000.4270358442780102,+0000.0091136012390255,+0000.2278400309756360
+0000.3620175148642089,+0000.0155329749317637,+0000.3883243732940932,+0000.0090048129580745,+0000.2251203239518597
+0000.4056497317267296,+0000.0139619830285636,+0000.3490495757140885,+0000.0088976426742546,+0000.2224410668563635
+0000.4492499722767199,+0000.0123899047552244,+0000.3097476188806092,+0000.0087927886187480,+0000.2198197154686987
+0000.4922380674652164,+0000.0108383063622422,+0000.2709576590560536,+0000.0086909987352496,+0000.2172749683812383
+0000.5340423612426509,+0000.0093283880473814,+0000.2332097011845356,+0000.0085930595971321,+0000.2148264899282997
+0000.5741122805157708,+0000.0078805124127652,+0000.1970128103191306,+0000.0084997844904744,+0000.2124946122618588
+0000.6119300277044417,+0000.0065137669562609,+0000.1628441739065229,+0000.0084120012089529,+0000.2103000302238215
+0000.6470209289898226,+0000.0052455780133313,+0000.1311394503332818,+0000.0083305401024449,+0000.2082635025611198
+0000.6789620692878579,+0000.0040913898430862,+0000.1022847460771534,+0000.0082562228766117,+0000.2064055719152907
+0000.7073889638239125,+0000.0030644180603644,+0000.0766104515091088,+0000.0081898525617929,+0000.2047463140448213
+0000.7320001438019215,+0000.0021754818112187,+0000.0543870452804666,+0000.0081322049656306,+0000.2033051241407626
+0000.7525596580863392,+0000.0014329144213098,+0000.0358228605327445,+0000.0080840218061388,+0000.2021005451534678
+0000.7688976037181133,+0000.0008425481013284,+0000.0210637025332097,+0000.0080460056018212,+0000.2011501400455275
+0000.7809088878342607,+0000.0004077649540401,+0000.0101941238510016,+0000.0080188162831038,+0000.2004704070775938
+0000.7885504877370776,+0000.0001296041558514,+0000.0032401038962849,+0000.0080030693927226,+0000.2000767348180637
+0000.7918375132481622,+0000.0000069138235415,+0000.0001728455885383,+0000.0079993356669138,+0000.1999833916728439
+0000.7908383876270729,+0000.0000365356623871,+0000.0009133915596783,+0000.0080081417365717,+0000.2002035434142898
+0000.7856694538190173,+0000.0002135108877406,+0000.0053377721935153,+0000.0080299716576819,+0000.2007492914420448
+0000.7764892864255094,+0000.0005312969356231,+0000.0132824233905769,+0000.0080652689710882,+0000.2016317242772025
+0000.7634929518109380,+0000.0009819859308399,+0000.0245496482709971,+0000.0081144389995087,+0000.2028609749877161
+0000.7469064142101233,+0000.0015565175736036,+0000.0389129393400896,+0000.0081778511106225,+0000.2044462777655610
+0000.7269812389799267,+0000.0022448808727777,+0000.0561220218194430,+0000.0082558407049175,+0000.2063960176229353
+0000.7039896987311909,+0000.0030363008650888,+0000.0759075216272200,+0000.0083487107221731,+0000.2087177680543269
+0000.6782203464911145,+0000.0039194080216079,+0000.0979852005401969,+0000.0084567324979647,+0000.2114183124491160
+0000.6499740838520998,+0000.0048823893972235,+0000.1220597349305882,+0000.0085801458392342,+0000.2145036459808541
+0000.6195607220323754,+0000.0059131216974512,+0000.1478280424362814,+0000.0087191582243805,+0000.2179789556095116
+0000.5872960100521316,+0000.0069992873148318,+0000.1749821828707967,+0000.0088739430677785,+0000.2218485766944612
+0000.5534990865201344,+0000.0081284750358890,+0000.2032118758972265,+0000.0090446370210289,+0000.2261159255257212
+0000.5184902992587755,+0000.0092882675608082,+0000.2322066890202052,+0000.0092313363138543,+0000.2307834078463567
+0000.4825893294647580,+0000.0104663182382481,+0000.2616579559562029,+0000.0094340921669536,+0000.2358523041738375
+0000.4461135535743029,+0000.0116504195245574,+0000.2912604881139355,+0000.0096529053379695,+0000.2413226334492347
+0000.4093765757875118,+0000.0128285656559695,+0000.3207141413992367,+0000.0098877198906648,+0000.2471929972666175
+0000.3726868667068431,+0000.0139890118966363,+0000.3497252974159081,+0000.0101384163069467,+0000.2534604076736659
+0000.3363464482685257,+0000.0151203325132448,+0000.3780083128311211,+0000.0104048040918119,+0000.2601201022952964
+0000.3006495717103365,+0000.0162114793431956,+0000.4052869835798888,+0000.0106866140525608,+0000.2671653513140181
+0000.2658813434360842,+0000.0172518424794325,+0000.4312960619858128,+0000.0109834904653335,+0000.2745872616333370
+0000.2323162630883155,+0000.0182313142002198,+0000.4557828550054959,+0000.0112949833733066,+0000.2823745843326623
+0000.2002166487486728,+0000.0191403568345864,+0000.4785089208646603,+0000.0116205412904647,+0000.2905135322616155
+0000.1698309357802385,+0000.0199700747820590,+0000.4992518695514743,+0000.0119595046110088,+0000.2989876152752194
+0000.1413918482134310,+0000.0207122904082773,+0000.5178072602069331,+0000.0123111000450523,+0000.3077775011263060
+0000.1151144545072096,+0000.0213596230281368,+0000.5339905757034190,+0000.0126744364138937,+0000.3168609103473410
+0000.0911941326624988,+0000.0219055696804118,+0000.5476392420102939,+0000.0130485021402614,+0000.3262125535065341
+0000.0698044826029722,+0000.0223445859111413,+0000.5586146477785319,+0000.0134321647579752,+0000.3358041189493792
+0000.0510952359502707,+0000.0226721643396244,+0000.5668041084906087,+0000.0138241727392115,+0000.3456043184802848
+0000.0351902241998887,+0000.0228849084057166,+0000.5721227101429152,+0000.0142231598942878,+0000.3555789973571919
+0000.0221854751827393,+0000.0229805984167728,+0000.5745149604193190,+0000.0146276525377373,+0000.3656913134434318
+0000.0121475138888268,+0000.0229582468532189,+0000.5739561713304715,+0000.0150360795356725,+0000.3759019883918105
+0000.0051119465830176,+0000.0228181398767957,+0000.5704534969198929,+0000.0154467852546268,+0000.3861696313656670
+0000.0010824061106048,+0000.0225618621330123,+0000.5640465533253072,+0000.0158580453242722,+0000.3964511331068037
+0000.0000299309967776,+0000.0221923022591956,+0000.5548075564798883,+0000.0162680850101592,+0000.4067021252539791
+0000.0018928412522727,+0000.0217136370011327,+0000.5428409250283159,+0000.0166750998737800,+0000.4168774968444985
+0000.0065771598615835,+0000.0211312924918760,+0000.5282823122968988,+0000.0170772782826786,+0000.4269319570669632
+0000.0139576112254923,+0000.0204518820301395,+0000.5112970507534880,+0000.0174728252304186,+0000.4368206307604620
+0000.0238792071529885,+0000.0196831205748861,+0000.4920780143721530,+0000.0178599868423067,+0000.4464996710576654
+0000.0361594084321439,+0000.0188337170989309,+0000.4708429274732719,+0000.0182370748844483,+0000.4559268721112049
+0000.0505908268559722,+0000.0179132468624552,+0000.4478311715613788,+0000.0186024905661614,+0000.4650622641540324
+0000.0669444102568445,+0000.0169320065194520,+0000.4233001629862989,+0000.0189547469322080,+0000.4738686733051966
+0000.0849730330298712,+0000.0159008557009512,+0000.3975213925237789,+0000.0192924891825154,+0000.4823122295628831
+0000.1044153980930706,+0000.0148310492804983,+0000.3707762320124579,+0000.0196145123313067,+0000.4903628082826663
+0000.1250001442867297,+0000.0137340648837721,+0000.3433516220943027,+0000.0199197757205845,+0000.4979943930146113
+0000.1464500465634435,+0000.0126214303345953,+0000.3155357583648833,+0000.0202074140283492,+0000.5051853507087289
+0000.1684861952722036,+0000.0115045556300059,+0000.2876138907501482,+0000.0204767445518325,+0000.5119186137958099
+0000.1908320452858956,+0000.0103945737204646,+0000.2598643430116160,+0000.0207272706916164,+0000.5181817672904075
+0000.2132172351610909,+0000.0093021938657663,+0000.2325548466441570,+0000.0209586817049611,+0000.5239670426240247
+0000.2353810901228723,+0000.0082375706828063,+0000.2059392670701573,+0000.0211708489278526,+0000.5292712231963114
+0000.2570757393696780,+0000.0072101912458115,+0000.1802547811452881,+0000.0213638187784317,+0000.5340954694607906
+0000.2780687967989474,+0000.0062287817939121,+0000.1557195448478022,+0000.0215378029445900,+0000.5384450736147484
+0000.2981455735500249,+0000.0053012347946376,+0000.1325308698659395,+0000.0216931662226693,+0000.5423291555667287
+0000.3171108096136707,+0000.0044345563495230,+0000.1108639087380747,+0000.0218304125114898,+0000.5457603127872419
+0000.3347899291960924,+0000.0036348332458907,+0000.0908708311472685,+0000.0219501694773366,+0000.5487542369334117
+0000.3510298397934680,+0000.0029072183835826,+0000.0726804595895640,+0000.0220531723935918,+0000.5513293098397938
+0000.3656993075164783,+0000.0022559328530444,+0000.0563983213261106,+0000.0221402476270911,+0000.5535061906772754
+0000.3786889508326088,+0000.0016842826177785,+0000.0421070654444629,+0000.0222122961963520,+0000.5553074049087976
+0000.3899109015189114,+0000.0011946875570033,+0000.0298671889250832,+0000.0222702777691925,+0000.5567569442298095
+0000.3992981853788401,+0000.0007887205435661,+0000.0197180135891516,+0000.0223151954034017,+0000.5578798850850404
+0000.4068038764557121,+0000.0004671542528121,+0000.0116788563203020,+0000.0223480812681222,+0000.5587020317030518
+0000.4124000774500782,+0000.0002300135022553,+0000.0057503375563823,+0000.0223699835188957,+0000.5592495879723887
+0000.4160767762473119,+0000.0000766310903027,+0000.0019157772575685,+0000.0223819544386469,+0000.5595488609661700
+0000.4178406243252538,+0000.0000057053160638,+0000.0001426329015954,+0000.0223850399021958,+0000.5596259975548912
+0000.4177136777604911,+0000.0000153576039842,+0000.0003839400996049,+0000.0223802701744586,+0000.5595067543614614
+0000.4157321359644919,+0000.0001031889115059,+0000.0025797227876478,+0000.0223686520129368,+0000.5592163003234173
+0000.4119451074798863,+0000.0002663338526750,+0000.0066583463168744,+0000.0223511620134834,+0000.5587790503370811
+0000.4064134264123743,+0000.0005015117159325,+0000.0125377928983120,+0000.0223287411143609,+0000.5582185278590203
+0000.3992085375611327,+0000.0008050737833073,+0000.0201268445826823,+0000.0223022901566493,+0000.5575572539162286
+0000.3904114631763824,+0000.0011730465664383,+0000.0293261641609585,+0000.0222726663883163,+0000.5568166597079044
+0000.3801118596000524,+0000.0016011707599884,+0000.0400292689997092,+0000.0222406807938559,+0000.5560170198463942
+0000.3684071678724765,+0000.0020849358745051,+0000.0521233968626277,+0000.0222070961303997,+0000.5551774032599911
+0000.3554018587172777,+0000.0026196106494133,+0000.0654902662353335,+0000.0221726255537684,+0000.5543156388442070
+0000.3412067691236417,+0000.0032002694643111,+0000.0800067366077789,+0000.0221379317232412,+0000.5534482930810269
+0000.3259385249870248,+0000.0038218150654384,+0000.0955453766359605,+0000.0221036262812146,+0000.5525906570303616
+0000.3097190418917308,+0000.0044789980067450,+0000.1119749501686255,+0000.0220702696128039,+0000.5517567403200947
+0000.2926750940625621,+0000.0051664332741408,+0000.1291608318535197,+0000.0220383708003762,+0000.5509592700094013
+0000.2749379397192542,+0000.0058786146198550,+0000.1469653654963759,+0000.0220083876986353,+0000.5502096924658798
+0000.2566429894830605,+0000.0066099271836691,+0000.1652481795917280,+0000.0219807270669825,+0000.5495181766745599
+0000.2379295030649253,+0000.0073546590209751,+0000.1838664755243777,+0000.0219557447072971,+0000.5488936176824247
+0000.2189402981766557,+0000.0081070121954760,+0000.2026753048869002,+0000.0219337455669604,+0000.5483436391740079
+0000.1998214544329398,+0000.0088611141275556,+0000.2215278531888893,+0000.0219149837788699,+0000.5478745944717451
+0000.1807219939533087,+0000.0096110299178597,+0000.2402757479464930,+0000.0218996626223977,+0000.5474915655599408
+0000.1617935194497046,+0000.0103507763885985,+0000.2587694097149629,+0000.0218879344017976,+0000.5471983600449365
+0000.1431897898401135,+0000.0110743386007863,+0000.2768584650196587,+0000.0218799002515171,+0000.5469975062879247
+0000.1250662129287347,+0000.0117756896114663,+0000.2943922402866576,+0000.0218756098912748,+0000.5468902472818666
+0000.1075792345307531,+0000.0124488142273629,+0000.3112203556840716,+0000.0218750613676083,+0000.5468765341902040
+0000.0908856037126747,+0000.0130877374859133,+0000.3271934371478311,+0000.0218782008328301,+0000.5469550208207509
+0000.0751414947092209,+0000.0136865585459525,+0000.3421639636488132,+0000.0218849224267699,+0000.5471230606692439
+0000.0605014677273212,+0000.0142394905925119,+0000.3559872648127983,+0000.0218950683410527,+0000.5473767085263156
+0000.0471172534333996,+0000.0147409072468772,+0000.3685226811719303,+0000.0219084291595306,+0000.5477107289882622
+0000.0351363496228210,+0000.0151853958178930,+0000.3796348954473251,+0000.0219247445812294,+0000.5481186145307315
+0000.0247004235611225,+0000.0155678175277015,+0000.3891954381925370,+0000.0219437046430247,+0000.5485926160756142
+0000.0159435199078909,+0000.0158833745901680,+0000.3970843647541995,+0000.0219649515672209,+0000.5491237891805206
+0000.0089900820760890,+0000.0161276837108514,+0000.4031920927712832,+0000.0219880823631454,+0000.5497020590786315
