+0000.0000000000000000,+0001.0000000000000000,+0000.0000000000000000,+0000.0000000000000000,+0000.0000000000000000
+0000.0001174394344977,+0000.9876888134753796,+0000.0000000573271287,+0000.0121936890552516,+0000.0000000007077423
+0000.0005009318909576,+0000.9473636197639014,+0000.0000009793309280,+0000.0521344497179530,+0000.0000000192962599
+0000.0011611388698919,+0000.8775084568545723,+0000.0000049929442219,+0000.1213252538307369,+0000.0000001575005769
+0000.0020486772483354,+0000.7826792167173048,+0000.0000152218596582,+0000.2152561614661617,+0000.0000007227085398
+0000.0030630189489262,+0000.6727560522299416,+0000.0000344883356944,+0000.3241441034318009,+0000.0000023370536367
+0000.0040863659088896,+0000.5596089339565111,+0000.0000641965131963,+0000.4362345473691595,+0000.0000059562522434
+0000.0050208224359727,+0000.4533158126134176,+0000.0001039759940356,+0000.5415466027849886,+0000.0000127861715855
+0000.0058080194158390,+0000.3600786522832756,+0000.0001521149307195,+0000.6339370541093756,+0000.0000241592607905
+0000.0064280182466457,+0000.2822324664696054,+0000.0002063002180663,+0000.7110917770808600,+0000.0000414379848224
+0000.0068872439746263,+0000.2194048637047836,+0000.0002642197362256,+0000.7733777051079184,+0000.0000659674764463
+0000.0072054950399617,+0000.1698109434730792,+0000.0003238789318538,+0000.8225606189508564,+0000.0000990636042490
+0000.0074066951967885,+0000.1311941970644395,+0000.0003836904060797,+0000.8608734021357847,+0000.0001420151969075
+0000.0075138038919852,+0000.1013553424107248,+0000.0004424439161556,+0000.8904923230207271,+0000.0001960867604075
+0000.0075466703587668,+0000.0783832570535675,+0000.0004992354547382,+0000.9133083205874427,+0000.0002625165454847
+0000.0075215396812660,+0000.0607155824417067,+0000.0005533953217012,+0000.9308669729169885,+0000.0003425096383378
+0000.0074513229945212,+0000.0471185351989873,+0000.0006044295331975,+0000.9443884847844962,+0000.0004372274887978
+0000.0073461351968026,+0000.0366368702077493,+0000.0006519765393934,+0000.9548172425517258,+0000.0005477755043287
+0000.0072138616813688,+0000.0285389619560515,+0000.0006957767122038,+0000.9628762096161991,+0000.0006751900341766
+0000.0070606581584415,+0000.0222673952330259,+0000.0007356511878583,+0000.9691158697292784,+0000.0008204256913957
+0000.0068913572044459,+0000.0173982199945487,+0000.0007714870997936,+0000.9739545920497338,+0000.0009843436514779
+0000.0067097850699534,+0000.0136088362532897,+0000.0008032269916818,+0000.9777104503424766,+0000.0011677013425982
+0000.0065190026946347,+0000.0106533035461391,+0000.0008308608855722,+0000.9806256890874985,+0000.0013711437861559
+0000.0063214866125428,+0000.0083436160001500,+0000.0008544200025577,+0000.9828852806488342,+0000.0015951967359153
+0000.0061192637918463,+0000.0065355999588461,+0000.0008739715007090,+0000.9846309030651936,+0000.0018402616834049
+0000.0059140118583833,+0000.0051183223397515,+0000.0008896138418196,+0000.9859714392242316,+0000.0021066127358144
+0000.0057071336016401,+0000.0040061364841657,+0000.0009014725594449,+0000.9869908620304999,+0000.0023943953242494
+0000.0054998124985273,+0000.0031326990122308,+0000.0009096963031566,+0000.9877541655247272,+0000.0027036266613577
+0000.0052930542764610,+0000.0024464570321485,+0000.0009144530974872,+0000.9883118377577489,+0000.0030341978361546
+0000.0050877182274717,+0000.0019072328064390,+0000.0009159267921313,+0000.9887032447646442,+0000.0033858774093140
+0000.0048845410039893,+0000.0014836292102159,+0000.0009143137015674,+0000.9889591997305854,+0000.0037583163536419
+0000.0046841549002352,+0000.0011510509029168,+0000.0009098194432818,+0000.9891039205820970,+0000.0041510541714690
+0000.0044871020879717,+0000.0008901890411152,+0000.0009026559881230,+0000.9891565268699062,+0000.0045635260128841
+0000.0042938458822365,+0000.0006858563538681,+0000.0008930389365484,+0000.9891321882117026,+0000.0049950706156445
+0000.0041047798241114,+0000.0005260881350770,+0000.0008811850323391,+0000.9890430081197064,+0000.0054449388887661
+0000.0039202351556317,+0000.0004014459098664,+0000.0008673099218723,+0000.9888987060459457,+0000.0059123029666841
+0000.0037404871061761,+0000.0003044762176687,+0000.0008516261629841,+0000.9887071449442422,+0000.0063962655689290
+0000.0035657602950987,+0000.0002292885975172,+0000.0008343414833180,+0000.9884747401131653,+0000.0068958695109008
+0000.0033962334710868,+0000.0001712255359947,+0000.0008156572841295,+0000.9882067764848210,+0000.0074101072239678
+0000.0032320437467732,+0000.0001266036286292,+0000.0007957673820057,+0000.9879076550853715,+0000.0079379301572205
+0000.0030732904416903,+0000.0000925100823456,+0000.0007748569779540,+0000.9875810845497747,+0000.0084782579482352
+0000.0029200386134461,+0000.0000666423671255,+0000.0007531018408680,+0000.9872302299128665,+0000.0090299872656939
+0000.0027723223328821,+0000.0000471816149463,+0000.0007306676904944,+0000.9868578281194581,+0000.0095920002422193
+0000.0026301477416024,+0000.0000326924880918,+0000.0007077097636841,+0000.9864662775756394,+0000.0101631724309822
+0000.0024934959179151,+0000.0000220438628683,+0000.0006843725468688,+0000.9860577074381492,+0000.0107423802341985
+0000.0023623255685866,+0000.0000143459214835,+0000.0006607896573122,+0000.9856340310872839,+0000.0113285077653340
+0000.0022365755579239,+0000.0000089002057921,+0000.0006370838556888,+0000.9851969872611056,+0000.0119204531194897
+0000.0021161672818177,+0000.0000051599300934,+0000.0006133671728731,+0000.9847481715772946,+0000.0125171340379214
+0000.0020010068919562,+0000.0000026984274954,+0000.0005897411344289,+0000.9842890605832348,+0000.0131174929628844
+0000.0018909873740418,+0000.0000011840541888,+0000.0005662970671095,+0000.9838210300167093,+0000.0137205014879506
+0000.0017859904831908,+0000.0000003602276020,+0000.0005431164726609,+0000.9833453685999244,+0000.0143251642166219
+0000.0016858885395351,+0000.0000000295500926,+0000.0005202714553208,+0000.9828632884065471,+0000.0149305220485045
+0000.0015905460872083,+0000.0000000411865862,+0000.0004978251905745,+0000.9823759326180763,+0000.0155356549175548
+0000.0014998214202437,+0000.0000002808354351,+0000.0004758324239359,+0000.9818843813093316,+0000.0161396840110537
+0000.0014135679793560,+0000.0000006627667749,+0000.0004543399897320,+0000.9813896557630510,+0000.0167417735010863
+0000.0013316356240524,+0000.0000011235095660,+0000.0004333873410606,+0000.9808927217028188,+0000.0173411318225021
+0000.0012538717849705,+0000.0000016168533313,+0000.0004130070832404,+0000.9803944917457510,+0000.0179370125327068
+0000.0011801225017487,+0000.0000021098980235,+0000.0003932255041651,+0000.9798958273067681,+0000.0185287147892943
+0000.0011102333520729,+0000.0000025799391291,+0000.0003740630959978,+0000.9793975401312376,+0000.0191155834815624
+0000.0010440502778093,+0000.0000030120179072,+0000.0003555350635942,+0000.9789003935892202,+0000.0196970090514689
+0000.0009814203143139,+0000.0000033970008112,+0000.0003376518159081,+0000.9784051038303028,+0000.0202724270386641
+0000.0009221922291168,+0000.0000037300794298,+0000.0003204194374227,+0000.9779123408710665,+0000.0208413173829643
+0000.0008662170762114,+0000.0000040096041035,+0000.0003038401373517,+0000.9774227296662433,+0000.0214032035160899
+0000.0008133486721399,+0000.0000042361818318,+0000.0002879126749823,+0000.9769368511983068,+0000.0219576512727393
+0000.0007634439999748,+0000.0000044119830625,+0000.0002726327600717,+0000.9764552436077100,+0000.0225042676491811
+0000.0007163635471447,+0000.0000045402131516,+0000.0002579934276882,+0000.9759784033764561,+0000.0230426994355592
+0000.0006719715828669,+0000.0000046247132446,+0000.0002439853872858,+0000.9755067865705269,+0000.0235726317460761
+0000.0006301363807183,+0000.0000046696625113,+0000.0002305973461460,+0000.9750408101414438,+0000.0240937864691803
+0000.0005907303916301,+0000.0000046793594200,+0000.0002178163076017,+0000.9745808532834813,+0000.0246059206578668
+0000.0005536303723113,+0000.0000046580643346,+0000.0002056278446889,+0000.9741272588404319,+0000.0251088248782332
+0000.0005187174738260,+0000.0000046098894068,+0000.0001940163500557,+0000.9736803347541738,+0000.0256023215325376
+0000.0004858772947494,+0000.0000045387246742,+0000.0001829652631010,+0000.9732403555462849,+0000.0260862631711905
+0000.0004549999030318,+0000.0000044481916327,+0000.0001724572754228,+0000.9728075638235143,+0000.0265605308063985
+0000.0004259798304005,+0000.0000043416174215,+0000.0001624745157268,+0000.9723821717978862,+0000.0270250322385653
+0000.0003987160428375,+0000.0000042220242584,+0000.0001529987153989,+0000.9719643628124501,+0000.0274797004050551
+0000.0003731118903846,+0000.0000040921299497,+0000.0001440113559657,+0000.9715542928641671,+0000.0279244917595329
+0000.0003490750392511,+0000.0000039543562415,+0000.0001354937996738,+0000.9711520921160177,+0000.0283593846888159
+0000.0003265173889331,+0000.0000038108425285,+0000.0001274274044081,+0000.9707578663911244,+0000.0287843779730056
+0000.0003053549768041,+0000.0000036634630248,+0000.0001197936241454,+0000.9703716986424191,+0000.0291994892936065
+0000.0002855078723945,+0000.0000035138459663,+0000.0001125740961038,+0000.9699936503921556,+0000.0296047537933799
+0000.0002669000633546,+0000.0000033633937787,+0000.0001057507157089,+0000.9696237631363330,+0000.0300002226908244
+0000.0002494593348859,+0000.0000032133034290,+0000.0000993057004462,+0000.9692620597098328,+0000.0303859619514060
+0000.0002331171442293,+0000.0000030645863998,+0000.0000932216436176,+0000.9689085456087716,+0000.0307620510169817
+0000.0002178084916178,+0000.0000029180878979,+0000.0000874815589645,+0000.9685632102672516,+0000.0311285815942682
+0000.0002034717889340,+0000.0000027745050345,+0000.0000820689170602,+0000.9682260282862942,+0000.0314856565026770
+0000.0001900487271606,+0000.0000026344038216,+0000.0000769676743196,+0000.9678969606133054,+0000.0318333885813927
+0000.0001774841435687,+0000.0000024982348948,+0000.0000721622954115,+0000.9675759556709473,+0000.0321718996551776
+0000.0001657258894644,+0000.0000023663479354,+0000.0000676377698058,+0000.9672629504347386,+0000.0325013195580559
+0000.0001547246991954,+0000.0000022390048001,+0000.0000633796231297,+0000.9669578714591234,+0000.0328217852137513
+0000.0001444340610159,+0000.0000021163913968,+0000.0000593739239534,+0000.9666606358521108,+0000.0331334397715232
+0000.0001348100903122,+0000.0000019986283640,+0000.0000556072865754,+0000.9663711521988958,+0000.0334364317958525
+0000.0001258114056087,+0000.0000018857806244,+0000.0000520668703264,+0000.9660893214351590,+0000.0337309145082817
+0000.0001173990076951,+0000.0000017778658883,+0000.0000487403758651,+0000.9658150376709579,+0000.0340170450795934
+0000.0001095361621516,+0000.0000016748621895,+0000.0000456160388956,+0000.9655481889663401,+0000.0342949839704236
+0000.0001021882854861,+0000.0000015767145325,+0000.0000426826216938,+0000.9652886580599430,+0000.0345648943183446
+0000.0000953228350467,+0000.0000014833407327,+0000.0000399294027932,+0000.9650363230520140,+0000.0348269413694133
+0000.0000889092028248,+0000.0000013946365238,+0000.0000373461651421,+0000.9647910580433505,+0000.0350812919521587
+0000.0000829186132248,+0000.0000013104800076,+0000.0000349231830144,+0000.9645527337317692,+0000.0353281139919840
+0000.0000773240248407,+0000.0000012307355114,+0000.0000326512079237,+0000.9643212179677586,+0000.0355675760639657
+0000.0000721000362485,+0000.0000011552569184,+0000.0000305214537610,+0000.9640963762710116,+0000.0357998469820603
+0000.0000672227957997,+0000.0000010838905285,+0000.0000285255813542,+0000.9638780723095578,+0000.0360250954227597
+0000.0000626699153750,+0000.0000010164775030,+0000.0000266556826202,+0000.9636661683432173,+0000.0362434895812846
+0000.0000584203880426,+0000.0000009528559407,+0000.0000249042644610,+0000.9634605256331066,+0000.0364551968584489
+0000.0000544545095469,+0000.0000008928626313,+0000.0000232642325359,+0000.9632610048188970,+0000.0366603835763888
+0000.0000507538035414,+0000.0000008363345242,+0000.0000217288750227,+0000.9630674662655039,+0000.0368592147214076
+0000.0000473009504703,+0000.0000007831099487,+0000.0000202918464666,+0000.9628797703808647,+0000.0370518537122498
+0000.0000440797199911,+0000.0000007330296174,+0000.0000189471517996,+0000.9626977779064056,+0000.0372384621921863
+0000.0000410749068303,+0000.0000006859374413,+0000.0000176891306023,+0000.9625213501817702,+0000.0374191998433560
+0000.0000382722699523,+0000.0000006416811821,+0000.0000165124416652,+0000.9623503493853207,+0000.0375942242218795
+0000.0000356584749243,+0000.0000006001129634,+0000.0000154120479011,+0000.9621846387518844,+0000.0377636906123268
+0000.0000332210393548,+0000.0000005610896613,+0000.0000143832016460,+0000.9620240827691475,+0000.0379277519001901
+0000.0000309482812814,+0000.0000005244731910,+0000.0000134214303815,+0000.9618685473540673,+0000.0380865584610785
+0000.0000288292703875,+0000.0000004901307062,+0000.0000125225229035,+0000.9617179000105843,+0000.0382402580654183
+0000.0000268537819242,+0000.0000004579347226,+0000.0000116825159540,+0000.9615720099698941,+0000.0383889957975054
+0000.0000250122532162,+0000.0000004277631798,+0000.0000108976813310,+0000.9614307483144515,+0000.0385329139878214
+0000.0000232957426342,+0000.0000003994994497,+0000.0000101645134828,+0000.9612939880868485,+0000.0386721521575850
+0000.0000216958909167,+0000.0000003730323017,+0000.0000094797175911,+0000.9611616043846225,+0000.0388068469745682
+0000.0000202048847269,+0000.0000003482558318,+0000.0000088401981440,+0000.9610334744420319,+0000.0389371322192655
+0000.0000188154223357,+0000.0000003250693624,+0000.0000082430479954,+0000.9609094776997473,+0000.0390631387605594
+0000.0000175206813218,+0000.0000003033773196,+0000.0000076855379055,+0000.9607894958633780,+0000.0391849945400754
+0000.0000163142881864,+0000.0000002830890907,+0000.0000071651065559,+0000.9606734129516935,+0000.0393028245644736
+0000.0000151902897820,+0000.0000002641188692,+0000.0000066793510285,+0000.9605611153353504,+0000.0394167509049696
+0000.0000141431264591,+0000.0000002463854881,+0000.0000062260177392,+0000.9604524917668891,+0000.0395268927034245
+0000.0000131676068377,+0000.0000002298122464,+0000.0000058029938128,+0000.9603474334027166,+0000.0396333661843865
+0000.0000122588841160,+0000.0000002143267312,+0000.0000054082988871,+0000.9602458338177556,+0000.0397362846725098
+0000.0000114124338295,+0000.0000001998606367,+0000.0000050400773329,+0000.9601475890133864,+0000.0398357586148142
+0000.0000106240329815,+0000.0000001863495830,+0000.0000046965908744,+0000.9600525974192757,+0000.0399318956072856
+0000.0000098897404651,+0000.0000001737329354,+0000.0000043762115966,+0000.9599607598896465,+0000.0400248004253566
+0000.0000092058787052,+0000.0000001619536262,+0000.0000040774153249,+0000.9598719796945101,+0000.0401145750578337
+0000.0000085690164480,+0000.0000001509579799,+0000.0000037987753605,+0000.9597861625063366,+0000.0402013187438750
+0000.0000079759526321,+0000.0000001406955412,+0000.0000035389565595,+0000.9597032163826197,+0000.0402851280126476
+0000.0000074237012787,+0000.0000001311189092,+0000.0000032967097375,+0000.9596230517447507,+0000.0403660967253238
+0000.0000069094773380,+0000.0000001221835756,+0000.0000030708663888,+0000.9595455813535969,+0000.0404443161191008
+0000.0000064306834372,+0000.0000001138477691,+0000.0000028603337023,+0000.9594707202821378,+0000.0405198748529536
+0000.0000059848974750,+0000.0000001060723046,+0000.0000026640898628,+0000.9593983858855052,+0000.0405928590548524
+0000.0000055698610109,+0000.0000000988204398,+0000.0000024811796221,+0000.9593284977687274,+0000.0406633523701997
+0000.0000051834684018,+0000.0000000920577365,+0000.0000023107101285,+0000.9592609777524733,+0000.0407314360112601
+0000.0000048237566394,+0000.0000000857519285,+0000.0000021518469991,+0000.9591957498370559,+0000.0407971888073770
+0000.0000044888958461,+0000.0000000798727958,+0000.0000020038106251,+0000.9591327401649475,+0000.0408606872557852
+0000.0000041771803873,+0000.0000000743920440,+0000.0000018658726966,+0000.9590718769820241,+0000.0409220055728480
+0000.0000038870205638,+0000.0000000692831905,+0000.0000017373529353,+0000.9590130905977503,+0000.0409812157455604
+0000.0000036169348448,+0000.0000000645214559,+0000.0000016176160241,+0000.9589563133444998,+0000.0410383875831752
+0000.0000033655426120,+0000.0000000600836609,+0000.0000015060687235,+0000.9589014795361809,+0000.0410935887688226
+0000.0000031315573774,+0000.0000000559481288,+0000.0000014021571633,+0000.9588485254263258,+0000.0411468849110046
+0000.0000029137804497,+0000.0000000520945937,+0000.0000013053643011,+0000.9587973891657968,+0000.0411983395948587
+0000.0000027110950167,+0000.0000000485041127,+0000.0000012152075374,+0000.9587480107602374,+0000.0412480144330957
+0000.0000025224606202,+0000.0000000451589838,+0000.0000011312364783,+0000.9587003320273922,+0000.0412959691165255
+0000.0000023469079960,+0000.0000000420426682,+0000.0000010530308386,+0000.9586542965544028,+0000.0413422614640943
+0000.0000021835342569,+0000.0000000391397172,+0000.0000009801984748,+0000.9586098496551858,+0000.0413869474723653
+0000.0000020314983961,+0000.0000000364357027,+0000.0000009123735430,+0000.9585669383279748,+0000.0414300813643835
+0000.0000018900170899,+0000.0000000339171529,+0000.0000008492147727,+0000.9585255112131147,+0000.0414717156378699
+0000.0000017583607811,+0000.0000000315714905,+0000.0000007904038502,+0000.9584855185511778,+0000.0415119011127005
+0000.0000016358500241,+0000.0000000293869756,+0000.0000007356439044,+0000.9584469121414667,+0000.0415506869776293
+0000.0000015218520747,+0000.0000000273526515,+0000.0000006846580901,+0000.9584096453009638,+0000.0415881208362195
+0000.0000014157777091,+0000.0000000254582945,+0000.0000006371882618,+0000.9583736728237788,+0000.0416242487519557
+0000.0000013170782562,+0000.0000000236943653,+0000.0000005929937324,+0000.9583389509411350,+0000.0416591152925109
+0000.0000012252428301,+0000.0000000220519654,+0000.0000005518501132,+0000.9583054372819431,+0000.0416927635731484
+0000.0000011397957485,+0000.0000000205227943,+0000.0000005135482274,+0000.9582730908339873,+0000.0417252352992426
+0000.0000010602941262,+0000.0000000190991108,+0000.0000004778930955,+0000.9582418719057625,+0000.0417565708079050
+0000.0000009863256308,+0000.0000000177736961,+0000.0000004447029862,+0000.9582117420889786,+0000.0417868091087082
+0000.0000009175063896,+0000.0000000165398190,+0000.0000004138085291,+0000.9581826642217639,+0000.0418159879234984
+0000.0000008534790398,+0000.0000000153912040,+0000.0000003850518859,+0000.9581546023525742,+0000.0418441437252961
+0000.0000007939109094,+0000.0000000143220008,+0000.0000003582859758,+0000.9581275217048325,+0000.0418713117762815
+0000.0000007384923227,+0000.0000000133267562,+0000.0000003333737518,+0000.9581013886423027,+0000.0418975261648666
+0000.0000006869350206,+0000.0000000124003875,+0000.0000003101875248,+0000.9580761706352098,+0000.0419228198418574
+0000.0000006389706884,+0000.0000000115381578,+0000.0000002886083322,+0000.9580518362271109,+0000.0419472246557107
+0000.0000005943495840,+0000.0000000107356529,+0000.0000002685253489,+0000.9580283550025226,+0000.0419707713868920
+0000.0000005528392593,+0000.0000000099887594,+0000.0000002498353362,+0000.9580056975553013,+0000.0419934897813437
+0000.0000005142233697,+0000.0000000092936449,+0000.0000002324421290,+0000.9579838354577855,+0000.0420154085830708
+0000.0000004783005638,+0000.0000000086467388,+0000.0000002162561552,+0000.9579627412306850,+0000.0420365555658569
+0000.0000004448834500,+0000.0000000080447148,+0000.0000002011939892,+0000.9579423883137247,+0000.0420569575641210
+0000.0000004137976332,+0000.0000000074844742,+0000.0000001871779336,+0000.9579227510370327,+0000.0420766405029263
+0000.0000003848808178,+0000.0000000069631307,+0000.0000001741356298,+0000.9579038045932650,+0000.0420956294271571
+0000.0000003579819722,+0000.0000000064779960,+0000.0000001619996943,+0000.9578855250104632,+0000.0421139485298741
+0000.0000003329605502,+0000.0000000060265662,+0000.0000001507073801,+0000.9578678891256377,+0000.0421316211798660
+0000.0000003096857665,+0000.0000000056065095,+0000.0000001402002596,+0000.9578508745590555,+0000.0421486699484087
+0000.0000002880359213,+0000.0000000052156544,+0000.0000001304239305,+0000.9578344596892423,+0000.0421651166352513
+0000.0000002678977719,+0000.0000000048519787,+0000.0000001213277400,+0000.9578186236286695,+0000.0421809822938399
+0000.0000002491659472,+0000.0000000045135994,+0000.0000001128645287,+0000.9578033462001245,+0000.0421962872557999
+0000.0000002317424026,+0000.0000000041987635,+0000.0000001049903913,+0000.9577886079137543,+0000.0422110511546886
+0000.0000002155359122,+0000.0000000039058384,+0000.0000000976644536,+0000.9577743899447586,+0000.0422252929490371
+0000.0000002004615967,+0000.0000000036333045,+0000.0000000908486648,+0000.9577606741117372,+0000.0422390309446966
+0000.0000001864404828,+0000.0000000033797468,+0000.0000000845076039,+0000.9577474428556620,+0000.0422522828165047
+0000.0000001733990941,+0000.0000000031438482,+0000.0000000786082986,+0000.9577346792194699,+0000.0422650656292895
+0000.0000001612690694,+0000.0000000029243824,+0000.0000000731200574,+0000.9577223668282642,+0000.0422773958582268
+0000.0000001499868076,+0000.0000000027202080,+0000.0000000680143130,+0000.9577104898701050,+0000.0422892894085664
+0000.0000001394931376,+0000.0000000025302626,+0000.0000000632644755,+0000.9576990330773802,+0000.0423007616347442
+0000.0000001297330101,+0000.0000000023535572,+0000.0000000588457969,+0000.9576879817087409,+0000.0423118273588948
+0000.0000001206552118,+0000.0000000021891714,+0000.0000000547352438,+0000.9576773215315908,+0000.0423225008887823
+0000.0000001122120984,+0000.0000000020362483,+0000.0000000509113794,+0000.9576670388051116,+0000.0423327960351624
+0000.0000001043593467,+0000.0000000018939905,+0000.0000000473542532,+0000.9576571202638162,+0000.0423427261285936
+0000.0000000970557237,+0000.0000000017616561,+0000.0000000440452988,+0000.9576475531016115,+0000.0423523040357101
+0000.0000000902628717,+0000.0000000016385542,+0000.0000000409672380,+0000.9576383249563618,+0000.0423615421749741
+0000.0000000839451079,+0000.0000000015240422,+0000.0000000381039919,+0000.9576294238949383,+0000.0423704525319196
+0000.0000000780692387,+0000.0000000014175220,+0000.0000000354405981,+0000.9576208383987379,+0000.0423790466739033
+0000.0000000726043865,+0000.0000000013184369,+0000.0000000329631333,+0000.9576125573496661,+0000.0423873357643773
+0000.0000000675218279,+0000.0000000012262689,+0000.0000000306586417,+0000.9576045700165653,+0000.0423953305766961
+0000.0000000627948443,+0000.0000000011405361,+0000.0000000285150680,+0000.9575968660420795,+0000.0424030415074722
+0000.0000000583985819,+0000.0000000010607899,+0000.0000000265211947,+0000.9575894354299391,+0000.0424104785894942
+0000.0000000543099218,+0000.0000000009866132,+0000.0000000246665845,+0000.9575822685326613,+0000.0424176515042191
+0000.0000000505073595,+0000.0000000009176175,+0000.0000000229415262,+0000.9575753560396445,+0000.0424245695938523
+0000.0000000469708919,+0000.0000000008534415,+0000.0000000213369838,+0000.9575686889656547,+0000.0424312418730283
+0000.0000000436819127,+0000.0000000007937492,+0000.0000000198445507,+0000.9575622586396847,+0000.0424376770401030
+0000.0000000406231154,+0000.0000000007382277,+0000.0000000184564050,+0000.9575560566941820,+0000.0424438834880700
+0000.0000000377784024,+0000.0000000006865861,+0000.0000000171652697,+0000.9575500750546286,+0000.0424498693151132
+0000.0000000351328005,+0000.0000000006385535,+0000.0000000159643743,+0000.9575443059294657,+0000.0424556423348061
+0000.0000000326723828,+0000.0000000005938782,+0000.0000000148474201,+0000.9575387418003505,+0000.0424612100859684
+0000.0000000303841956,+0000.0000000005523257,+0000.0000000138085471,+0000.9575333754127393,+0000.0424665798421923
+0000.0000000282561904,+0000.0000000005136781,+0000.0000000128423037,+0000.9575281997667805,+0000.0424717586210471
+0000.0000000262771607,+0000.0000000004777325,+0000.0000000119436183,+0000.9575232081085149,+0000.0424767531929736
+0000.0000000244366836,+0000.0000000004443003,+0000.0000000111077728,+0000.9575183939213664,+0000.0424815700898771
+0000.0000000227250645,+0000.0000000004132059,+0000.0000000103303780,+0000.9575137509179219,+0000.0424862156134298
+0000.0000000211332868,+0000.0000000003842861,+0000.0000000096073508,+0000.9575092730319860,+0000.0424906958430904
+0000.0000000196529640,+0000.0000000003573888,+0000.0000000089348930,+0000.9575049544109019,+0000.0424950166438521
+0000.0000000182762964,+0000.0000000003323728,+0000.0000000083094713,+0000.9575007894081345,+0000.0424991836737250
+0000.0000000169960295,+0000.0000000003091067,+0000.0000000077277988,+0000.9574967725761001,+0000.0425032023909649
+0000.0000000158054163,+0000.0000000002874682,+0000.0000000071868180,+0000.9574928986592444,+0000.0425070780610534
+0000.0000000146981814,+0000.0000000002673435,+0000.0000000066836851,+0000.9574891625873502,+0000.0425108157634397
+0000.0000000136684886,+0000.0000000002486268,+0000.0000000062157543,+0000.9574855594690787,+0000.0425144203980516
+0000.0000000127109100,+0000.0000000002312196,+0000.0000000057805648,+0000.9574820845857236,+0000.0425178966915818
+0000.0000000118203972,+0000.0000000002150305,+0000.0000000053758277,+0000.9574787333851852,+0000.0425212492035593
+0000.0000000109922550,+0000.0000000001999743,+0000.0000000049994137,+0000.9574755014761466,+0000.0425244823322106
+0000.0000000102221170,+0000.0000000001859718,+0000.0000000046493423,+0000.9574723846224490,+0000.0425276003201197
+0000.0000000095059219,+0000.0000000001729492,+0000.0000000043237713,+0000.9574693787376655,+0000.0425306072596922
+0000.0000000088398929,+0000.0000000001608380,+0000.0000000040209874,+0000.9574664798798508,+0000.0425335070984307
+0000.0000000082205174,+0000.0000000001495746,+0000.0000000037393966,+0000.9574636842464833,+0000.0425363036440280
+0000.0000000076445286,+0000.0000000001390996,+0000.0000000034775167,+0000.9574609881695719,+0000.0425390005692831
+0000.0000000071088883,+0000.0000000001293578,+0000.0000000032339688,+0000.9574583881109373,+0000.0425416014168477
+0000.0000000066107711,+0000.0000000001202980,+0000.0000000030074705,+0000.9574558806576534,+0000.0425441096038072
+0000.0000000061475491,+0000.0000000001118724,+0000.0000000027968288,+0000.9574534625176467,+0000.0425465284261027
+0000.0000000057167786,+0000.0000000001040368,+0000.0000000026009345,+0000.9574511305154501,+0000.0425488610628000
+0000.0000000053161869,+0000.0000000000967497,+0000.0000000024187556,+0000.9574488815880997,+0000.0425511105802086
+0000.0000000049436602,+0000.0000000000899728,+0000.0000000022493323,+0000.9574467127811765,+0000.0425532799358582
+0000.0000000045972330,+0000.0000000000836705,+0000.0000000020917721,+0000.9574446212449880,+0000.0425553719823367
+0000.0000000042750773,+0000.0000000000778094,+0000.0000000019452446,+0000.9574426042308755,+0000.0425573894709934
+0000.0000000039754928,+0000.0000000000723588,+0000.0000000018089779,+0000.9574406590876570,+0000.0425593350555135
+0000.0000000036968987,+0000.0000000000672899,+0000.0000000016822536,+0000.9574387832581905,+0000.0425612112953675
+0000.0000000034378246,+0000.0000000000625759,+0000.0000000015644039,+0000.9574369742760553,+0000.0425630206591402
+0000.0000000031969031,+0000.0000000000581921,+0000.0000000014548076,+0000.9574352297623543,+0000.0425647655277429
+0000.0000000029728627,+0000.0000000000541153,+0000.0000000013528869,+0000.9574335474226221,+0000.0425664481975127
+0000.0000000027645207,+0000.0000000000503240,+0000.0000000012581044,+0000.9574319250438464,+0000.0425680708832046
+0000.0000000025707775,+0000.0000000000467983,+0000.0000000011699605,+0000.9574303604915873,+0000.0425696357208766
+0000.0000000023906102,+0000.0000000000435195,+0000.0000000010879904,+0000.9574288517072043,+0000.0425711447706757
+0000.0000000022230679,+0000.0000000000404704,+0000.0000000010117617,+0000.9574273967051758,+0000.0425726000195245
+0000.0000000020672659,+0000.0000000000376348,+0000.0000000009408726,+0000.9574259935705127,+0000.0425740033837140
+0000.0000000019223817,+0000.0000000000349979,+0000.0000000008749491,+0000.9574246404562657,+0000.0425753567114056
+0000.0000000017876505,+0000.0000000000325457,+0000.0000000008136435,+0000.9574233355811157,+0000.0425766617850445
+0000.0000000016623609,+0000.0000000000302652,+0000.0000000007566325,+0000.9574220772270526,+0000.0425779203236884
+0000.0000000015458513,+0000.0000000000281446,+0000.0000000007036152,+0000.9574208637371345,+0000.0425791339852546
+0000.0000000014375065,+0000.0000000000261724,+0000.0000000006543121,+0000.9574196935133216,+0000.0425803043686873
+0000.0000000013367546,+0000.0000000000243385,+0000.0000000006084630,+0000.9574185650143950,+0000.0425814330160491
+0000.0000000012430634,+0000.0000000000226330,+0000.0000000005658260,+0000.9574174767539396,+0000.0425825214145383
+0000.0000000011559382,+0000.0000000000210470,+0000.0000000005261761,+0000.9574164272984033,+0000.0425835709984356
+0000.0000000010749189,+0000.0000000000195721,+0000.0000000004893041,+0000.9574154152652236,+0000.0425845831509815
+0000.0000000009995777,+0000.0000000000182006,+0000.0000000004550155,+0000.9574144393210181,+0000.0425855592061881
+0000.0000000009295166,+0000.0000000000169252,+0000.0000000004231293,+0000.9574134981798428,+0000.0425865004505863
+0000.0000000008643658,+0000.0000000000157391,+0000.0000000003934772,+0000.9574125906015061,+0000.0425874081249117
+0000.0000000008037810,+0000.0000000000146361,+0000.0000000003659027,+0000.9574117153899492,+0000.0425882834257310
+0000.0000000007474424,+0000.0000000000136104,+0000.0000000003402602,+0000.9574108713916770,+0000.0425891275070102
+0000.0000000006950523,+0000.0000000000126566,+0000.0000000003164146,+0000.9574100574942481,+0000.0425899414816283
+0000.0000000006463341,+0000.0000000000117696,+0000.0000000002942398,+0000.9574092726248192,+0000.0425907264228372
+0000.0000000006010304,+0000.0000000000109447,+0000.0000000002736188,+0000.9574085157487369,+0000.0425914833656690
+0000.0000000005589020,+0000.0000000000101777,+0000.0000000002544427,+0000.9574077858681821,+0000.0425922133082954
+0000.0000000005197263,+0000.0000000000094644,+0000.0000000002366104,+0000.9574070820208622,+0000.0425929172133367
+0000.0000000004832964,+0000.0000000000088011,+0000.0000000002200277,+0000.9574064032787484,+0000.0425935960091265
+0000.0000000004494199,+0000.0000000000081843,+0000.0000000002046071,+0000.9574057487468585,+0000.0425942505909303
+0000.0000000004179177,+0000.0000000000076107,+0000.0000000001902670,+0000.9574051175620831,+0000.0425948818221215
+0000.0000000003886236,+0000.0000000000070773,+0000.0000000001769319,+0000.9574045088920518,+0000.0425954905353152
+0000.0000000003613827,+0000.0000000000065812,+0000.0000000001645313,+0000.9574039219340420,+0000.0425960775334629
+0000.0000000003360512,+0000.0000000000061200,+0000.0000000001529997,+0000.9574033559139226,+0000.0425966435909067
+0000.0000000003124952,+0000.0000000000056910,+0000.0000000001422762,+0000.9574028100851397,+0000.0425971894543981
+0000.0000000002905904,+0000.0000000000052922,+0000.0000000001323042,+0000.9574022837277345,+0000.0425977158440787
+0000.0000000002702209,+0000.0000000000049212,+0000.0000000001230311,+0000.9574017761473989,+0000.0425982234544279
+0000.0000000002512791,+0000.0000000000045763,+0000.0000000001144079,+0000.9574012866745614,+0000.0425987129551754
+0000.0000000002336651,+0000.0000000000042556,+0000.0000000001063890,+0000.9574008146635078,+0000.0425991849921825
+0000.0000000002172857,+0000.0000000000039573,+0000.0000000000989321,+0000.9574003594915332,+0000.0425996401882913
+0000.0000000002020544,+0000.0000000000036799,+0000.0000000000919978,+0000.9573999205581234,+0000.0426000791441447
+0000.0000000001878908,+0000.0000000000034220,+0000.0000000000855496,+0000.9573994972841617,+0000.0426005024389758
+0000.0000000001747199,+0000.0000000000031821,+0000.0000000000795532,+0000.9573990891111739,+0000.0426009106313710
+0000.0000000001624723,+0000.0000000000029591,+0000.0000000000739771,+0000.9573986955005869,+0000.0426013042600045
+0000.0000000001510831,+0000.0000000000027517,+0000.0000000000687918,+0000.9573983159330257,+0000.0426016838443477
+0000.0000000001404923,+0000.0000000000025588,+0000.0000000000639700,+0000.9573979499076262,+0000.0426020498853529
+0000.0000000001306439,+0000.0000000000023794,+0000.0000000000594861,+0000.9573975969413779,+0000.0426024028661128
+0000.0000000001214858,+0000.0000000000022127,+0000.0000000000553165,+0000.9573972565684882,+0000.0426027432524968
+0000.0000000001129697,+0000.0000000000020576,+0000.0000000000514391,+0000.9573969283397695,+0000.0426030714937642
+0000.0000000001050506,+0000.0000000000019133,+0000.0000000000478335,+0000.9573966118220467,+0000.0426033880231560
+0000.0000000000976865,+0000.0000000000017792,+0000.0000000000444806,+0000.9573963065975882,+0000.0426036932584656
+0000.0000000000908387,+0000.0000000000016545,+0000.0000000000413627,+0000.9573960122635555,+0000.0426039876025889
+0000.0000000000844708,+0000.0000000000015385,+0000.0000000000384633,+0000.9573957284314718,+0000.0426042714440552
+0000.0000000000785494,+0000.0000000000014307,+0000.0000000000357672,+0000.9573954547267134,+0000.0426045451575395
+0000.0000000000730430,+0000.0000000000013304,+0000.0000000000332600,+0000.9573951907880113,+0000.0426048091043551
+0000.0000000000679226,+0000.0000000000012371,+0000.0000000000309286,+0000.9573949362669807,+0000.0426050636329309
+0000.0000000000631612,+0000.0000000000011504,+0000.0000000000287606,+0000.9573946908276580,+0000.0426053090792698
+0000.0000000000587335,+0000.0000000000010698,+0000.0000000000267446,+0000.9573944541460605,+0000.0426055457673917
+0000.0000000000546162,+0000.0000000000009948,+0000.0000000000248698,+0000.9573942259097583,+0000.0426057740097608
+0000.0000000000507875,+0000.0000000000009251,+0000.0000000000231265,+0000.9573940058174636,+0000.0426059941076972
+0000.0000000000472273,+0000.0000000000008602,+0000.0000000000215054,+0000.9573937935786332,+0000.0426062063517740
+0000.0000000000439165,+0000.0000000000007999,+0000.0000000000199979,+0000.9573935889130848,+0000.0426064110222008
+0000.0000000000408379,+0000.0000000000007438,+0000.0000000000185961,+0000.9573933915506295,+0000.0426066083891928
+0000.0000000000379751,+0000.0000000000006917,+0000.0000000000172925,+0000.9573932012307137,+0000.0426067987133270
+0000.0000000000353130,+0000.0000000000006432,+0000.0000000000160803,+0000.9573930177020773,+0000.0426069822458861
+0000.0000000000328374,+0000.0000000000005981,+0000.0000000000149531,+0000.9573928407224217,+0000.0426071592291895
+0000.0000000000305355,+0000.0000000000005562,+0000.0000000000139049,+0000.9573926700580903,+0000.0426073298969132
+0000.0000000000283949,+0000.0000000000005172,+0000.0000000000129302,+0000.9573925054837602,+0000.0426074944743975
+0000.0000000000264043,+0000.0000000000004810,+0000.0000000000120238,+0000.9573923467821458,+0000.0426076531789449
+0000.0000000000245533,+0000.0000000000004472,+0000.0000000000111809,+0000.9573921937437126,+0000.0426078062201058
+0000.0000000000228321,+0000.0000000000004159,+0000.0000000000103971,+0000.9573920461663995,+0000.0426079537999557
+0000.0000000000212315,+0000.0000000000003867,+0000.0000000000096683,+0000.9573919038553522,+0000.0426080961133612
+0000.0000000000197431,+0000.0000000000003596,+0000.0000000000089905,+0000.9573917666226692,+0000.0426082333482375
+0000.0000000000183590,+0000.0000000000003344,+0000.0000000000083603,+0000.9573916342871505,+0000.0426083656857959
+0000.0000000000170720,+0000.0000000000003110,+0000.0000000000077742,+0000.9573915066740599,+0000.0426084933007829
+0000.0000000000158752,+0000.0000000000002892,+0000.0000000000072292,+0000.9573913836148950,+0000.0426086163617112
+0000.0000000000147623,+0000.0000000000002689,+0000.0000000000067225,+0000.9573912649471648,+0000.0426087350310813
+0000.0000000000137274,+0000.0000000000002500,+0000.0000000000062512,+0000.9573911505141748,+0000.0426088494655966
+0000.0000000000127651,+0000.0000000000002325,+0000.0000000000058130,+0000.9573910401648199,+0000.0426089598163696
+0000.0000000000118702,+0000.0000000000002162,+0000.0000000000054055,+0000.9573909337533861,+0000.0426090662291216
+0000.0000000000110381,+0000.0000000000002011,+0000.0000000000050266,+0000.9573908311393590,+0000.0426091688443751
+0000.0000000000102643,+0000.0000000000001870,+0000.0000000000046742,+0000.9573907321872357,+0000.0426092677976388
+0000.0000000000095447,+0000.0000000000001739,+0000.0000000000043465,+0000.9573906367663483,+0000.0426093632195867
+0000.0000000000088756,+0000.0000000000001617,+0000.0000000000040418,+0000.9573905447506901,+0000.0426094552362307
+0000.0000000000082534,+0000.0000000000001503,+0000.0000000000037585,+0000.9573904560187512,+0000.0426095439690865
+0000.0000000000076748,+0000.0000000000001398,+0000.0000000000034950,+0000.9573903704533561,+0000.0426096295353343
+0000.0000000000071367,+0000.0000000000001300,+0000.0000000000032500,+0000.9573902879415100,+0000.0426097120479734
+0000.0000000000066364,+0000.0000000000001209,+0000.0000000000030222,+0000.9573902083742494,+0000.0426097916159710
+0000.0000000000061712,+0000.0000000000001124,+0000.0000000000028103,+0000.9573901316464994,+0000.0426098683444066
+0000.0000000000057386,+0000.0000000000001045,+0000.0000000000026133,+0000.9573900576569336,+0000.0426099423346103
+0000.0000000000053363,+0000.0000000000000972,+0000.0000000000024301,+0000.9573899863078397,+0000.0426100136842965
+0000.0000000000049622,+0000.0000000000000904,+0000.0000000000022597,+0000.9573899175049944,+0000.0426100824876932
+0000.0000000000046143,+0000.0000000000000841,+0000.0000000000021013,+0000.9573898511575342,+0000.0426101488356661
+0000.0000000000042908,+0000.0000000000000782,+0000.0000000000019540,+0000.9573897871778382,+0000.0426102128158387
+0000.0000000000039900,+0000.0000000000000727,+0000.0000000000018170,+0000.9573897254814123,+0000.0426102745127078
+0000.0000000000037103,+0000.0000000000000676,+0000.0000000000016897,+0000.9573896659867774,+0000.0426103340077552
+0000.0000000000034502,+0000.0000000000000628,+0000.0000000000015712,+0000.9573896086153605,+0000.0426103913795553
+0000.0000000000032083,+0000.0000000000000584,+0000.0000000000014611,+0000.9573895532913936,+0000.0426104467038786
+0000.0000000000029834,+0000.0000000000000543,+0000.0000000000013586,+0000.9573894999418116,+0000.0426105000537921
+0000.0000000000027743,+0000.0000000000000505,+0000.0000000000012634,+0000.9573894484961568,+0000.0426105514997552
+0000.0000000000025798,+0000.0000000000000470,+0000.0000000000011748,+0000.9573893988864850,+0000.0426106011097134
+0000.0000000000023989,+0000.0000000000000437,+0000.0000000000010925,+0000.9573893510472776,+0000.0426106489491873
+0000.0000000000022307,+0000.0000000000000406,+0000.0000000000010159,+0000.9573893049153529,+0000.0426106950813599
+0000.0000000000020744,+0000.0000000000000378,+0000.0000000000009447,+0000.9573892604297842,+0000.0426107395671591
+0000.0000000000019289,+0000.0000000000000351,+0000.0000000000008784,+0000.9573892175318184,+0000.0426107824653390
+0000.0000000000017937,+0000.0000000000000327,+0000.0000000000008169,+0000.9573891761647997,+0000.0426108238325569
+0000.0000000000016680,+0000.0000000000000304,+0000.0000000000007596,+0000.9573891362740935,+0000.0426108637234485
+0000.0000000000015510,+0000.0000000000000283,+0000.0000000000007063,+0000.9573890978070150,+0000.0426109021906995
+0000.0000000000014423,+0000.0000000000000263,+0000.0000000000006568,+0000.9573890607127588,+0000.0426109392851157
+0000.0000000000013412,+0000.0000000000000244,+0000.0000000000006108,+0000.9573890249423337,+0000.0426109750556901
+0000.0000000000012472,+0000.0000000000000227,+0000.0000000000005680,+0000.9573889904484949,+0000.0426110095496670
