+0001.0000000000000000,+0000.0000000000000000,+0000.0000000000000000,+0000.0000000000000000,+0000.0000000000000000
+0000.9999078360967613,+0000.0000869834485471,+0000.0000048792654656,+0000.0000002409513810,+0000.0000000602378453
+0000.9996490504721808,+0000.0003307331655070,+0000.0000176129614180,+0000.0000020968164200,+0000.0000005065844740
+0000.9992465126301732,+0000.0007076517138905,+0000.0000358277916798,+0000.0000081121613462,+0000.0000018957029103
+0000.9987187319063429,+0000.0011968460007768,+0000.0000576886638063,+0000.0000218012325577,+0000.0000049321965161
+0000.9980804811723240,+0000.0017798517168648,+0000.0000817880307522,+0000.0000474725992398,+0000.0000104064808194
+0000.9973433389553956,+0000.0024403789028040,+0000.0001070568057035,+0000.0000900765027333,+0000.0000191488333636
+0000.9965161598473565,+0000.0031640791390569,+0000.0001326928361792,+0000.0001550721964237,+0000.0000319959809836
+0000.9956054822560817,+0000.0039383340273453,+0000.0001581036222391,+0000.0002483127656508,+0000.0000497673286830
+0000.9946158816563779,+0000.0047520640936641,+0000.0001828605560467,+0000.0003759451527204,+0000.0000732485411908
+0000.9935502765936988,+0000.0055955569145460,+0000.0002066624568050,+0000.0005443233561454,+0000.0001031806788049
+0000.9924101938277834,+0000.0064603130890375,+0000.0002293065881174,+0000.0007599330121821,+0000.0001402534828797
+0000.9911959981976384,+0000.0073389086036329,+0000.0002506656858831,+0000.0010293257923712,+0000.0001851017204742
+0000.9899070920563229,+0000.0082248721330388,+0000.0002706698049377,+0000.0013590622586984,+0000.0002383037470023
+0000.9885420884676152,+0000.0091125758619858,+0000.0002892920216561,+0000.0017556620061229,+0000.0003003816426200
+0000.9870989617757207,+0000.0099971384849690,+0000.0003065372162879,+0000.0022255600901924,+0000.0003718024328303
+0000.9855751786495517,+0000.0108743391294442,+0000.0003224333103147,+0000.0027750688858355,+0000.0004529800248540
+0000.9839678122592115,+0000.0117405410449802,+0000.0003370244568626,+0000.0034103446533776,+0000.0005442775855682
+0000.9822736418576749,+0000.0125926240002482,+0000.0003503657814394,+0000.0041373582008122,+0000.0006460101598254
+0000.9804892397088963,+0000.0134279244275602,+0000.0003625193503403,+0000.0049618691289957,+0000.0007584473842077
+0000.9786110470183911,+0000.0142441824484143,+0000.0003735511085891,+0000.0058894032302905,+0000.0008818161943148
+0000.9766354402779539,+0000.0150394950016427,+0000.0003835285811904,+0000.0069252326828229,+0000.0010163034563902
+0000.9745587892272587,+0000.0158122743774717,+0000.0003925191731914,+0000.0080743587433658,+0000.0011620584787125
+0000.9723775074569582,+0000.0165612115357587,+0000.0004005889375356,+0000.0093414966932267,+0000.0013191953765210
+0000.9700880965262659,+0000.0172852436548815,+0000.0004078017065427,+0000.0107310628346014,+0000.0014877952777083
+0000.9676871843392862,+0000.0179835254194243,+0000.0004142185043598,+0000.0122471633707092,+0000.0016679083662207
+0000.9651715584152479,+0000.0186554036102922,+0000.0004198971749356,+0000.0138935850325970,+0000.0018595557669275
+0000.9625381945956001,+0000.0193003946106054,+0000.0004248921738262,+0000.0156737873396288,+0000.0020627312803396
+0000.9597842816531232,+0000.0199181644851457,+0000.0004292544831234,+0000.0175908964000994,+0000.0022774029785082
+0000.9569072422028323,+0000.0205085113307066,+0000.0004330316175527,+0000.0196477001737780,+0000.0025035146751302
+0000.9539047502595953,+0000.0210713496299015,+0000.0004362676967603,+0000.0218466451300814,+0000.0027409872836616
+0000.9507747457415894,+0000.0216066963722415,+0000.0004390035643527,+0000.0241898342444940,+0000.0029897200773220
+0000.9475154461805935,+0000.0221146587340148,+0000.0004412769386509,+0000.0266790262822572,+0000.0032495918644837
+0000.9441253558685065,+0000.0225954231330599,+0000.0004431225836074,+0000.0293156363226296,+0000.0035204620921965
+0000.9406032726434634,+0000.0230492454962679,+0000.0004445724910869,+0000.0321007374795370,+0000.0038021718896451
+0000.9369482924975071,+0000.0234764425968912,+0000.0004456560678817,+0000.0350350637754912,+0000.0040945450622288
+0000.9331598121703744,+0000.0238773843357451,+0000.0004464003225392,+0000.0381190141255540,+0000.0043973890457873
+0000.9292375298797756,+0000.0242524868554343,+0000.0004468300484109,+0000.0413526573870891,+0000.0047104958292899
+0000.9251814443271525,+0000.0246022063900269,+0000.0004469680003750,+0000.0447357384293209,+0000.0050336428531245
+0000.9209918521087175,+0000.0249270337643395,+0000.0004468350634889,+0000.0482676851744868,+0000.0053665938889672
+0000.9166693436542415,+0000.0252274894673726,+0000.0004464504124488,+0000.0519476165598152,+0000.0057090999061219
+0000.9122147978101790,+0000.0255041192335861,+0000.0004458316612079,+0000.0557743513668307,+0000.0060608999281961
+0000.9076293751789959,+0000.0257574900737900,+0000.0004449950024635,+0000.0597464178617223,+0000.0064217218830286
+0000.9029145103227161,+0000.0259881867045487,+0000.0004439553369897,+0000.0638620641878178,+0000.0067912834479274
+0000.8980719029355300,+0000.0261968083312853,+0000.0004427263929907,+0000.0681192694487002,+0000.0071692928914938
+0000.8931035080875394,+0000.0263839657458031,+0000.0004413208357880,+0000.0725157554182480,+0000.0075554499126215
+0000.8880115256393094,+0000.0265502787038194,+0000.0004397503682540,+0000.0770489988119636,+0000.0079494464766534
+0000.8827983889245670,+0000.0266963735523885,+0000.0004380258224693,+0000.0817162440524187,+0000.0083509676481566
+0000.8774667527961559,+0000.0268228810808580,+0000.0004361572431169,+0000.0865145164605344,+0000.0087596924193348
+0000.8720194811280517,+0000.0269304345723047,+0000.0004341539631491,+0000.0914406358037618,+0000.0091752945327327
+0000.8664596338638094,+0000.0270196680352894,+0000.0004320246722653,+0000.0964912301320432,+0000.0095974432965925
+0000.8607904536992290,+0000.0270912145983042,+0000.0004297774787340,+0000.1016627498327345,+0000.0100258043909985
+0000.8550153524842121,+0000.0271457050514908,+0000.0004274199650776,+0000.1069514818364370,+0000.0104600406627825
+0000.8491378974257544,+0000.0271837665221394,+0000.0004249592381198,+0000.1123535639069298,+0000.0108998129070564
+0000.8431617971707215,+0000.0272060212721474,+0000.0004224019738722,+0000.1178649989500735,+0000.0113447806331854
+0000.8370908878435485,+0000.0272130856070713,+0000.0004197544577111,+0000.1234816692786597,+0000.0117946028130096
+0000.8309291191102374,+0000.0272055688876617,+0000.0004170226202683,+0000.1291993507726773,+0000.0122489386091552
+0000.8246805403360549,+0000.0271840726358528,+0000.0004142120694332,+0000.1350137268773071,+0000.0127074480813522
+0000.8183492869001564,+0000.0271491897281118,+0000.0004113281188361,+0000.1409204023841212,+0000.0131697928687745
+0000.8119395667260467,+0000.0271015036698531,+0000.0004083758131546,+0000.1469149169443931,+0000.0136356368465525
+0000.8054556470822897,+0000.0270415879453032,+0000.0004053599505610,+0000.1529927582670853,+0000.0141046467547607
+0000.7989018417033310,+0000.0269700054377882,+0000.0004022851026018,+0000.1591493749579280,+0000.0145764927983511
+0000.7922824982756418,+0000.0268873079159085,+0000.0003991556317786,+0000.1653801889599815,+0000.0150508492166897
+0000.7856019863297344,+0000.0267940355814837,+0000.0003959757070754,+0000.1716806075601601,+0000.0155273948215463
+0000.7788646855739260,+0000.0266907166755091,+0000.0003927493176560,+0000.1780460349303203,+0000.0160058135025884
+0000.7720749747011082,+0000.0265778671386578,+0000.0003894802849381,+0000.1844718831756638,+0000.0164857946996322
+0000.7652372206952243,+0000.0264559903231205,+0000.0003861722732280,+0000.1909535828673201,+0000.0169670338411072
+0000.7583557686597139,+0000.0263255767527822,+0000.0003828287990857,+0000.1974865930400275,+0000.0174492327483911
+0000.7514349321858569,+0000.0261871039289157,+0000.0003794532395724,+0000.2040664106397894,+0000.0179321000058659
+0000.7444789842748069,+0000.0260410361787225,+0000.0003760488395186,+0000.2106885794102163,+0000.0184153512967358
+0000.7374921488231142,+0000.0258878245441808,+0000.0003726187179351,+0000.2173486982099467,+0000.0188987097048233
+0000.7304785926777705,+0000.0257279067087690,+0000.0003691658736803,+0000.2240424287570473,+0000.0193819059827333
+0000.7234424182632483,+0000.0255617069597313,+0000.0003656931904809,+0000.2307655027996123,+0000.0198646787869269
+0000.7163876567796846,+0000.0253896361836335,+0000.0003622034413966,+0000.2375137287148889,+0000.0203467748803964
+0000.7093182619682553,+0000.0252120918930363,+0000.0003586992928058,+0000.2442829975421410,+0000.0208279493037618
+0000.7022381044369754,+0000.0250294582821785,+0000.0003551833079845,+0000.2510692884571332,+0000.0213079655157284
+0000.6951509665375487,+0000.0248421063096324,+0000.0003516579503378,+0000.2578686736985294,+0000.0217865955039516
+0000.6880605377815652,+0000.0246503938059503,+0000.0003481255863403,+0000.2646773229587023,+0000.0222636198674422
+0000.6809704107822676,+0000.0244546656043848,+0000.0003445884882313,+0000.2714915072533874,+0000.0227388278717290
+0000.6738840777062666,+0000.0242552536928236,+0000.0003410488365080,+0000.2783076022863472,+0000.0232120174780545
+0000.6668049272179957,+0000.0240524773851372,+0000.0003375087222509,+0000.2851220913266817,+0000.0236829953479343
+0000.6597362418983402,+0000.0238466435101998,+0000.0003339701493143,+0000.2919315676176960,+0000.0241515768244496
+0000.6526811961177486,+0000.0236380466169016,+0000.0003304350364070,+0000.2987327363372726,+0000.0246175858916701
+0000.6456428543432137,+0000.0234269691935343,+0000.0003269052190863,+0000.3055224161305455,+0000.0250808551136202
+0000.6386241698578053,+0000.0232136818999904,+0000.0003233824516853,+0000.3122975402363081,+0000.0255412255542110
+0000.6316279838709208,+0000.0229984438112856,+0000.0003198684091872,+0000.3190551572290537,+0000.0259985466795527
+0000.6246570249970729,+0000.0227815026709707,+0000.0003163646890633,+0000.3257924313988361,+0000.0264526762440573
+0000.6177139090808715,+0000.0225630951530733,+0000.0003128728130811,+0000.3325066427912592,+0000.0269034801617151
+0000.6108011393458301,+0000.0223434471312661,+0000.0003093942290948,+0000.3391951869299014,+0000.0273508323639076
+0000.6039211068447432,+0000.0221227739540336,+0000.0003059303128229,+0000.3458555742433158,+0000.0277946146450844
+0000.5970760911896302,+0000.0219012807246683,+0000.0003024823696184,+0000.3524854292184895,+0000.0282347164975939
+0000.5902682615395916,+0000.0216791625849995,+0000.0002990516362351,+0000.3590824893022592,+0000.0286710349369147
+0000.5834996778253808,+0000.0214566050018188,+0000.0002956392825930,+0000.3656446035717164,+0000.0291034743184909
+0000.5767722921900258,+0000.0212337840550371,+0000.0002922464135433,+0000.3721697311940741,+0000.0295319461473198
+0000.5700879506254594,+0000.0210108667266669,+0000.0002888740706346,+0000.3786559396958464,+0000.0299563688813924
+0000.5634483947857890,+0000.0207880111897921,+0000.0002855232338798,+0000.3851014030605067,+0000.0303766677300322
+0000.5568552639585587,+0000.0205653670967466,+0000.0002821948235215,+0000.3915043996730544,+0000.0307927744481189
+0000.5503100971761367,+0000.0203430758657844,+0000.0002788897017979,+0000.3978633101291481,+0000.0312046271271327
+0000.5438143354501608,+0000.0201212709655838,+0000.0002756086747044,+0000.4041766149256595,+0000.0316121699838915
+0000.5373693241127913,+0000.0199000781969843,+0000.0002723524937508,+0000.4104428920486705,+0000.0320153531478032
+0000.5309763152493806,+0000.0196796159714095,+0000.0002691218577117,+0000.4166608144741056,+0000.0324141324473927
+0000.5246364702080007,+0000.0194599955854838,+0000.0002659174143678,+0000.4228291475953359,+0000.0328084691968120
+0000.5183508621721362,+0000.0192413214914008,+0000.0002627397622355,+0000.4289467465912425,+0000.0331983299829850
+0000.5121204787836908,+0000.0190236915626487,+0000.0002595894522838,+0000.4350125537473906,+0000.0335836864539859
+0000.5059462248043006,+0000.0188071973547451,+0000.0002564669896339,+0000.4410255957421220,+0000.0339645151091983
+0000.4998289248037660,+0000.0185919243606782,+0000.0002533728352420,+0000.4469849809085611,+0000.0343407970917527
+0000.4937693258652341,+0000.0183779522607906,+0000.0002503074075604,+0000.4528898964827243,+0000.0347125179836907
+0000.4877681002975391,+0000.0181653551668824,+0000.0002472710841771,+0000.4587396058471420,+0000.0350796676042594
+0000.4818258483458792,+0000.0179542018603467,+0000.0002442642034307,+0000.4645334457786479,+0000.0354422398116958
+0000.4759431008927453,+0000.0177445560241844,+0000.0002412870659984,+0000.4702708237082561,+0000.0358002323088158
+0000.4701203221417267,+0000.0175364764687770,+0000.0002383399364570,+0000.4759512150003503,+0000.0361536464526888
+0000.4643579122774957,+0000.0173300173513266,+0000.0002354230448135,+0000.4815741602577293,+0000.0365024870686351
+0000.4586562100959281,+0000.0171252283888990,+0000.0002325365880050,+0000.4871392626584161,+0000.0368467622687521
+0000.4530154955989341,+0000.0169221550650302,+0000.0002296807313661,+0000.4926461853295273,+0000.0371864832751423
+0000.4474359925491563,+0000.0167208388298836,+0000.0002268556100637,+0000.4980946487629145,+0000.0375216642479818
+0000.4419178709802511,+0000.0165213172939602,+0000.0002240613304963,+0000.5034844282767486,+0000.0378523221185439
+0000.4364612496589908,+0000.0163236244153899,+0000.0002212979716590,+0000.5088153515266973,+0000.0381784764272632
+0000.4310661984959164,+0000.0161277906808459,+0000.0002185655864723,+0000.5140872960698653,+0000.0385001491669004
+0000.4257327409017282,+0000.0159338432801400,+0000.0002158642030747,+0000.5193001869842084,+0000.0388173646308485
+0000.4204608560870357,+0000.0157418062745725,+0000.0002131938260783,+0000.5244539945457167,+0000.0391301492665970
+0000.4152504813034808,+0000.0155517007591221,+0000.0002105544377874,+0000.5295487319652559,+0000.0394385315343541
+0000.4101015140246311,+0000.0153635450185721,+0000.0002079459993805,+0000.5345844531866075,+0000.0397425417708089
+0000.4050138140653713,+0000.0151773546776798,+0000.0002053684520536,+0000.5395612507468950,+0000.0400422120580002
+0000.3999872056388448,+0000.0149931428455033,+0000.0002028217181280,+0000.5444792537002792,+0000.0403375760972445
+0000.3950214793502863,+0000.0148109202540094,+0000.0002003057021196,+0000.5493386256055212,+0000.0406286690880638
+0000.3901163941273506,+0000.0146306953910901,+0000.0001978202917726,+0000.5541395625777448,+0000.0409155276120419
+0000.3852716790867920,+0000.0144524746281217,+0000.0001953653590555,+0000.5588822914045017,+0000.0411981895215291
+0000.3804870353375573,+0000.0142762623422050,+0000.0001929407611220,+0000.5635670677260098,+0000.0414766938331058
+0000.3757621377205687,+0000.0141020610332281,+0000.0001905463412359,+0000.5681941742792587,+0000.0417510806257088
+0000.3710966364856426,+0000.0139298714358943,+0000.0001881819296605,+0000.5727639192054850,+0000.0420213909433178
+0000.3664901589061569,+0000.0137596926268632,+0000.0001858473445141,+0000.5772766344203732,+0000.0422876667020924
+0000.3619423108322183,+0000.0135915221271506,+0000.0001835423925912,+0000.5817326740461906,+0000.0425499506018493
+0000.3574526781832100,+0000.0134253559999347,+0000.0001812668701508,+0000.5861324129049431,+0000.0428082860417615
+0000.3530208283807164,+0000.0132611889439162,+0000.0001790205636717,+0000.5904762450715344,+0000.0430627170401611
+0000.3486463117229091,+0000.0130990143823802,+0000.0001768032505765,+0000.5947645824858092,+0000.0433132881583253
+0000.3443286627015685,+0000.0129388245481046,+0000.0001746146999239,+0000.5989978536222816,+0000.0435600444281212
+0000.3400674012629916,+0000.0127806105642600,+0000.0001724546730720,+0000.6031765022162885,+0000.0438030312833879
+0000.3358620340140821,+0000.0126243625214457,+0000.0001703229243106,+0000.6073009860452319,+0000.0440422944949299
+0000.3317120553749877,+0000.0124700695509995,+0000.0001682192014659,+0000.6113717757635475,+0000.0442778801089996
+0000.3276169486796734,+0000.0123177198947235,+0000.0001661432464773,+0000.6153893537899811,+0000.0445098343891447
+0000.3235761872258625,+0000.0121673009711593,+0000.0001640947959471,+0000.6193542132457328,+0000.0447382037612985
+0000.3195892352757913,+0000.0120187994385479,+0000.0001620735816635,+0000.6232668569420059,+0000.0449630347619914
+0000.3156555490092497,+0000.0118722012546033,+0000.0001600793310997,+0000.6271277964154827,+0000.0451843739895650
+0000.3117745774303786,+0000.0117274917332282,+0000.0001581117678869,+0000.6309375510102362,+0000.0454022680582701
+0000.3079457632297081,+0000.0115846555982961,+0000.0001561706122648,+0000.6346966470045976,+0000.0456167635551334
+0000.3041685436029097,+0000.0114436770346205,+0000.0001542555815090,+0000.6384056167814816,+0000.0458279069994793
+0000.3004423510277394,+0000.0113045397362282,+0000.0001523663903359,+0000.6420649980407005,+0000.0460357448049959
+0000.2967666140006253,+0000.0111672269520530,+0000.0001505027512873,+0000.6456753330517981,+0000.0462403232442365
+0000.2931407577343494,+0000.0110317215291588,+0000.0001486643750935,+0000.6492371679459475,+0000.0464416884154506
+0000.2895642048182502,+0000.0108980059536004,+0000.0001468509710176,+0000.6527510520454890,+0000.0466398862116426
+0000.2860363758423466,+0000.0107660623890264,+0000.0001450622471807,+0000.6562175372296903,+0000.0468349622917558
+0000.2825566899867733,+0000.0106358727131235,+0000.0001432979108685,+0000.6596371773353484,+0000.0470269620538865
+0000.2791245655778753,+0000.0105074185520013,+0000.0001415576688210,+0000.6630105275908695,+0000.0472159306104329
+0000.2757394206122956,+0000.0103806813126099,+0000.0001398412275053,+0000.6663381440825017,+0000.0474019127650876
+0000.2724006732503496,+0000.0102556422132817,+0000.0001381482933723,+0000.6696205832514118,+0000.0475849529915845
+0000.2691077422799585,+0000.0101322823124836,+0000.0001364785730983,+0000.6728584014203434,+0000.0477650954141161
+0000.2658600475523719,+0000.0100105825358654,+0000.0001348317738115,+0000.6760521543486131,+0000.0479423837893381
+0000.2626570103908871,+0000.0098905237016829,+0000.0001332076033045,+0000.6792023968142450,+0000.0481168614898808
+0000.2594980539737322,+0000.0097720865446754,+0000.0001316057702341,+0000.6823096822220664,+0000.0482885714892918
+0000.2563826036922491,+0000.0096552517384711,+0000.0001300259843070,+0000.6853745622366362,+0000.0484575563483367
+0000.2533100874854765,+0000.0095399999165925,+0000.0001284679564544,+0000.6883975864388918,+0000.0486238582025845
+0000.2502799361522031,+0000.0094263116921304,+0000.0001269313989941,+0000.6913793020054598,+0000.0487875187512125
+0000.2472915836415194,+0000.0093141676761527,+0000.0001254160257817,+0000.6943202534095833,+0000.0489485792469628
+0000.2443444673228716,+0000.0092035484949112,+0000.0001239215523516,+0000.6972209821426760,+0000.0491070804871892
+0000.2414380282365785,+0000.0090944348059064,+0000.0001224476960471,+0000.7000820264555345,+0000.0492630628059333
+0000.2385717113257438,+0000.0089868073128699,+0000.0001209941761411,+0000.7029039211182724,+0000.0494165660669728
+0000.2357449656504630,+0000.0088806467797170,+0000.0001195607139482,+0000.7056871971980856,+0000.0495676296577862
+0000.2329572445851880,+0000.0087759340435267,+0000.0001181470329272,+0000.7084323818539765,+0000.0497162924843818
+0000.2302080060000834,+0000.0086726500265950,+0000.0001167528587759,+0000.7111399981476059,+0000.0498625929669397
+0000.2274967124271773,+0000.0085707757476148,+0000.0001153779195177,+0000.7138105648694710,+0000.0500065690362192
+0000.2248228312120730,+0000.0084702923320247,+0000.0001140219455813,+0000.7164445963796356,+0000.0501482581306856
+0000.2221858346519680,+0000.0083711810215740,+0000.0001126846698721,+0000.7190426024622746,+0000.0502876971943114
+0000.2195852001206849,+0000.0082734231831434,+0000.0001113658278385,+0000.7216050881933210,+0000.0504249226750122
+0000.2170204101814008,+0000.0081770003168644,+0000.0001100651575304,+0000.7241325538205301,+0000.0505599705236743
+0000.2144909526877256,+0000.0080818940635733,+0000.0001087823996525,+0000.7266254946553090,+0000.0506928761937394
+0000.2119963208737591,+0000.0079880862116382,+0000.0001075172976117,+0000.7290844009756836,+0000.0508236746413072
+0000.2095360134337240,+0000.0078955587031923,+0000.0001062695975591,+0000.7315097579398009,+0000.0509524003257236
+0000.2071095345917510,+0000.0078042936398088,+0000.0001050390484267,+0000.7339020455093925,+0000.0510790872106206
+0000.2047163941623666,+0000.0077142732876463,+0000.0001038254019597,+0000.7362617383826502,+0000.0512037687653774
+0000.2023561076022045,+0000.0076254800820973,+0000.0001026284127439,+0000.7385893059359817,+0000.0513264779669728
+0000.2000281960534501,+0000.0075378966319667,+0000.0001014478382289,+0000.7408852121741533,+0000.0514472473022009
+0000.1977321863794906,+0000.0074515057232085,+0000.0001002834387479,+0000.7431499156883288,+0000.0515661087702243
+0000.1954676111932326,+0000.0073662903222461,+0000.0000991349775322,+0000.7453838696215510,+0000.0516830938854381
+0000.1932340088785239,+0000.0072822335789010,+0000.0000980022207240,+0000.7475875216412294,+0000.0517982336806217
+0000.1910309236050943,+0000.0071993188289529,+0000.0000968849373846,+0000.7497613139182109,+0000.0519115587103570
+0000.1888579053374153,+0000.0071175295963544,+0000.0000957828994994,+0000.7519056831120423,+0000.0520230990546885
+0000.1867145098378543,+0000.0070368495951194,+0000.0000946958819813,+0000.7540210603620369,+0000.0521328843230082
+0000.1846002986644871,+0000.0069572627309081,+0000.0000936236626692,+0000.7561078712837915,+0000.0522409436581443
+0000.1825148391639081,+0000.0068787531023246,+0000.0000925660223264,+0000.7581665359708044,+0000.0523473057406365
+0000.1804577044593691,+0000.0068013050019468,+0000.0000915227446341,+0000.7601974690008698,+0000.0524519987931800
+0000.1784284734345521,+0000.0067249029171059,+0000.0000904936161846,+0000.7622010794469343,+0000.0525550505852233
+0000.1764267307132762,+0000.0066495315304303,+0000.0000894784264715,+0000.7641777708921194,+0000.0526564884377027
+0000.1744520666354162,+0000.0065751757201705,+0000.0000884769678778,+0000.7661279414486335,+0000.0527563392279019
+0000.1725040772292996,+0000.0065018205603188,+0000.0000874890356629,+0000.7680519837802982,+0000.0528546293944206
+0000.1705823641808357,+0000.0064294513205382,+0000.0000865144279470,+0000.7699502851284384,+0000.0529513849422405
+0000.1686865347996165,+0000.0063580534659126,+0000.0000855529456946,+0000.7718232273408989,+0000.0530466314478772
+0000.1668162019822163,+0000.0062876126565317,+0000.0000846043926965,+0000.7736711869039493,+0000.0531403940646063
+0000.1649709841729065,+0000.0062181147469214,+0000.0000836685755502,+0000.7754945349768694,+0000.0532326975277525
+0000.1631505053219899,+0000.0061495457853310,+0000.0000827453036391,+0000.7772936374290064,+0000.0533235661600335
+0000.1613543948419478,+0000.0060818920128880,+0000.0000818343891105,+0000.7790688548791060,+0000.0534130238769475
+0000.1595822875615827,+0000.0060151398626299,+0000.0000809356468533,+0000.7808205427367367,+0000.0535010941921972
+0000.1578338236783315,+0000.0059492759584224,+0000.0000800488944734,+0000.7825490512456319,+0000.0535878002231409
+0000.1561086487089113,+0000.0058842871137729,+0000.0000791739522695,+0000.7842547255287822,+0000.0536731646962643
+0000.1544064134384537,+0000.0058201603305471,+0000.0000783106432075,+0000.7859379056351267,+0000.0537572099526648
+0000.1527267738682748,+0000.0057568827975983,+0000.0000774587928942,+0000.7875989265876899,+0000.0538399579535426
+0000.1510693911624167,+0000.0056944418893136,+0000.0000766182295505,+0000.7892381184330280,+0000.0539214302856913
+0000.1494339315930926,+0000.0056328251640873,+0000.0000757887839839,+0000.7908558062918524,+0000.0540016481669840
+0000.1478200664851591,+0000.0055720203627261,+0000.0000749702895608,+0000.7924523104107069,+0000.0540806324518471
+0000.1462274721597296,+0000.0055120154067926,+0000.0000741625821780,+0000.7940279462145798,+0000.0541584036367198
+0000.1446558298770391,+0000.0054527983968936,+0000.0000733655002336,+0000.7955830243603420,+0000.0542349818654915
+0000.1431048257786629,+0000.0053943576109173,+0000.0000725788845987,+0000.7971178507909054,+0000.0543103869349158
+0000.1415741508291856,+0000.0053366815022267,+0000.0000718025785871,+0000.7986327267900056,+0000.0543846382999949
+0000.1400635007574121,+0000.0052797586978117,+0000.0000710364279263,+0000.8001279490375179,+0000.0544577550793320
+0000.1385725759972046,+0000.0052235779964064,+0000.0000702802807273,+0000.8016038096652138,+0000.0545297560604479
+0000.1371010816280255,+0000.0051681283665743,+0000.0000695339874548,+0000.8030605963128863,+0000.0546006597050593
+0000.1356487273152634,+0000.0051133989447666,+0000.0000687974008970,+0000.8044985921847583,+0000.0546704841543145
+0000.1342152272504100,+0000.0050593790333572,+0000.0000680703761354,+0000.8059180761061113,+0000.0547392472339863
+0000.1328003000911545,+0000.0050060580986567,+0000.0000673527705145,+0000.8073193225800578,+0000.0548069664596167
+0000.1314036689014581,+0000.0049534257689109,+0000.0000666444436116,+0000.8087026018444050,+0000.0548736590416146
+0000.1300250610916648,+0000.0049014718322849,+0000.0000659452572066,+0000.8100681799285421,+0000.0549393418903020
+0000.1286642083587021,+0000.0048501862348366,+0000.0000652550752515,+0000.8114163187103021,+0000.0550040316209077
+0000.1273208466264230,+0000.0047995590784823,+0000.0000645737638407,+0000.8127472759727461,+0000.0550677445585079
+0000.1259947159861338,+0000.0047495806189571,+0000.0000639011911806,+0000.8140613054608181,+0000.0551304967429106
+0000.1246855606373533,+0000.0047002412637715,+0000.0000632372275595,+0000.8153586569378314,+0000.0551923039334841
+0000.1233931288288413,+0000.0046515315701678,+0000.0000625817453182,+0000.8166395762417452,+0000.0552531816139275
+0000.1221171727999350,+0000.0046034422430772,+0000.0000619346188202,+0000.8179043053411847,+0000.0553131449969829
+0000.1208574487222275,+0000.0045559641330804,+0000.0000612957244219,+0000.8191530823911823,+0000.0553722090290878
+0000.1196137166416206,+0000.0045090882343726,+0000.0000606649404437,+0000.8203861417885951,+0000.0554303883949680
+0000.1183857404207796,+0000.0044628056827351,+0000.0000600421471405,+0000.8216037142271755,+0000.0554876975221691
+0000.1171732876820198,+0000.0044171077535152,+0000.0000594272266731,+0000.8228060267522644,+0000.0555441505855273
+0000.1159761297506467,+0000.0043719858596152,+0000.0000588200630793,+0000.8239933028150801,+0000.0555997615115785
+0000.1147940415987745,+0000.0043274315494922,+0000.0000582205422457,+0000.8251657623265817,+0000.0556545439829058
+0000.1136268017896429,+0000.0042834365051702,+0000.0000576285518793,+0000.8263236217108835,+0000.0557085114424243
+0000.1124741924224507,+0000.0042399925402645,+0000.0000570439814796,+0000.8274670939582005,+0000.0557616770976048
+0000.1113359990777245,+0000.0041970915980210,+0000.0000564667223110,+0000.8285963886773092,+0000.0558140539246341
+0000.1102120107632357,+0000.0041547257493700,+0000.0000558966673755,+0000.8297117121475041,+0000.0558656546725146
+0000.1091020198604819,+0000.0041128871909959,+0000.0000553337113853,+0000.8308132673700366,+0000.0559164918671001
+0000.1080058220717441,+0000.0040715682434238,+0000.0000547777507364,+0000.8319012541190244,+0000.0559665778150714
+0000.1069232163677303,+0000.0040307613491231,+0000.0000542286834817,+0000.8329758689918163,+0000.0560159246078488
+0000.1058540049358155,+0000.0039904590706295,+0000.0000536864093050,+0000.8340373054588053,+0000.0560645441254446
+0000.1047979931288875,+0000.0039506540886853,+0000.0000531508294951,+0000.8350857539126795,+0000.0561124480402528
+0000.1037549894148034,+0000.0039113392003986,+0000.0000526218469199,+0000.8361214017170986,+0000.0561596478207796
+0000.1027248053264654,+0000.0038725073174226,+0000.0000520993660017,+0000.8371444332547978,+0000.0562061547353127
+0000.1017072554125201,+0000.0038341514641545,+0000.0000515832926916,+0000.8381550299751029,+0000.0562519798555308
+0000.1007021571886852,+0000.0037962647759548,+0000.0000510735344452,+0000.8391533704408611,+0000.0562971340600537
+0000.0997093310897075,+0000.0037588404973872,+0000.0000505700001982,+0000.8401396303747733,+0000.0563416280379336
+0000.0987286004219544,+0000.0037218719804796,+0000.0000500726003421,+0000.8411139827051359,+0000.0563854722920877
+0000.0977597913166406,+0000.0036853526830062,+0000.0000495812467010,+0000.8420765976109787,+0000.0564286771426731
+0000.0968027326836912,+0000.0036492761667908,+0000.0000490958525079,+0000.8430276425666058,+0000.0564712527304044
+0000.0958572561662409,+0000.0036136360960321,+0000.0000486163323818,+0000.8439672823855306,+0000.0565132090198145
+0000.0949231960957701,+0000.0035784262356497,+0000.0000481426023045,+0000.8448956792638159,+0000.0565545558024596
+0000.0940003894478758,+0000.0035436404496534,+0000.0000476745795989,+0000.8458129928228038,+0000.0565953027000681
+0000.0930886757986760,+0000.0035092726995326,+0000.0000472121829066,+0000.8467193801512490,+0000.0566354591676357
+0000.0921878972818461,+0000.0034753170426688,+0000.0000467553321657,+0000.8476149958468537,+0000.0566750344964657
+0000.0912978985462848,+0000.0034417676307697,+0000.0000463039485900,+0000.8484999920571995,+0000.0567140378171556
+0000.0904185267144061,+0000.0034086187083247,+0000.0000458579546477,+0000.8493745185200898,+0000.0567524781025318
+0000.0895496313410534,+0000.0033758646110829,+0000.0000454172740402,+0000.8502387226032918,+0000.0567903641705315
+0000.0886910643730349,+0000.0033434997645527,+0000.0000449818316819,+0000.8510927493436971,+0000.0568277046870334
+0000.0878426801092719,+0000.0033115186825230,+0000.0000445515536801,+0000.8519367414858871,+0000.0568645081686380
+0000.0870043351615592,+0000.0032799159656063,+0000.0000441263673148,+0000.8527708395201222,+0000.0569007829853977
+0000.0861758884159314,+0000.0032486862998030,+0000.0000437062010193,+0000.8535951817197490,+0000.0569365373634972
+0000.0853572009946303,+0000.0032178244550876,+0000.0000432909843609,+0000.8544099041780346,+0000.0569717793878867
+0000.0845481362186676,+0000.0031873252840161,+0000.0000428806480221,+0000.8552151408444284,+0000.0570065170048657
+0000.0837485595709795,+0000.0031571837203544,+0000.0000424751237813,+0000.8560110235602644,+0000.0570407580246207
+0000.0829583386601645,+0000.0031273947777279,+0000.0000420743444954,+0000.8567976820938958,+0000.0570745101237164
+0000.0821773431848015,+0000.0030979535482920,+0000.0000416782440807,+0000.8575752441752850,+0000.0571077808475409
+0000.0814054448983404,+0000.0030688552014232,+0000.0000412867574958,+0000.8583438355300341,+0000.0571405776127063
+0000.0806425175745598,+0000.0030400949824310,+0000.0000408998207238,+0000.8591035799128808,+0000.0571729077094047
+0000.0798884369735852,+0000.0030116682112893,+0000.0000405173707551,+0000.8598545991406492,+0000.0572047783037211
+0000.0791430808084613,+0000.0029835702813895,+0000.0000401393455706,+0000.8605970131246751,+0000.0572361964399033
+0000.0784063287122730,+0000.0029557966583120,+0000.0000397656841247,+0000.8613309399027007,+0000.0572671690425896
+0000.0776780622058059,+0000.0029283428786181,+0000.0000393963263291,+0000.8620564956702519,+0000.0572977029189950
+0000.0769581646657435,+0000.0029012045486616,+0000.0000390312130370,+0000.8627737948115008,+0000.0573278047610570
+0000.0762465212933899,+0000.0028743773434195,+0000.0000386702860266,+0000.8634829499296228,+0000.0573574811475412
+0000.0755430190839154,+0000.0028478570053413,+0000.0000383134879860,+0000.8641840718766499,+0000.0573867385461073
+0000.0748475467961153,+0000.0028216393432184,+0000.0000379607624976,+0000.8648772697828320,+0000.0574155833153370
+0000.0741599949226766,+0000.0027957202310709,+0000.0000376120540232,+0000.8655626510855063,+0000.0574440217067228
+0000.0734802556609446,+0000.0027700956070531,+0000.0000372673078890,+0000.8662403215574921,+0000.0574720598666212
+0000.0728082228841834,+0000.0027447614723778,+0000.0000369264702712,+0000.8669103853350003,+0000.0574997038381671
+0000.0721437921133235,+0000.0027197138902578,+0000.0000365894881816,+0000.8675729449450830,+0000.0575269595631540
+0000.0714868604891883,+0000.0026949489848655,+0000.0000362563094536,+0000.8682281013326154,+0000.0575538328838772
+0000.0708373267451940,+0000.0026704629403096,+0000.0000359268827280,+0000.8688759538868247,+0000.0575803295449437
+0000.0701950911805157,+0000.0026462519996295,+0000.0000356011574400,+0000.8695166004673678,+0000.0576064551950469
+0000.0695600556337120,+0000.0026223124638064,+0000.0000352790838053,+0000.8701501374299684,+0000.0576322153887079
+0000.0689321234568025,+0000.0025986406907908,+0000.0000349606128071,+0000.8707766596516152,+0000.0576576155879843
+0000.0683111994897903,+0000.0025752330945476,+0000.0000346456961835,+0000.8713962605553323,+0000.0576826611641464
+0000.0676971900356234,+0000.0025520861441159,+0000.0000343342864142,+0000.8720090321345252,+0000.0577073573993212
+0000.0670900028355882,+0000.0025291963626864,+0000.0000340263367085,+0000.8726150649769102,+0000.0577317094881063
+0000.0664895470451279,+0000.0025065603266933,+0000.0000337218009930,+0000.8732144482880334,+0000.0577557225391522
+0000.0658957332100798,+0000.0024841746649226,+0000.0000334206338993,+0000.8738072699143837,+0000.0577794015767149
+0000.0653084732433243,+0000.0024620360576353,+0000.0000331227907523,+0000.8743936163661089,+0000.0578027515421792
+0000.0647276804018399,+0000.0024401412357059,+0000.0000328282275587,+0000.8749735728393422,+0000.0578257772955532
+0000.0641532692641564,+0000.0024184869797757,+0000.0000325369009952,+0000.8755472232381389,+0000.0578484836169337
+0000.0635851557082014,+0000.0023970701194201,+0000.0000322487683977,+0000.8761146501960361,+0000.0578708752079446
+0000.0630232568895322,+0000.0023758875323319,+0000.0000319637877501,+0000.8766759350972386,+0000.0578929566931475
+0000.0624674912199481,+0000.0023549361435165,+0000.0000316819176731,+0000.8772311580974368,+0000.0579147326214257
+0000.0619177783464764,+0000.0023342129245033,+0000.0000314031174142,+0000.8777803981442643,+0000.0579362074673416
+0000.0613740391307251,+0000.0023137148925690,+0000.0000311273468368,+0000.8783237329974003,+0000.0579573856324690
+0000.0608361956285977,+0000.0022934391099755,+0000.0000308545664098,+0000.8788612392483183,+0000.0579782714466989
+0000.0603041710703628,+0000.0022733826832205,+0000.0000305847371979,+0000.8793929923396970,+0000.0579988691695218
+0000.0597778898410731,+0000.0022535427623017,+0000.0000303178208514,+0000.8799190665844890,+0000.0580191829912848
+0000.0592572774613282,+0000.0022339165399929,+0000.0000300537795966,+0000.8804395351846571,+0000.0580392170344253
+0000.0587422605683742,+0000.0022145012511339,+0000.0000297925762258,+0000.8809544702495857,+0000.0580589753546803
+0000.0582327668975362,+0000.0021952941719317,+0000.0000295341740886,+0000.8814639428141686,+0000.0580784619422745
+0000.0577287252639758,+0000.0021762926192747,+0000.0000292785370821,+0000.8819680228565834,+0000.0580976807230840
+0000.0572300655447701,+0000.0021574939500587,+0000.0000290256296419,+0000.8824667793157503,+0000.0581166355597792
+0000.0567367186613054,+0000.0021388955605241,+0000.0000287754167332,+0000.8829602801084920,+0000.0581353302529452
+0000.0562486165619804,+0000.0021204948856058,+0000.0000285278638422,+0000.8834485921463898,+0000.0581537685421817
+0000.0557656922052139,+0000.0021022893982934,+0000.0000282829369673,+0000.8839317813523440,+0000.0581719541071812
+0000.0552878795427512,+0000.0020842766090034,+0000.0000280406026107,+0000.8844099126768470,+0000.0581898905687878
+0000.0548151135032641,+0000.0020664540649617,+0000.0000278008277701,+0000.8848830501139692,+0000.0582075814900350
+0000.0543473299762399,+0000.0020488193495979,+0000.0000275635799302,+0000.8853512567170680,+0000.0582250303771641
+0000.0538844657961539,+0000.0020313700819489,+0000.0000273288270554,+0000.8858145946142182,+0000.0582422406806240
+0000.0534264587269197,+0000.0020141039160743,+0000.0000270965375812,+0000.8862731250233736,+0000.0582592157960511
+0000.0529732474466137,+0000.0019970185404810,+0000.0000268666804068,+0000.8867269082672671,+0000.0582759590652317
+0000.0525247715324686,+0000.0019801116775585,+0000.0000266392248874,+0000.8871760037880402,+0000.0582924737770451
+0000.0520809714461302,+0000.0019633810830240,+0000.0000264141408269,+0000.8876204701616294,+0000.0583087631683897
+0000.0516417885191738,+0000.0019468245453768,+0000.0000261913984701,+0000.8880603651118872,+0000.0583248304250919
+0000.0512071649388758,+0000.0019304398853631,+0000.0000259709684961,+0000.8884957455244682,+0000.0583406786827968
+0000.0507770437342344,+0000.0019142249554492,+0000.0000257528220106,+0000.8889266674604626,+0000.0583563110278432
+0000.0503513687622367,+0000.0018981776393047,+0000.0000255369305396,+0000.8893531861697981,+0000.0583717304981213
+0000.0499300846943673,+0000.0018822958512945,+0000.0000253232660218,+0000.8897753561044013,+0000.0583869400839151
+0000.0495131370033529,+0000.0018665775359796,+0000.0000251118008024,+0000.8901932309311369,+0000.0584019427287283
+0000.0491004719501404,+0000.0018510206676267,+0000.0000249025076266,+0000.8906068635445112,+0000.0584167413300951
+0000.0486920365711035,+0000.0018356232497263,+0000.0000246953596325,+0000.8910163060791625,+0000.0584313387403752
+0000.0482877786654729,+0000.0018203833145195,+0000.0000244903303453,+0000.8914216099221269,+0000.0584457377675353
+0000.0478876467829880,+0000.0018052989225331,+0000.0000242873936708,+0000.8918228257248942,+0000.0584599411759139
+0000.0474915902117637,+0000.0017903681621222,+0000.0000240865238893,+0000.8922200034152510,+0000.0584739516869738
+0000.0470995589663711,+0000.0017755891490214,+0000.0000238876956495,+0000.8926131922089189,+0000.0584877719800393
+0000.0467115037761252,+0000.0017609600259037,+0000.0000236908839627,+0000.8930024406209887,+0000.0585014046930200
+0000.0463273760735789,+0000.0017464789619474,+0000.0000234960641966,+0000.8933877964771556,+0000.0585148524231213
+0000.0459471279832171,+0000.0017321441524096,+0000.0000233032120702,+0000.8937693069247615,+0000.0585281177275415
+0000.0455707123103490,+0000.0017179538182081,+0000.0000231123036475,+0000.8941470184436396,+0000.0585412031241556
+0000.0451980825301936,+0000.0017039062055105,+0000.0000229233153323,+0000.8945209768567767,+0000.0585541110921869
+0000.0448291927771561,+0000.0016899995853297,+0000.0000227362238630,+0000.8948912273407853,+0000.0585668440728662
+0000.0444639978342909,+0000.0016762322531273,+0000.0000225510063065,+0000.8952578144361975,+0000.0585794044700779
+0000.0441024531229485,+0000.0016626025284234,+0000.0000223676400538,+0000.8956207820575786,+0000.0585917946509956
+0000.0437445146926020,+0000.0016491087544134,+0000.0000221861028143,+0000.8959801735034661,+0000.0586040169467041
+0000.0433901392108508,+0000.0016357492975913,+0000.0000220063726111,+0000.8963360314661351,+0000.0586160736528117
+0000.0430392839535982,+0000.0016225225473797,+0000.0000218284277754,+0000.8966883980411970,+0000.0586279670300499
+0000.0426919067953990,+0000.0016094269157661,+0000.0000216522469425,+0000.8970373147370300,+0000.0586396993048624
+0000.0423479661999750,+0000.0015964608369455,+0000.0000214778090461,+0000.8973828224840497,+0000.0586512726699841
+0000.0420074212108941,+0000.0015836227669692,+0000.0000213050933143,+0000.8977249616438145,+0000.0586626892850077
+0000.0416702314424119,+0000.0015709111833998,+0000.0000211340792645,+0000.8980637720179818,+0000.0586739512769417
+0000.0413363570704705,+0000.0015583245849718,+0000.0000209647466989,+0000.8983992928571018,+0000.0586850607407569
+0000.0410057588238537,+0000.0015458614912586,+0000.0000207970757003,+0000.8987315628692640,+0000.0586960197399233
+0000.0406783979754942,+0000.0015335204423449,+0000.0000206310466271,+0000.8990606202285960,+0000.0587068303069375
