+0000.0000000000000000,+0001.0000000000000000,+0000.0000000000000000,+0000.0000000000000000,+0000.0000000000000000
+0000.0000962830330689,+0000.0000000000000000,+0000.0000000000000000,+0000.9999036589386021,+0000.0000000580283290
+0000.0000960604769052,+0000.0000000000000000,+0000.0000000000000000,+0000.9999034177280232,+0000.0000005217950717
+0000.0000958383694671,+0000.0000000000000000,+0000.0000000000000000,+0000.9999027136434812,+0000.0000014479870516
+0000.0000956167101850,+0000.0000000000000000,+0000.0000000000000000,+0000.9999015481594963,+0000.0000028351303188
+0000.0000953954984879,+0000.0000000000000000,+0000.0000000000000000,+0000.9998999227486226,+0000.0000046817528897
+0000.0000951747338041,+0000.0000000000000000,+0000.0000000000000000,+0000.9998978388814399,+0000.0000069863847557
+0000.0000949544155606,+0000.0000000000000000,+0000.0000000000000000,+0000.9998952980265480,+0000.0000097475578912
+0000.0000947345431838,+0000.0000000000000000,+0000.0000000000000000,+0000.9998923016505536,+0000.0000129638062624
+0000.0000945151160989,+0000.0000000000000000,+0000.0000000000000000,+0000.9998888512180657,+0000.0000166336658354
+0000.0000942961337301,+0000.0000000000000000,+0000.0000000000000000,+0000.9998849481916858,+0000.0000207556745841
+0000.0000940775955007,+0000.0000000000000000,+0000.0000000000000000,+0000.9998805940320005,+0000.0000253283724990
+0000.0000938595008334,+0000.0000000000000000,+0000.0000000000000000,+0000.9998757901975720,+0000.0000303503015945
+0000.0000936418491494,+0000.0000000000000000,+0000.0000000000000000,+0000.9998705381449330,+0000.0000358200059175
+0000.0000934246398695,+0000.0000000000000000,+0000.0000000000000000,+0000.9998648393285758,+0000.0000417360315546
+0000.0000932078724133,+0000.0000000000000000,+0000.0000000000000000,+0000.9998586952009461,+0000.0000480969266408
+0000.0000929915461996,+0000.0000000000000000,+0000.0000000000000000,+0000.9998521072124340,+0000.0000549012413664
+0000.0000927756606464,+0000.0000000000000000,+0000.0000000000000000,+0000.9998450768113682,+0000.0000621475279852
+0000.0000925602151707,+0000.0000000000000000,+0000.0000000000000000,+0000.9998376054440072,+0000.0000698343408219
+0000.0000923452091888,+0000.0000000000000000,+0000.0000000000000000,+0000.9998296945545314,+0000.0000779602362797
+0000.0000921306421159,+0000.0000000000000000,+0000.0000000000000000,+0000.9998213455850364,+0000.0000865237728477
+0000.0000919165133667,+0000.0000000000000000,+0000.0000000000000000,+0000.9998125599755255,+0000.0000955235111081
+0000.0000917028223548,+0000.0000000000000000,+0000.0000000000000000,+0000.9998033391639012,+0000.0001049580137439
+0000.0000914895684930,+0000.0000000000000000,+0000.0000000000000000,+0000.9997936845859610,+0000.0001148258455459
+0000.0000912767511936,+0000.0000000000000000,+0000.0000000000000000,+0000.9997835976753866,+0000.0001251255734197
+0000.0000910643698676,+0000.0000000000000000,+0000.0000000000000000,+0000.9997730798637391,+0000.0001358557663932
+0000.0000908524239257,+0000.0000000000000000,+0000.0000000000000000,+0000.9997621325804514,+0000.0001470149956230
+0000.0000906409127776,+0000.0000000000000000,+0000.0000000000000000,+0000.9997507572528203,+0000.0001586018344021
+0000.0000904298358322,+0000.0000000000000000,+0000.0000000000000000,+0000.9997389553060018,+0000.0001706148581661
+0000.0000902191924977,+0000.0000000000000000,+0000.0000000000000000,+0000.9997267281630022,+0000.0001830526445004
+0000.0000900089821815,+0000.0000000000000000,+0000.0000000000000000,+0000.9997140772446717,+0000.0001959137731467
+0000.0000897992042903,+0000.0000000000000000,+0000.0000000000000000,+0000.9997010039696997,+0000.0002091968260099
+0000.0000895898582302,+0000.0000000000000000,+0000.0000000000000000,+0000.9996875097546052,+0000.0002229003871645
+0000.0000893809434065,+0000.0000000000000000,+0000.0000000000000000,+0000.9996735960137326,+0000.0002370230428609
+0000.0000891724592235,+0000.0000000000000000,+0000.0000000000000000,+0000.9996592641592441,+0000.0002515633815326
+0000.0000889644050853,+0000.0000000000000000,+0000.0000000000000000,+0000.9996445156011129,+0000.0002665199938015
+0000.0000887567803950,+0000.0000000000000000,+0000.0000000000000000,+0000.9996293517471196,+0000.0002818914724853
+0000.0000885495845551,+0000.0000000000000000,+0000.0000000000000000,+0000.9996137740028419,+0000.0002976764126029
+0000.0000883428169674,+0000.0000000000000000,+0000.0000000000000000,+0000.9995977837716515,+0000.0003138734113810
+0000.0000881364770330,+0000.0000000000000000,+0000.0000000000000000,+0000.9995813824547071,+0000.0003304810682601
+0000.0000879305641526,+0000.0000000000000000,+0000.0000000000000000,+0000.9995645714509471,+0000.0003474979849004
+0000.0000877250777259,+0000.0000000000000000,+0000.0000000000000000,+0000.9995473521570857,+0000.0003649227651881
+0000.0000875200171523,+0000.0000000000000000,+0000.0000000000000000,+0000.9995297259676066,+0000.0003827540152410
+0000.0000873153818303,+0000.0000000000000000,+0000.0000000000000000,+0000.9995116942747553,+0000.0004009903434143
+0000.0000871111711579,+0000.0000000000000000,+0000.0000000000000000,+0000.9994932584685354,+0000.0004196303603066
+0000.0000869073845326,+0000.0000000000000000,+0000.0000000000000000,+0000.9994744199367022,+0000.0004386726787655
+0000.0000867040213512,+0000.0000000000000000,+0000.0000000000000000,+0000.9994551800647558,+0000.0004581159138930
+0000.0000865010810098,+0000.0000000000000000,+0000.0000000000000000,+0000.9994355402359386,+0000.0004779586830515
+0000.0000862985629043,+0000.0000000000000000,+0000.0000000000000000,+0000.9994155018312270,+0000.0004981996058689
+0000.0000860964664295,+0000.0000000000000000,+0000.0000000000000000,+0000.9993950662293263,+0000.0005188373042442
+0000.0000858947909801,+0000.0000000000000000,+0000.0000000000000000,+0000.9993742348066670,+0000.0005398704023530
+0000.0000856935359500,+0000.0000000000000000,+0000.0000000000000000,+0000.9993530089373976,+0000.0005612975266525
+0000.0000854927007327,+0000.0000000000000000,+0000.0000000000000000,+0000.9993313899933806,+0000.0005831173058869
+0000.0000852922847211,+0000.0000000000000000,+0000.0000000000000000,+0000.9993093793441862,+0000.0006053283710926
+0000.0000850922873076,+0000.0000000000000000,+0000.0000000000000000,+0000.9992869783570890,+0000.0006279293556032
+0000.0000848927078840,+0000.0000000000000000,+0000.0000000000000000,+0000.9992641883970614,+0000.0006509188950547
+0000.0000846935458418,+0000.0000000000000000,+0000.0000000000000000,+0000.9992410108267676,+0000.0006742956273903
+0000.0000844948005718,+0000.0000000000000000,+0000.0000000000000000,+0000.9992174470065627,+0000.0006980581928654
+0000.0000842964714643,+0000.0000000000000000,+0000.0000000000000000,+0000.9991934982944831,+0000.0007222052340525
+0000.0000840985579094,+0000.0000000000000000,+0000.0000000000000000,+0000.9991691660462449,+0000.0007467353958459
+0000.0000839010592965,+0000.0000000000000000,+0000.0000000000000000,+0000.9991444516152372,+0000.0007716473254663
+0000.0000837039750144,+0000.0000000000000000,+0000.0000000000000000,+0000.9991193563525195,+0000.0007969396724660
+0000.0000835073044519,+0000.0000000000000000,+0000.0000000000000000,+0000.9990938816068152,+0000.0008226110887327
+0000.0000833110469969,+0000.0000000000000000,+0000.0000000000000000,+0000.9990680287245086,+0000.0008486602284947
+0000.0000831152020372,+0000.0000000000000000,+0000.0000000000000000,+0000.9990417990496377,+0000.0008750857483250
+0000.0000829197689599,+0000.0000000000000000,+0000.0000000000000000,+0000.9990151939238944,+0000.0009018863071460
+0000.0000827247471519,+0000.0000000000000000,+0000.0000000000000000,+0000.9989882146866143,+0000.0009290605662335
+0000.0000825301359996,+0000.0000000000000000,+0000.0000000000000000,+0000.9989608626747790,+0000.0009566071892214
+0000.0000823359348890,+0000.0000000000000000,+0000.0000000000000000,+0000.9989331392230054,+0000.0009845248421056
+0000.0000821421432056,+0000.0000000000000000,+0000.0000000000000000,+0000.9989050456635462,+0000.0010128121932482
+0000.0000819487603348,+0000.0000000000000000,+0000.0000000000000000,+0000.9988765833262830,+0000.0010414679133820
+0000.0000817557856614,+0000.0000000000000000,+0000.0000000000000000,+0000.9988477535387247,+0000.0010704906756139
+0000.0000815632185699,+0000.0000000000000000,+0000.0000000000000000,+0000.9988185576260007,+0000.0010998791554296
+0000.0000813710584444,+0000.0000000000000000,+0000.0000000000000000,+0000.9987889969108585,+0000.0011296320306968
+0000.0000811793046686,+0000.0000000000000000,+0000.0000000000000000,+0000.9987590727136615,+0000.0011597479816699
+0000.0000809879566261,+0000.0000000000000000,+0000.0000000000000000,+0000.9987287863523809,+0000.0011902256909931
+0000.0000807970136999,+0000.0000000000000000,+0000.0000000000000000,+0000.9986981391425958,+0000.0012210638437043
+0000.0000806064752728,+0000.0000000000000000,+0000.0000000000000000,+0000.9986671323974881,+0000.0012522611272393
+0000.0000804163407273,+0000.0000000000000000,+0000.0000000000000000,+0000.9986357674278377,+0000.0012838162314347
+0000.0000802266094454,+0000.0000000000000000,+0000.0000000000000000,+0000.9986040455420220,+0000.0013157278485322
+0000.0000800372808092,+0000.0000000000000000,+0000.0000000000000000,+0000.9985719680460090,+0000.0013479946731816
+0000.0000798483542000,+0000.0000000000000000,+0000.0000000000000000,+0000.9985395362433555,+0000.0013806154024444
+0000.0000796598289992,+0000.0000000000000000,+0000.0000000000000000,+0000.9985067514352035,+0000.0014135887357972
+0000.0000794717045877,+0000.0000000000000000,+0000.0000000000000000,+0000.9984736149202770,+0000.0014469133751355
+0000.0000792839803463,+0000.0000000000000000,+0000.0000000000000000,+0000.9984401279948777,+0000.0014805880247761
+0000.0000790966556554,+0000.0000000000000000,+0000.0000000000000000,+0000.9984062919528833,+0000.0015146113914614
+0000.0000789097298952,+0000.0000000000000000,+0000.0000000000000000,+0000.9983721080857429,+0000.0015489821843615
+0000.0000787232024457,+0000.0000000000000000,+0000.0000000000000000,+0000.9983375776824762,+0000.0015836991150782
+0000.0000785370726865,+0000.0000000000000000,+0000.0000000000000000,+0000.9983027020296655,+0000.0016187608976479
+0000.0000783513399972,+0000.0000000000000000,+0000.0000000000000000,+0000.9982674824114589,+0000.0016541662485441
+0000.0000781660037569,+0000.0000000000000000,+0000.0000000000000000,+0000.9982319201095623,+0000.0016899138866810
+0000.0000779810633448,+0000.0000000000000000,+0000.0000000000000000,+0000.9981960164032391,+0000.0017260025334161
+0000.0000777965181397,+0000.0000000000000000,+0000.0000000000000000,+0000.9981597725693072,+0000.0017624309125531
+0000.0000776123675201,+0000.0000000000000000,+0000.0000000000000000,+0000.9981231898821351,+0000.0017991977503448
+0000.0000774286108645,+0000.0000000000000000,+0000.0000000000000000,+0000.9980862696136396,+0000.0018363017754956
+0000.0000772452475512,+0000.0000000000000000,+0000.0000000000000000,+0000.9980490130332842,+0000.0018737417191647
+0000.0000770622769581,+0000.0000000000000000,+0000.0000000000000000,+0000.9980114214080735,+0000.0019115163149681
+0000.0000768796984633,+0000.0000000000000000,+0000.0000000000000000,+0000.9979734960025549,+0000.0019496242989818
+0000.0000766975114443,+0000.0000000000000000,+0000.0000000000000000,+0000.9979352380788118,+0000.0019880644097437
+0000.0000765157152789,+0000.0000000000000000,+0000.0000000000000000,+0000.9978966488964646,+0000.0020268353882568
+0000.0000763343093443,+0000.0000000000000000,+0000.0000000000000000,+0000.9978577297126648,+0000.0020659359779911
+0000.0000761532930178,+0000.0000000000000000,+0000.0000000000000000,+0000.9978184817820958,+0000.0021053649248862
+0000.0000759726656766,+0000.0000000000000000,+0000.0000000000000000,+0000.9977789063569698,+0000.0021451209773537
+0000.0000757924266978,+0000.0000000000000000,+0000.0000000000000000,+0000.9977390046870230,+0000.0021852028862791
+0000.0000756125754580,+0000.0000000000000000,+0000.0000000000000000,+0000.9976987780195175,+0000.0022256094050247
+0000.0000754331113343,+0000.0000000000000000,+0000.0000000000000000,+0000.9976582275992345,+0000.0022663392894311
+0000.0000752540337031,+0000.0000000000000000,+0000.0000000000000000,+0000.9976173546684772,+0000.0023073912978198
+0000.0000750753419410,+0000.0000000000000000,+0000.0000000000000000,+0000.9975761604670639,+0000.0023487641909950
+0000.0000748970354246,+0000.0000000000000000,+0000.0000000000000000,+0000.9975346462323298,+0000.0023904567322457
+0000.0000747191135301,+0000.0000000000000000,+0000.0000000000000000,+0000.9974928131991221,+0000.0024324676873480
+0000.0000745415756339,+0000.0000000000000000,+0000.0000000000000000,+0000.9974506625997996,+0000.0024747958245663
+0000.0000743644211122,+0000.0000000000000000,+0000.0000000000000000,+0000.9974081956642317,+0000.0025174399146560
+0000.0000741876493411,+0000.0000000000000000,+0000.0000000000000000,+0000.9973654136197938,+0000.0025603987308649
+0000.0000740112596968,+0000.0000000000000000,+0000.0000000000000000,+0000.9973223176913679,+0000.0026036710489349
+0000.0000738352515552,+0000.0000000000000000,+0000.0000000000000000,+0000.9972789091013410,+0000.0026472556471041
+0000.0000736596242924,+0000.0000000000000000,+0000.0000000000000000,+0000.9972351890695997,+0000.0026911513061080
+0000.0000734843772844,+0000.0000000000000000,+0000.0000000000000000,+0000.9971911588135339,+0000.0027353568091816
+0000.0000733095099069,+0000.0000000000000000,+0000.0000000000000000,+0000.9971468195480322,+0000.0027798709420610
+0000.0000731350215360,+0000.0000000000000000,+0000.0000000000000000,+0000.9971021724854797,+0000.0028246924929843
+0000.0000729609115474,+0000.0000000000000000,+0000.0000000000000000,+0000.9970572188357586,+0000.0028698202526940
+0000.0000727871793172,+0000.0000000000000000,+0000.0000000000000000,+0000.9970119598062452,+0000.0029152530144378
+0000.0000726138242210,+0000.0000000000000000,+0000.0000000000000000,+0000.9969663966018087,+0000.0029609895739702
+0000.0000724408456347,+0000.0000000000000000,+0000.0000000000000000,+0000.9969205304248113,+0000.0030070287295540
+0000.0000722682429343,+0000.0000000000000000,+0000.0000000000000000,+0000.9968743624751042,+0000.0030533692819613
+0000.0000720960154955,+0000.0000000000000000,+0000.0000000000000000,+0000.9968278939500290,+0000.0031000100344753
+0000.0000719241626943,+0000.0000000000000000,+0000.0000000000000000,+0000.9967811260444149,+0000.0031469497928908
+0000.0000717526839066,+0000.0000000000000000,+0000.0000000000000000,+0000.9967340599505775,+0000.0031941873655161
+0000.0000715815785082,+0000.0000000000000000,+0000.0000000000000000,+0000.9966866968583182,+0000.0032417215631735
+0000.0000714108458752,+0000.0000000000000000,+0000.0000000000000000,+0000.9966390379549238,+0000.0032895511992009
+0000.0000712404853836,+0000.0000000000000000,+0000.0000000000000000,+0000.9965910844251640,+0000.0033376750894527
+0000.0000710704964095,+0000.0000000000000000,+0000.0000000000000000,+0000.9965428374512901,+0000.0033860920523004
+0000.0000709008783290,+0000.0000000000000000,+0000.0000000000000000,+0000.9964942982130368,+0000.0034348009086342
+0000.0000707316305182,+0000.0000000000000000,+0000.0000000000000000,+0000.9964454678876180,+0000.0034838004818635
+0000.0000705627523534,+0000.0000000000000000,+0000.0000000000000000,+0000.9963963476497286,+0000.0035330895979179
+0000.0000703942432111,+0000.0000000000000000,+0000.0000000000000000,+0000.9963469386715414,+0000.0035826670852479
+0000.0000702261024674,+0000.0000000000000000,+0000.0000000000000000,+0000.9962972421227065,+0000.0036325317748259
+0000.0000700583294991,+0000.0000000000000000,+0000.0000000000000000,+0000.9962472591703542,+0000.0036826825001468
+0000.0000698909236826,+0000.0000000000000000,+0000.0000000000000000,+0000.9961969909790886,+0000.0037331180972287
+0000.0000697238843946,+0000.0000000000000000,+0000.0000000000000000,+0000.9961464387109920,+0000.0037838374046135
+0000.0000695572110119,+0000.0000000000000000,+0000.0000000000000000,+0000.9960956035256204,+0000.0038348392633678
+0000.0000693909029114,+0000.0000000000000000,+0000.0000000000000000,+0000.9960444865800054,+0000.0038861225170830
+0000.0000692249594701,+0000.0000000000000000,+0000.0000000000000000,+0000.9959930890286532,+0000.0039376860118763
+0000.0000690593800652,+0000.0000000000000000,+0000.0000000000000000,+0000.9959414120235438,+0000.0039895285963909
+0000.0000688941640739,+0000.0000000000000000,+0000.0000000000000000,+0000.9958894567141292,+0000.0040416491217966
+0000.0000687293108736,+0000.0000000000000000,+0000.0000000000000000,+0000.9958372242473366,+0000.0040940464417901
+0000.0000685648198418,+0000.0000000000000000,+0000.0000000000000000,+0000.9957847157675630,+0000.0041467194125954
+0000.0000684006903563,+0000.0000000000000000,+0000.0000000000000000,+0000.9957319324166795,+0000.0041996668929642
+0000.0000682369217947,+0000.0000000000000000,+0000.0000000000000000,+0000.9956788753340292,+0000.0042528877441759
+0000.0000680735135351,+0000.0000000000000000,+0000.0000000000000000,+0000.9956255456564265,+0000.0043063808300385
+0000.0000679104649557,+0000.0000000000000000,+0000.0000000000000000,+0000.9955719445181561,+0000.0043601450168881
+0000.0000677477754347,+0000.0000000000000000,+0000.0000000000000000,+0000.9955180730509759,+0000.0044141791735893
+0000.0000675854443506,+0000.0000000000000000,+0000.0000000000000000,+0000.9954639323841141,+0000.0044684821715356
+0000.0000674234710821,+0000.0000000000000000,+0000.0000000000000000,+0000.9954095236442690,+0000.0045230528846491
+0000.0000672618550080,+0000.0000000000000000,+0000.0000000000000000,+0000.9953548479556111,+0000.0045778901893809
+0000.0000671005955073,+0000.0000000000000000,+0000.0000000000000000,+0000.9952999064397817,+0000.0046329929647108
+0000.0000669396919593,+0000.0000000000000000,+0000.0000000000000000,+0000.9952447002158930,+0000.0046883600921476
+0000.0000667791437433,+0000.0000000000000000,+0000.0000000000000000,+0000.9951892304005283,+0000.0047439904557286
+0000.0000666189502389,+0000.0000000000000000,+0000.0000000000000000,+0000.9951334981077411,+0000.0047998829420200
+0000.0000664591108261,+0000.0000000000000000,+0000.0000000000000000,+0000.9950775044490577,+0000.0048560364401165
+0000.0000662996248847,+0000.0000000000000000,+0000.0000000000000000,+0000.9950212505334741,+0000.0049124498416411
+0000.0000661404917952,+0000.0000000000000000,+0000.0000000000000000,+0000.9949647374674599,+0000.0049691220407449
+0000.0000659817109380,+0000.0000000000000000,+0000.0000000000000000,+0000.9949079663549549,+0000.0050260519341071
+0000.0000658232816937,+0000.0000000000000000,+0000.0000000000000000,+0000.9948509382973718,+0000.0050832384209344
+0000.0000656652034434,+0000.0000000000000000,+0000.0000000000000000,+0000.9947936543935960,+0000.0051406804029608
+0000.0000655074755681,+0000.0000000000000000,+0000.0000000000000000,+0000.9947361157399848,+0000.0051983767844472
+0000.0000653500974495,+0000.0000000000000000,+0000.0000000000000000,+0000.9946783234303692,+0000.0052563264721812
+0000.0000651930684691,+0000.0000000000000000,+0000.0000000000000000,+0000.9946202785560544,+0000.0053145283754766
+0000.0000650363880088,+0000.0000000000000000,+0000.0000000000000000,+0000.9945619822058185,+0000.0053729814061725
+0000.0000648800554510,+0000.0000000000000000,+0000.0000000000000000,+0000.9945034354659154,+0000.0054316844786337
+0000.0000647240701780,+0000.0000000000000000,+0000.0000000000000000,+0000.9944446394200728,+0000.0054906365097492
+0000.0000645684315725,+0000.0000000000000000,+0000.0000000000000000,+0000.9943855951494953,+0000.0055498364189325
+0000.0000644131390177,+0000.0000000000000000,+0000.0000000000000000,+0000.9943263037328623,+0000.0056092831281201
+0000.0000642581918967,+0000.0000000000000000,+0000.0000000000000000,+0000.9942667662463317,+0000.0056689755617719
+0000.0000641035895931,+0000.0000000000000000,+0000.0000000000000000,+0000.9942069837635372,+0000.0057289126468697
+0000.0000639493314908,+0000.0000000000000000,+0000.0000000000000000,+0000.9941469573555929,+0000.0057890933129167
+0000.0000637954169740,+0000.0000000000000000,+0000.0000000000000000,+0000.9940866880910890,+0000.0058495164919370
+0000.0000636418454270,+0000.0000000000000000,+0000.0000000000000000,+0000.9940261770360983,+0000.0059101811184748
+0000.0000634886162348,+0000.0000000000000000,+0000.0000000000000000,+0000.9939654252541720,+0000.0059710861295933
+0000.0000633357287822,+0000.0000000000000000,+0000.0000000000000000,+0000.9939044338063436,+0000.0060322304648742
+0000.0000631831824547,+0000.0000000000000000,+0000.0000000000000000,+0000.9938432037511289,+0000.0060936130664165
+0000.0000630309766380,+0000.0000000000000000,+0000.0000000000000000,+0000.9937817361445259,+0000.0061552328788361
+0000.0000628791107181,+0000.0000000000000000,+0000.0000000000000000,+0000.9937200320400177,+0000.0062170888492643
+0000.0000627275840813,+0000.0000000000000000,+0000.0000000000000000,+0000.9936580924885714,+0000.0062791799273472
+0000.0000625763961143,+0000.0000000000000000,+0000.0000000000000000,+0000.9935959185386407,+0000.0063415050652447
+0000.0000624255462041,+0000.0000000000000000,+0000.0000000000000000,+0000.9935335112361667,+0000.0064040632176293
+0000.0000622750337381,+0000.0000000000000000,+0000.0000000000000000,+0000.9934708716245767,+0000.0064668533416852
+0000.0000621248581039,+0000.0000000000000000,+0000.0000000000000000,+0000.9934080007447890,+0000.0065298743971070
+0000.0000619750186896,+0000.0000000000000000,+0000.0000000000000000,+0000.9933448996352113,+0000.0065931253460990
+0000.0000618255148835,+0000.0000000000000000,+0000.0000000000000000,+0000.9932815693317429,+0000.0066566051533736
+0000.0000616763460744,+0000.0000000000000000,+0000.0000000000000000,+0000.9932180108677755,+0000.0067203127861503
+0000.0000615275116515,+0000.0000000000000000,+0000.0000000000000000,+0000.9931542252741941,+0000.0067842472141546
+0000.0000613790110041,+0000.0000000000000000,+0000.0000000000000000,+0000.9930902135793792,+0000.0068484074096167
+0000.0000612308435221,+0000.0000000000000000,+0000.0000000000000000,+0000.9930259768092079,+0000.0069127923472701
+0000.0000610830085958,+0000.0000000000000000,+0000.0000000000000000,+0000.9929615159870537,+0000.0069774010043503
+0000.0000609355056157,+0000.0000000000000000,+0000.0000000000000000,+0000.9928968321337904,+0000.0070422323605939
+0000.0000607883339728,+0000.0000000000000000,+0000.0000000000000000,+0000.9928319262677908,+0000.0071072853982366
+0000.0000606414930585,+0000.0000000000000000,+0000.0000000000000000,+0000.9927667994049293,+0000.0071725591020124
+0000.0000604949822645,+0000.0000000000000000,+0000.0000000000000000,+0000.9927014525585840,+0000.0072380524591517
+0000.0000603488009830,+0000.0000000000000000,+0000.0000000000000000,+0000.9926358867396370,+0000.0073037644593802
+0000.0000602029486064,+0000.0000000000000000,+0000.0000000000000000,+0000.9925701029564764,+0000.0073696940949173
+0000.0000600574245279,+0000.0000000000000000,+0000.0000000000000000,+0000.9925041022149974,+0000.0074358403604748
+0000.0000599122281406,+0000.0000000000000000,+0000.0000000000000000,+0000.9924378855186048,+0000.0075022022532548
+0000.0000597673588385,+0000.0000000000000000,+0000.0000000000000000,+0000.9923714538682125,+0000.0075687787729489
+0000.0000596228160155,+0000.0000000000000000,+0000.0000000000000000,+0000.9923048082622484,+0000.0076355689217361
+0000.0000594785990665,+0000.0000000000000000,+0000.0000000000000000,+0000.9922379496966518,+0000.0077025717042815
+0000.0000593347073863,+0000.0000000000000000,+0000.0000000000000000,+0000.9921708791648793,+0000.0077697861277342
+0000.0000591911403705,+0000.0000000000000000,+0000.0000000000000000,+0000.9921035976579031,+0000.0078372112017264
+0000.0000590478974149,+0000.0000000000000000,+0000.0000000000000000,+0000.9920361061642143,+0000.0079048459383710
+0000.0000589049779157,+0000.0000000000000000,+0000.0000000000000000,+0000.9919684056698241,+0000.0079726893522603
+0000.0000587623812699,+0000.0000000000000000,+0000.0000000000000000,+0000.9919004971582663,+0000.0080407404604639
+0000.0000586201068745,+0000.0000000000000000,+0000.0000000000000000,+0000.9918323816105982,+0000.0081089982825274
+0000.0000584781541272,+0000.0000000000000000,+0000.0000000000000000,+0000.9917640600054025,+0000.0081774618404704
+0000.0000583365224260,+0000.0000000000000000,+0000.0000000000000000,+0000.9916955333187899,+0000.0082461301587843
+0000.0000581952111696,+0000.0000000000000000,+0000.0000000000000000,+0000.9916268025243992,+0000.0083150022644313
+0000.0000580542197568,+0000.0000000000000000,+0000.0000000000000000,+0000.9915578685934013,+0000.0083840771868416
+0000.0000579135475872,+0000.0000000000000000,+0000.0000000000000000,+0000.9914887324945005,+0000.0084533539579123
+0000.0000577731940607,+0000.0000000000000000,+0000.0000000000000000,+0000.9914193951939345,+0000.0085228316120050
+0000.0000576331585776,+0000.0000000000000000,+0000.0000000000000000,+0000.9913498576554789,+0000.0085925091859438
+0000.0000574934405388,+0000.0000000000000000,+0000.0000000000000000,+0000.9912801208404476,+0000.0086623857190137
+0000.0000573540393456,+0000.0000000000000000,+0000.0000000000000000,+0000.9912101857076959,+0000.0087324602529587
+0000.0000572149543999,+0000.0000000000000000,+0000.0000000000000000,+0000.9911400532136212,+0000.0088027318319790
+0000.0000570761851039,+0000.0000000000000000,+0000.0000000000000000,+0000.9910697243121662,+0000.0088731995027298
+0000.0000569377308603,+0000.0000000000000000,+0000.0000000000000000,+0000.9909991999548208,+0000.0089438623143190
+0000.0000567995910725,+0000.0000000000000000,+0000.0000000000000000,+0000.9909284810906231,+0000.0090147193183047
+0000.0000566617651441,+0000.0000000000000000,+0000.0000000000000000,+0000.9908575686661620,+0000.0090857695686938
+0000.0000565242524795,+0000.0000000000000000,+0000.0000000000000000,+0000.9907864636255813,+0000.0091570121219393
+0000.0000563870524833,+0000.0000000000000000,+0000.0000000000000000,+0000.9907151669105785,+0000.0092284460369383
+0000.0000562501645609,+0000.0000000000000000,+0000.0000000000000000,+0000.9906436794604092,+0000.0093000703750300
+0000.0000561135881178,+0000.0000000000000000,+0000.0000000000000000,+0000.9905720022118890,+0000.0093718841999933
+0000.0000559773225605,+0000.0000000000000000,+0000.0000000000000000,+0000.9905001360993948,+0000.0094438865780447
+0000.0000558413672956,+0000.0000000000000000,+0000.0000000000000000,+0000.9904280820548685,+0000.0095160765778360
+0000.0000557057217304,+0000.0000000000000000,+0000.0000000000000000,+0000.9903558410078177,+0000.0095884532704518
+0000.0000555703852728,+0000.0000000000000000,+0000.0000000000000000,+0000.9902834138853193,+0000.0096610157294079
+0000.0000554353573310,+0000.0000000000000000,+0000.0000000000000000,+0000.9902108016120210,+0000.0097337630306481
+0000.0000553006373139,+0000.0000000000000000,+0000.0000000000000000,+0000.9901380051101434,+0000.0098066942525426
+0000.0000551662246308,+0000.0000000000000000,+0000.0000000000000000,+0000.9900650252994840,+0000.0098798084758852
+0000.0000550321186916,+0000.0000000000000000,+0000.0000000000000000,+0000.9899918630974172,+0000.0099531047838912
+0000.0000548983189068,+0000.0000000000000000,+0000.0000000000000000,+0000.9899185194188980,+0000.0100265822621949
+0000.0000547648246873,+0000.0000000000000000,+0000.0000000000000000,+0000.9898449951764657,+0000.0101002399988469
+0000.0000546316354446,+0000.0000000000000000,+0000.0000000000000000,+0000.9897712912802428,+0000.0101740770843123
+0000.0000544987505908,+0000.0000000000000000,+0000.0000000000000000,+0000.9896974086379413,+0000.0102480926114678
+0000.0000543661695385,+0000.0000000000000000,+0000.0000000000000000,+0000.9896233481548624,+0000.0103222856755991
+0000.0000542338917007,+0000.0000000000000000,+0000.0000000000000000,+0000.9895491107339004,+0000.0103966553743989
+0000.0000541019164911,+0000.0000000000000000,+0000.0000000000000000,+0000.9894746972755447,+0000.0104712008079639
+0000.0000539702433241,+0000.0000000000000000,+0000.0000000000000000,+0000.9894001086778833,+0000.0105459210787926
+0000.0000538388716144,+0000.0000000000000000,+0000.0000000000000000,+0000.9893253458366029,+0000.0106208152917825
+0000.0000537078007773,+0000.0000000000000000,+0000.0000000000000000,+0000.9892504096449951,+0000.0106958825542277
+0000.0000535770302288,+0000.0000000000000000,+0000.0000000000000000,+0000.9891753009939548,+0000.0107711219758164
+0000.0000534465593854,+0000.0000000000000000,+0000.0000000000000000,+0000.9891000207719869,+0000.0108465326686277
+0000.0000533163876640,+0000.0000000000000000,+0000.0000000000000000,+0000.9890245698652060,+0000.0109221137471300
+0000.0000531865144823,+0000.0000000000000000,+0000.0000000000000000,+0000.9889489491573404,+0000.0109978643281772
+0000.0000530569392586,+0000.0000000000000000,+0000.0000000000000000,+0000.9888731595297349,+0000.0110737835310069
+0000.0000529276614115,+0000.0000000000000000,+0000.0000000000000000,+0000.9887972018613512,+0000.0111498704772374
+0000.0000527986803604,+0000.0000000000000000,+0000.0000000000000000,+0000.9887210770287745,+0000.0112261242908649
+0000.0000526699955253,+0000.0000000000000000,+0000.0000000000000000,+0000.9886447859062140,+0000.0113025440982609
+0000.0000525416063266,+0000.0000000000000000,+0000.0000000000000000,+0000.9885683293655039,+0000.0113791290281695
+0000.0000524135121855,+0000.0000000000000000,+0000.0000000000000000,+0000.9884917082761100,+0000.0114558782117046
+0000.0000522857125236,+0000.0000000000000000,+0000.0000000000000000,+0000.9884149235051292,+0000.0115327907823469
+0000.0000521582067633,+0000.0000000000000000,+0000.0000000000000000,+0000.9883379759172950,+0000.0116098658759416
+0000.0000520309943273,+0000.0000000000000000,+0000.0000000000000000,+0000.9882608663749778,+0000.0116871026306951
+0000.0000519040746391,+0000.0000000000000000,+0000.0000000000000000,+0000.9881835957381885,+0000.0117645001871725
+0000.0000517774471229,+0000.0000000000000000,+0000.0000000000000000,+0000.9881061648645824,+0000.0118420576882946
+0000.0000516511112033,+0000.0000000000000000,+0000.0000000000000000,+0000.9880285746094617,+0000.0119197742793351
+0000.0000515250663055,+0000.0000000000000000,+0000.0000000000000000,+0000.9879508258257768,+0000.0119976491079176
+0000.0000513993118554,+0000.0000000000000000,+0000.0000000000000000,+0000.9878729193641314,+0000.0120756813240131
+0000.0000512738472796,+0000.0000000000000000,+0000.0000000000000000,+0000.9877948560727841,+0000.0121538700799364
+0000.0000511486720051,+0000.0000000000000000,+0000.0000000000000000,+0000.9877166367976513,+0000.0122322145303439
+0000.0000510237854596,+0000.0000000000000000,+0000.0000000000000000,+0000.9876382623823102,+0000.0123107138322301
+0000.0000508991870715,+0000.0000000000000000,+0000.0000000000000000,+0000.9875597336680030,+0000.0123893671449253
+0000.0000507748762697,+0000.0000000000000000,+0000.0000000000000000,+0000.9874810514936385,+0000.0124681736300916
+0000.0000506508524838,+0000.0000000000000000,+0000.0000000000000000,+0000.9874022166957948,+0000.0125471324517212
+0000.0000505271151440,+0000.0000000000000000,+0000.0000000000000000,+0000.9873232301087236,+0000.0126262427761321
+0000.0000504036636810,+0000.0000000000000000,+0000.0000000000000000,+0000.9872440925643529,+0000.0127055037719662
+0000.0000502804975264,+0000.0000000000000000,+0000.0000000000000000,+0000.9871648048922880,+0000.0127849146101855
+0000.0000501576161122,+0000.0000000000000000,+0000.0000000000000000,+0000.9870853679198184,+0000.0128644744640694
+0000.0000500350188711,+0000.0000000000000000,+0000.0000000000000000,+0000.9870057824719172,+0000.0129441825092116
+0000.0000499127052364,+0000.0000000000000000,+0000.0000000000000000,+0000.9869260493712464,+0000.0130240379235171
+0000.0000497906746421,+0000.0000000000000000,+0000.0000000000000000,+0000.9868461694381592,+0000.0131040398871988
+0000.0000496689265229,+0000.0000000000000000,+0000.0000000000000000,+0000.9867661434907022,+0000.0131841875827746
+0000.0000495474603140,+0000.0000000000000000,+0000.0000000000000000,+0000.9866859723446211,+0000.0132644801950645
+0000.0000494262754513,+0000.0000000000000000,+0000.0000000000000000,+0000.9866056568133619,+0000.0133449169111872
+0000.0000493053713713,+0000.0000000000000000,+0000.0000000000000000,+0000.9865251977080720,+0000.0134254969205567
+0000.0000491847475112,+0000.0000000000000000,+0000.0000000000000000,+0000.9864445958376087,+0000.0135062194148799
+0000.0000490644033088,+0000.0000000000000000,+0000.0000000000000000,+0000.9863638520085385,+0000.0135870835881528
+0000.0000489443382027,+0000.0000000000000000,+0000.0000000000000000,+0000.9862829670251397,+0000.0136680886366572
+0000.0000488245516320,+0000.0000000000000000,+0000.0000000000000000,+0000.9862019416894096,+0000.0137492337589583
+0000.0000487050430365,+0000.0000000000000000,+0000.0000000000000000,+0000.9861207768010627,+0000.0138305181559006
+0000.0000485858118566,+0000.0000000000000000,+0000.0000000000000000,+0000.9860394731575380,+0000.0139119410306053
+0000.0000484668575335,+0000.0000000000000000,+0000.0000000000000000,+0000.9859580315539997,+0000.0139935015884665
+0000.0000483481795089,+0000.0000000000000000,+0000.0000000000000000,+0000.9858764527833425,+0000.0140751990371486
+0000.0000482297772252,+0000.0000000000000000,+0000.0000000000000000,+0000.9857947376361923,+0000.0141570325865825
+0000.0000481116501256,+0000.0000000000000000,+0000.0000000000000000,+0000.9857128869009116,+0000.0142390014489627
+0000.0000479937976538,+0000.0000000000000000,+0000.0000000000000000,+0000.9856309013636029,+0000.0143211048387436
+0000.0000478762192542,+0000.0000000000000000,+0000.0000000000000000,+0000.9855487818081090,+0000.0144033419726367
+0000.0000477589143721,+0000.0000000000000000,+0000.0000000000000000,+0000.9854665290160208,+0000.0144857120696069
+0000.0000476418824530,+0000.0000000000000000,+0000.0000000000000000,+0000.9853841437666777,+0000.0145682143508693
+0000.0000475251229436,+0000.0000000000000000,+0000.0000000000000000,+0000.9853016268371704,+0000.0146508480398858
+0000.0000474086352908,+0000.0000000000000000,+0000.0000000000000000,+0000.9852189790023471,+0000.0147336123623621
+0000.0000472924189426,+0000.0000000000000000,+0000.0000000000000000,+0000.9851362010348134,+0000.0148165065462439
+0000.0000471764733473,+0000.0000000000000000,+0000.0000000000000000,+0000.9850532937049393,+0000.0148995298217135
+0000.0000470607979543,+0000.0000000000000000,+0000.0000000000000000,+0000.9849702577808588,+0000.0149826814211870
+0000.0000469453922132,+0000.0000000000000000,+0000.0000000000000000,+0000.9848870940284764,+0000.0150659605793104
+0000.0000468302555746,+0000.0000000000000000,+0000.0000000000000000,+0000.9848038032114694,+0000.0151493665329561
+0000.0000467153874898,+0000.0000000000000000,+0000.0000000000000000,+0000.9847203860912900,+0000.0152328985212201
+0000.0000466007874107,+0000.0000000000000000,+0000.0000000000000000,+0000.9846368434271713,+0000.0153165557854180
+0000.0000464864547897,+0000.0000000000000000,+0000.0000000000000000,+0000.9845531759761286,+0000.0154003375690817
+0000.0000463723890804,+0000.0000000000000000,+0000.0000000000000000,+0000.9844693844929633,+0000.0154842431179562
+0000.0000462585897364,+0000.0000000000000000,+0000.0000000000000000,+0000.9843854697302680,+0000.0155682716799958
+0000.0000461450562127,+0000.0000000000000000,+0000.0000000000000000,+0000.9843014324384265,+0000.0156524225053610
+0000.0000460317879645,+0000.0000000000000000,+0000.0000000000000000,+0000.9842172733656211,+0000.0157366948464146
+0000.0000459187844479,+0000.0000000000000000,+0000.0000000000000000,+0000.9841329932578338,+0000.0158210879577186
+0000.0000458060451196,+0000.0000000000000000,+0000.0000000000000000,+0000.9840485928588497,+0000.0159056010960305
+0000.0000456935694371,+0000.0000000000000000,+0000.0000000000000000,+0000.9839640729102629,+0000.0159902335202999
+0000.0000455813568585,+0000.0000000000000000,+0000.0000000000000000,+0000.9838794341514763,+0000.0160749844916650
+0000.0000454694068428,+0000.0000000000000000,+0000.0000000000000000,+0000.9837946773197082,+0000.0161598532734488
+0000.0000453577188495,+0000.0000000000000000,+0000.0000000000000000,+0000.9837098031499946,+0000.0162448391311561
+0000.0000452462923388,+0000.0000000000000000,+0000.0000000000000000,+0000.9836248123751916,+0000.0163299413324695
+0000.0000451351267718,+0000.0000000000000000,+0000.0000000000000000,+0000.9835397057259824,+0000.0164151591472458
+0000.0000450242216101,+0000.0000000000000000,+0000.0000000000000000,+0000.9834544839308770,+0000.0165004918475130
+0000.0000449135763162,+0000.0000000000000000,+0000.0000000000000000,+0000.9833691477162176,+0000.0165859387074663
+0000.0000448031903530,+0000.0000000000000000,+0000.0000000000000000,+0000.9832836978061827,+0000.0166714990034644
+0000.0000446930631846,+0000.0000000000000000,+0000.0000000000000000,+0000.9831981349227890,+0000.0167571720140263
+0000.0000445831942753,+0000.0000000000000000,+0000.0000000000000000,+0000.9831124597858973,+0000.0168429570198275
+0000.0000444735830904,+0000.0000000000000000,+0000.0000000000000000,+0000.9830266731132128,+0000.0169288533036965
+0000.0000443642290960,+0000.0000000000000000,+0000.0000000000000000,+0000.9829407756202931,+0000.0170148601506111
+0000.0000442551317587,+0000.0000000000000000,+0000.0000000000000000,+0000.9828547680205467,+0000.0171009768476947
+0000.0000441462905459,+0000.0000000000000000,+0000.0000000000000000,+0000.9827686510252408,+0000.0171872026842129
+0000.0000440377049257,+0000.0000000000000000,+0000.0000000000000000,+0000.9826824253435046,+0000.0172735369515697
+0000.0000439293743670,+0000.0000000000000000,+0000.0000000000000000,+0000.9825960916823285,+0000.0173599789433041
+0000.0000438212983393,+0000.0000000000000000,+0000.0000000000000000,+0000.9825096507465749,+0000.0174465279550860
+0000.0000437134763130,+0000.0000000000000000,+0000.0000000000000000,+0000.9824231032389742,+0000.0175331832847130
+0000.0000436059077591,+0000.0000000000000000,+0000.0000000000000000,+0000.9823364498601346,+0000.0176199442321065
+0000.0000434985921492,+0000.0000000000000000,+0000.0000000000000000,+0000.9822496913085426,+0000.0177068100993082
+0000.0000433915289560,+0000.0000000000000000,+0000.0000000000000000,+0000.9821628282805679,+0000.0177937801904763
+0000.0000432847176525,+0000.0000000000000000,+0000.0000000000000000,+0000.9820758614704660,+0000.0178808538118815
+0000.0000431781577127,+0000.0000000000000000,+0000.0000000000000000,+0000.9819887915703829,+0000.0179680302719042
+0000.0000430718486113,+0000.0000000000000000,+0000.0000000000000000,+0000.9819016192703587,+0000.0180553088810299
+0000.0000429657898237,+0000.0000000000000000,+0000.0000000000000000,+0000.9818143452583302,+0000.0181426889518459
+0000.0000428599808260,+0000.0000000000000000,+0000.0000000000000000,+0000.9817269702201363,+0000.0182301697990376
+0000.0000427544210951,+0000.0000000000000000,+0000.0000000000000000,+0000.9816394948395201,+0000.0183177507393847
+0000.0000426491101085,+0000.0000000000000000,+0000.0000000000000000,+0000.9815519197981339,+0000.0184054310917576
+0000.0000425440473446,+0000.0000000000000000,+0000.0000000000000000,+0000.9814642457755420,+0000.0184932101771134
+0000.0000424392322825,+0000.0000000000000000,+0000.0000000000000000,+0000.9813764734492251,+0000.0185810873184924
+0000.0000423346644020,+0000.0000000000000000,+0000.0000000000000000,+0000.9812886034945839,+0000.0186690618410145
+0000.0000422303431836,+0000.0000000000000000,+0000.0000000000000000,+0000.9812006365849417,+0000.0187571330718749
+0000.0000421262681086,+0000.0000000000000000,+0000.0000000000000000,+0000.9811125733915502,+0000.0188453003403412
+0000.0000420224386591,+0000.0000000000000000,+0000.0000000000000000,+0000.9810244145835924,+0000.0189335629777486
