+0001.0000000000000000,+0000.0000000000000000,+0000.0000000000000000,+0000.0000000000000000,+0000.0000000000000000,+0000.0000000000000000,+0000.0000000000000000,+0000.0000000000000000,+0000.0000000000000000,+0000.0000000000000000,+0000.0000000000000000,+0000.0000000000000000
+0000.9999518096850695,+0000.0000240945043095,+0000.0000166812126168,+0000.0000000001451479,+0000.0000000005805778,+0000.0000000000000003,+0000.0000000000000043,+0000.0000000000000001,+0000.0000000000000013,+0000.0000074138722742,+0000.0000000000000000,+0000.0000000000000006
+0000.9998153447568253,+0000.0000963636989461,+0000.0000372180721895,+0000.0000000019485820,+0000.0000000092880448,+0000.0000000000000131,+0000.0000000000002414,+0000.0000000000000049,+0000.0000000000000887,+0000.0000510622350125,+0000.0000000000000030,+0000.0000000000000532
+0000.9996109343004517,+0000.0002167656654164,+0000.0000424522308457,+0000.0000000074188066,+0000.0000000470109956,+0000.0000000000000982,+0000.0000000000022000,+0000.0000000000000461,+0000.0000000000009989,+0000.0001297933692037,+0000.0000000000000438,+0000.0000000000009003
+0000.9993543371465523,+0000.0003852329916197,+0000.0000405128929930,+0000.0000000169399788,+0000.0000001485370130,+0000.0000000000003374,+0000.0000000000097305,+0000.0000000000001812,+0000.0000000000049554,+0000.0002197514698085,+0000.0000000000002673,+0000.0000000000065719
+0000.9990511486360024,+0000.0006016740973205,+0000.0000378073578224,+0000.0000000300776438,+0000.0000003625169553,+0000.0000000000007799,+0000.0000000000296443,+0000.0000000000004407,+0000.0000000000157216,+0000.0003089772377220,+0000.0000000000009598,+0000.0000000000289984
+0000.9987020675815704,+0000.0008659734840202,+0000.0000359221163633,+0000.0000000464984484,+0000.0000007514187544,+0000.0000000000014456,+0000.0000000000723660,+0000.0000000000008226,+0000.0000000000385528,+0000.0003952386922523,+0000.0000000000024741,+0000.0000000000929431
+0000.9983065608800258,+0000.0011779916623075,+0000.0000348613845948,+0000.0000000660845319,+0000.0000013914705961,+0000.0000000000023434,+0000.0000000001524223,+0000.0000000000013244,+0000.0000000000807089,+0000.0004791280349522,+0000.0000000000051631,+0000.0000000002410449
+0000.9978640554311182,+0000.0015375651172016,+0000.0000343642049490,+0000.0000000888365176,+0000.0000023725937442,+0000.0000000000034761,+0000.0000000002884379,+0000.0000000000019519,+0000.0000000001519033,+0000.0005615528217056,+0000.0000000000093722,+0000.0000000005396398
+0000.9973741772761362,+0000.0019445063495215,+0000.0000342094995153,+0000.0000001147990747,+0000.0000037983255746,+0000.0000000000048413,+0000.0000000005028276,+0000.0000000000027130,+0000.0000000002643557,+0000.0006431918749608,+0000.0000000000154480,+0000.0000000010850508
+0000.9968367381543197,+0000.0023986039685737,+0000.0000342510676810,+0000.0000001440255868,+0000.0000057857331009,+0000.0000000000064334,+0000.0000000008215079,+0000.0000000000036137,+0000.0000000004326446,+0000.0007244737531248,+0000.0000000000237406,+0000.0000000020096949
+0000.9962516806785848,+0000.0028996228161008,+0000.0000343999199129,+0000.0000001765648793,+0000.0000084653169678,+0000.0000000000082463,+0000.0000000012737616,+0000.0000000000046569,+0000.0000000006735860,+0000.0008056492209489,+0000.0000000000346003,+0000.0000000034877786
+0000.9956190324248961,+0000.0034473041109604,+0000.0000346038840231,+0000.0000002124577118,+0000.0000119809058086,+0000.0000000000102755,+0000.0000000018922128,+0000.0000000000058444,+0000.0000000010062116,+0000.0008868575129940,+0000.0000000000483758,+0000.0000000057407121
+0000.9949388752449884,+0000.0040413656097556,+0000.0000348330107143,+0000.0000002517369454,+0000.0000164895409382,+0000.0000000000125180,+0000.0000000027128280,+0000.0000000000071772,+0000.0000000014518132,+0000.0009681715645037,+0000.0000000000654131,+0000.0000000090424333
+0000.9942113264165742,+0000.0046815017814553,+0000.0000350703715878,+0000.0000002944287754,+0000.0000221613514385,+0000.0000000000149723,+0000.0000000037748934,+0000.0000000000086567,+0000.0000000020339989,+0000.0010496260068800,+0000.0000000000860570,+0000.0000000137247409
+0000.9934365275099575,+0000.0053673839952770,+0000.0000353065520122,+0000.0000003405540419,+0000.0000291794197373,+0000.0000000000176379,+0000.0000000051209625,+0000.0000000000102846,+0000.0000000027787283,+0000.0011312337481022,+0000.0000000001106516,+0000.0000000201826397
+0000.9926146379360825,+0000.0060986607215943,+0000.0000355364378935,+0000.0000003901293140,+0000.0000377396377925,+0000.0000000000205148,+0000.0000000067967871,+0000.0000000000120625,+0000.0000000037143217,+0000.0012129955744686,+0000.0000000001395416,+0000.0000000288796616
+0000.9917458312367711,+0000.0068749577457998,+0000.0000357573649903,+0000.0000004431677072,+0000.0000480505539851,+0000.0000000000236030,+0000.0000000088512469,+0000.0000000000139922,+0000.0000000048714508,+0000.0012949056442954,+0000.0000000001730726,+0000.0000000403531228
+0000.9908302929520172,+0000.0076958783950853,+0000.0000359680594611,+0000.0000004996794752,+0000.0000603332108180,+0000.0000000000269025,+0000.0000000113362847,+0000.0000000000160754,+0000.0000000062831219,+0000.0013769546099073,+0000.0000000002115911,+0000.0000000552192995
+0000.9898682193855916,+0000.0085610037780926,+0000.0000361680324980,+0000.0000005596724337,+0000.0000748209735196,+0000.0000000000304133,+0000.0000000143068472,+0000.0000000000183138,+0000.0000000079846569,+0000.0014591313837133,+0000.0000000002554447,+0000.0000000741785167
+0000.9888598168797985,+0000.0094698930373611,+0000.0000363572341558,+0000.0000006231522656,+0000.0000917593496532,+0000.0000000000341351,+0000.0000000178208315,+0000.0000000000207086,+0000.0000000100136755,+0000.0015414241323240,+0000.0000000003049819,+0000.0000000980201531
+0000.9878053013779701,+0000.0104220836144745,+0000.0000365358549643,+0000.0000006901227442,+0000.0001114057998414,+0000.0000000000380678,+0000.0000000219390312,+0000.0000000000232610,+0000.0000000124100767,+0000.0016238208314984,+0000.0000000003605514,+0000.0000001276275649
+0000.9867048981490062,+0000.0114170915277867,+0000.0000367042119613,+0000.0000007605859017,+0000.0001340295397230,+0000.0000000000422108,+0000.0000000267250834,+0000.0000000000259722,+0000.0000000152160213,+0000.0017063095709470,+0000.0000000004225026,+0000.0000001639829319
+0000.9855588416025464,+0000.0124544116625892,+0000.0000368626831484,+0000.0000008345421581,+0000.0001599113332661,+0000.0000000000465638,+0000.0000000322454124,+0000.0000000000288431,+0000.0000000184759112,+0000.0017888787164036,+0000.0000000004911846,+0000.0000002081720234
+0000.9843673751540667,+0000.0135335180735685,+0000.0000370116698798,+0000.0000009119904250,+0000.0001893432775661,+0000.0000000000511262,+0000.0000000385691716,+0000.0000000000318745,+0000.0000000222363672,+0000.0018715169901780,+0000.0000000005669468,+0000.0000002613888820
+0000.9831307511165929,+0000.0146538642993874,+0000.0000371515754668,+0000.0000009929281900,+0000.0002226285792658,+0000.0000000000558974,+0000.0000000457681841,+0000.0000000000350670,+0000.0000000265462037,+0000.0019542135052400,+0000.0000000006501380,+0000.0000003249404214
+0000.9818492306056223,+0000.0158148836892165,+0000.0000372827932581,+0000.0000010773515871,+0000.0002600813227357,+0000.0000000000608768,+0000.0000000539168797,+0000.0000000000384212,+0000.0000000314564016,+0000.0020369577730163,+0000.0000000007411069,+0000.0000004002509342
+0000.9805230834495143,+0000.0170159897410304,+0000.0000374057002870,+0000.0000011652554579,+0000.0003020262301624,+0000.0000000000660637,+0000.0000000630922319,+0000.0000000000419378,+0000.0000000370200779,+0000.0021197396965871,+0000.0000000008402015,+0000.0000004888665066
+0000.9791525881008809,+0000.0182565764514764,+0000.0000375206541970,+0000.0000012566334039,+0000.0003487984136924,+0000.0000000000714573,+0000.0000000733736918,+0000.0000000000456170,+0000.0000000432924538,+0000.0022025495560850,+0000.0000000009477695,+0000.0000005924593359
+0000.9777380315464042,+0000.0195360186771147,+0000.0000376279920971,+0000.0000013514778332,+0000.0004007431197878,+0000.0000000000770569,+0000.0000000848431221,+0000.0000000000494592,+0000.0000000503308201,+0000.0022853779902626,+0000.0000000010641573,+0000.0000007128319477
+0000.9762797092136279,+0000.0208536725068209,+0000.0000377280305411,+0000.0000014497800025,+0000.0004582154659537,+0000.0000000000828615,+0000.0000000975847286,+0000.0000000000534647,+0000.0000000581945015,+0000.0023682159765416,+0000.0000000011897109,+0000.0000008519213103
+0000.9747779248739263,+0000.0222088756451377,+0000.0000378210661465,+0000.0000015515300542,+0000.0005215801699991,+0000.0000000000888702,+0000.0000001116849904,+0000.0000000000576337,+0000.0000000669448179,+0000.0024510548108740,+0000.0000000013247751,+0000.0000010118028424
+0000.9732329905412429,+0000.0236009478063512,+0000.0000379073765627,+0000.0000016567170509,+0000.0005912112720034,+0000.0000000000950821,+0000.0000001272325893,+0000.0000000000619662,+0000.0000000766450446,+0000.0025338860881701,+0000.0000000014696937,+0000.0000011946943126
+0000.9716452263664325,+0000.0250291911190645,+0000.0000379872216093,+0000.0000017653290069,+0000.0006674918491584,+0000.0000000001014961,+0000.0000001443183371,+0000.0000000000664624,+0000.0000000873603712,+0000.0026167016836974,+0000.0000000016248092,+0000.0000014029596270
+0000.9700149605271747,+0000.0264928905410343,+0000.0000380608444784,+0000.0000018773529168,+0000.0007508137236651,+0000.0000000001081112,+0000.0000001630351021,+0000.0000000000711221,+0000.0000000991578573,+0000.0026994937356471,+0000.0000000017904628,+0000.0000016391125021
+0000.9683425291135093,+0000.0279913142840271,+0000.0000381284729364,+0000.0000019927747826,+0000.0008415771638672,+0000.0000000001149263,+0000.0000001834777339,+0000.0000000000759454,+0000.0000001121063878,+0000.0027822546289442,+0000.0000000019669946,+0000.0000019058200217
+0000.9666282760090953,+0000.0295237142484499,+0000.0000381903204884,+0000.0000021115796386,+0000.0009401905788061,+0000.0000000001219402,+0000.0000002057429868,+0000.0000000000809320,+0000.0000001262766263,+0000.0028649769802987,+0000.0000000021547428,+0000.0000022059060731
+0000.9648725527683244,+0000.0310893264675013,+0000.0000382465874837,+0000.0000022337515751,+0000.0010470702063879,+0000.0000000001291516,+0000.0000002299294427,+0000.0000000000860818,+0000.0000001417409666,+0000.0029476536244586,+0000.0000000023540442,+0000.0000025423546624
+0000.9630757184894232,+0000.0326873715605853,+0000.0000382974621520,+0000.0000023592737601,+0000.0011626397953571,+0000.0000000001365593,+0000.0000002561374313,+0000.0000000000913945,+0000.0000001585734826,+0000.0030302776015991,+0000.0000000025652340,+0000.0000029183131039
+0000.9612381396837002,+0000.0343170551957230,+0000.0000383431215670,+0000.0000024881284609,+0000.0012873302812727,+0000.0000000001441621,+0000.0000002844689505,+0000.0000000000968697,+0000.0000001768498770,+0000.0031128421457722,+0000.0000000027886456,+0000.0000033370950838
+0000.9593601901410821,+0000.0359775685606924,+0000.0000383837325364,+0000.0000026202970633,+0000.0014215794566899,+0000.0000000001519586,+0000.0000003150275851,+0000.0000000001025072,+0000.0000001966474287,+0000.0031953406743390,+0000.0000000030246106,+0000.0000038021835939
+0000.9574422507920910,+0000.0376680888426243,+0000.0000384194524210,+0000.0000027557600910,+0000.0015658316357517,+0000.0000000001599473,+0000.0000003479184236,+0000.0000000001083063,+0000.0000002180449378,+0000.0032777667783028,+0000.0000000032734584,+0000.0000043172337339
+0000.9554847095664053,+0000.0393877797157719,+0000.0000384504298862,+0000.0000028944972233,+0000.0017205373133984,+0000.0000000001681269,+0000.0000003832479754,+0000.0000000001142668,+0000.0000002411226708,+0000.0033601142134694,+0000.0000000035355167,+0000.0000048860753804
+0000.9534879612481482,+0000.0411357918371715,+0000.0000384768055907,+0000.0000030364873133,+0000.0018861528194067,+0000.0000000001764959,+0000.0000004211240857,+0000.0000000001203879,+0000.0000002659623025,+0000.0034423768923612,+0000.0000000038111109,+0000.0000055127157192
+0000.9514524073280410,+0000.0429112633499064,+0000.0000384987128165,+0000.0000031817084037,+0000.0020631399674742,+0000.0000000001850528,+0000.0000004616558501,+0000.0000000001266692,+0000.0000002926468587,+0000.0035245488768179,+0000.0000000041005645,+0000.0000062013416409
+0000.9493784558525578,+0000.0447133203936793,+0000.0000385162780448,+0000.0000033301377438,+0000.0022519656995655,+0000.0000000001937961,+0000.0000005049535276,+0000.0000000001331100,+0000.0000003212606558,+0000.0036066243712231,+0000.0000000044041985,+0000.0000069563219959
+0000.9472665212702069,+0000.0465410776223960,+0000.0000385296214824,+0000.0000034817518051,+0000.0024531017257435,+0000.0000000002027240,+0000.0000005511284535,+0000.0000000001397097,+0000.0000003518892403,+0000.0036885977162994,+0000.0000000047223316,+0000.0000077822097079
+0000.9451170242750722,+0000.0483936387284605,+0000.0000385388575432,+0000.0000036365262960,+0000.0026670241597060,+0000.0000000002118351,+0000.0000006002929507,+0000.0000000001464674,+0000.0000003846193271,+0000.0037704633834196,+0000.0000000050552801,+0000.0000086837437446
+0000.9429303916477312,+0000.0502700969734747,+0000.0000385440952877,+0000.0000037944361776,+0000.0028942131502572,+0000.0000000002211277,+0000.0000006525602405,+0000.0000000001533824,+0000.0000004195387361,+0000.0038522159693888,+0000.0000000054033579,+0000.0000096658509429
+0000.9407070560936771,+0000.0521695357250336,+0000.0000385454388261,+0000.0000039554556776,+0000.0031351525089416,+0000.0000000002306000,+0000.0000007080443528,+0000.0000000001604539,+0000.0000004567363278,+0000.0039338501916525,+0000.0000000057668764,+0000.0000107336476871
+0000.9384474560793588,+0000.0540910289993053,+0000.0000385429876853,+0000.0000041195583049,+0000.0033903293340716,+0000.0000000002402503,+0000.0000007668600354,+0000.0000000001676810,+0000.0000004963019389,+0000.0040153608838933,+0000.0000000061461443,+0000.0000118924414397
+0000.9361520356659534,+0000.0560336420090769,+0000.0000385368371469,+0000.0000042867168634,+0000.0036602336313824,+0000.0000000002500768,+0000.0000008291226622,+0000.0000000001750629,+0000.0000005383263154,+0000.0040967429919811,+0000.0000000065414675,+0000.0000131477321221
+0000.9338212443409891,+0000.0579964317169506,+0000.0000385270785551,+0000.0000044569034657,+0000.0039453579315509,+0000.0000000002600778,+0000.0000008949481417,+0000.0000000001825985,+0000.0000005829010459,+0000.0041779915702438,+0000.0000000069531494,+0000.0000145052133446
+0000.9314555368479270,+0000.0599784473933653,+0000.0000385137995999,+0000.0000046300895470,+0000.0042461969048149,+0000.0000000002702514,+0000.0000009644528246,+0000.0000000001902869,+0000.0000006301184933,+0000.0042591017780309,+0000.0000000073814903,+0000.0000159707734840
+0000.9290553730138105,+0000.0619787311791204,+0000.0000384970845767,+0000.0000048062458779,+0000.0045632469729336,+0000.0000000002805957,+0000.0000010377534099,+0000.0000000001981270,+0000.0000006800717263,+0000.0043400688765435,+0000.0000000078267879,+0000.0000175504966085
+0000.9266212175750945,+0000.0639963186520740,+0000.0000384770146238,+0000.0000049853425780,+0000.0048970059187304,+0000.0000000002911087,+0000.0000011149668525,+0000.0000000002061178,+0000.0000007328544496,+0000.0044208882259066,+0000.0000000082893368,+0000.0000192506632474
+0000.9241535400017606,+0000.0660302393976853,+0000.0000384536679418,+0000.0000051673491290,+0000.0052479724934594,+0000.0000000003017887,+0000.0000011962102686,+0000.0000000002142581,+0000.0000007885609334,+0000.0045015552824628,+0000.0000000087694285,+0000.0000210777510061
+0000.9216528143198208,+0000.0680795175830703,+0000.0000384271199940,+0000.0000053522343872,+0000.0056166460222432,+0000.0000000003126335,+0000.0000012816008417,+0000.0000000002225469,+0000.0000008472859427,+0000.0045820655962679,+0000.0000000092673516,+0000.0000230384350249
+0000.9191195189323197,+0000.0701431725342348,+0000.0000383974436917,+0000.0000055399665967,+0000.0060035260078247,+0000.0000000003236411,+0000.0000013712557281,+0000.0000000002309828,+0000.0000009091246650,+0000.0046624148087699,+0000.0000000097833915,+0000.0000251395882807
+0000.9165541364389383,+0000.0722202193161516,+0000.0000383647095638,+0000.0000057305134019,+0000.0064091117328808,+0000.0000000003348097,+0000.0000014652919622,+0000.0000000002395648,+0000.0000009741726384,+0000.0047425986506564,+0000.0000000103178304,+0000.0000273882817310
+0000.9139571534542986,+0000.0743096693153414,+0000.0000383289859138,+0000.0000059238418602,+0000.0068339018611464,+0000.0000000003461369,+0000.0000015638263616,+0000.0000000002482915,+0000.0000010425256784,+0000.0048226129398552,+0000.0000000108709472,+0000.0000297917843000
+0000.9113290604250796,+0000.0764105308246208,+0000.0000382903389640,+0000.0000061199184548,+0000.0072783940375972,+0000.0000000003576209,+0000.0000016669754320,+0000.0000000002571616,+0000.0000011142798047,+0000.0049024535796747,+0000.0000000114430176,+0000.0000323575627061
+0000.9086703514460377,+0000.0785218096296752,+0000.0000382488329887,+0000.0000063187091066,+0000.0077430844879394,+0000.0000000003692594,+0000.0000017748552723,+0000.0000000002661738,+0000.0000011895311670,+0000.0049821165570724,+0000.0000000120343139,+0000.0000350932811298
+0000.9059815240750430,+0000.0806425095971179,+0000.0000382045304364,+0000.0000065201791874,+0000.0082284676176588,+0000.0000000003810503,+0000.0000018875814796,+0000.0000000002753268,+0000.0000012683759710,+0000.0050615979410395,+0000.0000000126451050,+0000.0000380068007229
+0000.9032630791472224,+0000.0827716332636901,+0000.0000381574920438,+0000.0000067242935318,+0000.0087350356108775,+0000.0000000003929914,+0000.0000020052690537,+0000.0000000002846192,+0000.0000013509104036,+0000.0051408938810935,+0000.0000000132756563,+0000.0000411061789581
+0000.9005155205883173,+0000.0849081824262615,+0000.0000381077769400,+0000.0000069310164497,+0000.0092632780292700,+0000.0000000004050805,+0000.0000021280323029,+0000.0000000002940494,+0000.0000014372305578,+0000.0052200006058662,+0000.0000000139262295,+0000.0000443996688184
+0000.8977393552273549,+0000.0870511587322873,+0000.0000380554427431,+0000.0000071403117387,+0000.0098136814112897,+0000.0000000004173153,+0000.0000022559847488,+0000.0000000003036161,+0000.0000015274323574,+0000.0052989144217826,+0000.0000000145970832,+0000.0000478957178281
+0000.8949350926087271,+0000.0891995642703776,+0000.0000380005456500,+0000.0000073521426965,+0000.0103867288719558,+0000.0000000004296937,+0000.0000023892390323,+0000.0000000003133178,+0000.0000016216114818,+0000.0053776317118198,+0000.0000000152884719,+0000.0000516029669232
+0000.8921032448037849,+0000.0913524021606365,+0000.0000379431405181,+0000.0000075664721328,+0000.0109828997034523,+0000.0000000004422133,+0000.0000025279068188,+0000.0000000003231529,+0000.0000017198632900,+0000.0054561489343406,+0000.0000000160006467,+0000.0000555302491631
+0000.8892443262220372,+0000.0935086771444265,+0000.0000378832809427,+0000.0000077832623824,+0000.0116026689767893,+0000.0000000004548718,+0000.0000026720987048,+0000.0000000003331199,+0000.0000018222827448,+0000.0055344626219941,+0000.0000000167338549,+0000.0000596865882834
+0000.8863588534220646,+0000.0956673961732159,+0000.0000378210193267,+0000.0000080024753164,+0000.0122465071447754,+0000.0000000004676669,+0000.0000028219241245,+0000.0000000003432172,+0000.0000019289643374,+0000.0056125693806790,+0000.0000000174883400,+0000.0000640811970900
+0000.8834473449222302,+0000.0978275689961661,+0000.0000377564069468,+0000.0000082240723555,+0000.0129148796465522,+0000.0000000004805962,+0000.0000029774912566,+0000.0000000003534432,+0000.0000020400020109,+0000.0056904658885620,+0000.0000000182643419,+0000.0000687234756950
+0000.8805103210112987,+0000.0999882087461157,+0000.0000376894940135,+0000.0000084480144816,+0000.0136082465139388,+0000.0000000004936574,+0000.0000031389069320,+0000.0000000003637963,+0000.0000021554890847,+0000.0057681488951479,+0000.0000000190620963,+0000.0000736230095960
+0000.8775483035590543,+0000.1021483325236231,+0000.0000376203297272,+0000.0000086742622502,+0000.0143270619798338,+0000.0000000005068480,+0000.0000033062765420,+0000.0000000003742748,+0000.0000022755181786,+0000.0058456152203962,+0000.0000000198818353,+0000.0000787895675976
+0000.8745618158270132,+0000.1043069619787243,+0000.0000375489623305,+0000.0000089027758029,+0000.0150717740889214,+0000.0000000005201657,+0000.0000034797039469,+0000.0000000003848769,+0000.0000024001811374,+0000.0059228617538798,+0000.0000000207237870,+0000.0000842330995776
+0000.8715513822793273,+0000.1064631238900699,+0000.0000374754391554,+0000.0000091335148793,+0000.0158428243109282,+0000.0000000005336080,+0000.0000036592913856,+0000.0000000003956010,+0000.0000025295689550,+0000.0059998854539823,+0000.0000000215881755,+0000.0000899637340983
+0000.8685175283939770,+0000.1086158507411024,+0000.0000373998066687,+0000.0000093664388298,+0000.0166406471566733,+0000.0000000005471724,+0000.0000038451393855,+0000.0000000004064454,+0000.0000026637716993,+0000.0060766833471295,+0000.0000000224752208,+0000.0000959917758636
+0000.8654607804743439,+0000.1107641812929396,+0000.0000373221105124,+0000.0000096015066271,+0000.0174656697971563,+0000.0000000005608564,+0000.0000040373466742,+0000.0000000004174082,+0000.0000028028784372,+0000.0061532525270527,+0000.0000000233851390,+0000.0001023277030229
+0000.8623816654612588,+0000.1129071611536287,+0000.0000372423955421,+0000.0000098386768792,+0000.0183183116859219,+0000.0000000005746576,+0000.0000042360100907,+0000.0000000004284877,+0000.0000029469771598,+0000.0062295901540802,+0000.0000000243181421,+0000.0001089821643236
+0000.8592807107456191,+0000.1150438433434410,+0000.0000371607058626,+0000.0000100779078411,+0000.0191989841849434,+0000.0000000005885735,+0000.0000044412244982,+0000.0000000004396821,+0000.0000030961547081,+0000.0063056934544539,+0000.0000000252744378,+0000.0001159659761134
+0000.8561584439816698,+0000.1171732888558776,+0000.0000370770848600,+0000.0000103191574277,+0000.0201080901942603,+0000.0000000006026015,+0000.0000046530826986,+0000.0000000004509895,+0000.0000032504966989,+0000.0063815597196696,+0000.0000000262542300,+0000.0001232901191931
+0000.8530153929010355,+0000.1192945672140588,+0000.0000369915752320,+0000.0000105623832253,+0000.0210460237856060,+0000.0000000006167391,+0000.0000048716753461,+0000.0000000004624080,+0000.0000034100874516,+0000.0064571863058366,+0000.0000000272577180,+0000.0001309657355216
+0000.8498520851275992,+0000.1214067570221724,+0000.0000369042190164,+0000.0000108075425045,+0000.0220131698402605,+0000.0000000006309836,+0000.0000050970908643,+0000.0000000004739358,+0000.0000035750099150,+0000.0065325706330561,+0000.0000000282850972,+0000.0001390041247758
+0000.8466690479933182,+0000.1235089465116605,+0000.0000368150576159,+0000.0000110545922324,+0000.0230099036913564,+0000.0000000006453326,+0000.0000053294153621,+0000.0000000004855709,+0000.0000037453455950,+0000.0066077101848156,+0000.0000000293365586,+0000.0001474167407651
+0000.8434668083550629,+0000.1256002340818256,+0000.0000367241318230,+0000.0000113034890846,+0000.0240365907708689,+0000.0000000006597835,+0000.0000055687325525,+0000.0000000004973115,+0000.0000039211744826,+0000.0066826025073977,+0000.0000000304122889,+0000.0001562151877039
+0000.8402458924125739,+0000.1276797288345410,+0000.0000366314818412,+0000.0000115541894576,+0000.0250935862615157,+0000.0000000006743335,+0000.0000058151236719,+0000.0000000005091556,+0000.0000041025749829,+0000.0067572452093006,+0000.0000000315124706,+0000.0001654112163432
+0000.8370068255276193,+0000.1297465511027530,+0000.0000365371473058,+0000.0000118066494812,+0000.0261812347537886,+0000.0000000006889802,+0000.0000060686674003,+0000.0000000005211013,+0000.0000042896238447,+0000.0068316359606706,+0000.0000000326372818,+0000.0001750167199632
+0000.8337501320444443,+0000.1317998329724661,+0000.0000364411673026,+0000.0000120608250306,+0000.0272998699083389,+0000.0000000007037209,+0000.0000063294397842,+0000.0000000005331464,+0000.0000044823960905,+0000.0069057724927422,+0000.0000000337868962,+0000.0001850437302293
+0000.8304763351115955,+0000.1338387187979085,+0000.0000363435803848,+0000.0000123166717390,+0000.0284498141239331,+0000.0000000007185530,+0000.0000065975141590,+0000.0000000005452892,+0000.0000046809649475,+0000.0069796525972881,+0000.0000000349614833,+0000.0001955044129132
+0000.8271859565052093,+0000.1358623657095739,+0000.0000362444245895,+0000.0000125741450094,+0000.0296313782111946,+0000.0000000007334737,+0000.0000068729610746,+0000.0000000005575274,+0000.0000048854017800,+0000.0070532741260742,+0000.0000000361612080,+0000.0002064110634816
+0000.8238795164538455,+0000.1378699441148454,+0000.0000361437374517,+0000.0000128332000272,+0000.0308448610723406,+0000.0000000007484805,+0000.0000071558482211,+0000.0000000005698592,+0000.0000050957760214,+0000.0071266349903206,+0000.0000000373862308,+0000.0002177761025545
+0000.8205575334649494,+0000.1398606381909067,+0000.0000360415560181,+0000.0000130937917724,+0000.0320905493871244,+0000.0000000007635707,+0000.0000074462403572,+0000.0000000005822824,+0000.0000053121551085,+0000.0071997331601674,+0000.0000000386367079,+0000.0002296120712357
+0000.8172205241530288,+0000.1418336463696545,+0000.0000359379168592,+0000.0000133558750318,+0000.0333687173051857,+0000.0000000007787415,+0000.0000077441992392,+0000.0000000005947950,+0000.0000055346044156,+0000.0072725666641431,+0000.0000000399127908,+0000.0002419316263181
+0000.8138690030696214,+0000.1437881818143261,+0000.0000358328560809,+0000.0000136194044111,+0000.0346796261450105,+0000.0000000007939904,+0000.0000080497835519,+0000.0000000006073948,+0000.0000057631871905,+0000.0073451335886356,+0000.0000000412146268,+0000.0002547475353654
+0000.8105034825351364,+0000.1457234728875654,+0000.0000357264093344,+0000.0000138843343473,+0000.0360235240996984,+0000.0000000008093145,+0000.0000083630488419,+0000.0000000006200799,+0000.0000059979644912,+0000.0074174320773655,+0000.0000000425423584,+0000.0002680726716744
+0000.8071244724726477,+0000.1476387636106507,+0000.0000356186118258,+0000.0000141506191209,+0000.0374006459497292,+0000.0000000008247113,+0000.0000086840474513,+0000.0000000006328481,+0000.0000062389951232,+0000.0074894603308589,+0000.0000000438961237,+0000.0002819200091190
+0000.8037324802437169,+0000.1495333141136178,+0000.0000355094983249,+0000.0000144182128682,+0000.0388112127829191,+0000.0000000008401780,+0000.0000090128284544,+0000.0000000006456973,+0000.0000064863355787,+0000.0075612166059216,+0000.0000000452760564,+0000.0002963026168793
+0000.8003280104863200,+0000.1514064010760120,+0000.0000353991031724,+0000.0000146870695928,+0000.0402554317217523,+0000.0000000008557118,+0000.0000093494375951,+0000.0000000006586253,+0000.0000067400399769,+0000.0076326992151115,+0000.0000000466822854,+0000.0003112336540594
+0000.7969115649549576,+0000.1532573181580118,+0000.0000352874602877,+0000.0000149571431786,+0000.0417334956582676,+0000.0000000008713102,+0000.0000096939172271,+0000.0000000006716300,+0000.0000070001600047,+0000.0077039065262110,+0000.0000000481149353,+0000.0003267263641951
+0000.7934836423630178,+0000.1550853764216713,+0000.0000351746031748,+0000.0000152283874016,+0000.0432455829966796,+0000.0000000008869703,+0000.0000100463062556,+0000.0000000006847092,+0000.0000072667448597,+0000.0077748369616968,+0000.0000000495741260,+0000.0003427940696564
+0000.7900447382274658,+0000.1568899047420318,+0000.0000350605649283,+0000.0000155007559415,+0000.0447918574039035,+0000.0000000009026894,+0000.0000104066400803,+0000.0000000006978608,+0000.0000075398411937,+0000.0078454889982077,+0000.0000000510599727,+0000.0003594501659458
+0000.7865953447159297,+0000.1586702502078637,+0000.0000349453782383,+0000.0000157742023945,+0000.0463724675681556,+0000.0000000009184648,+0000.0000107749505414,+0000.0000000007110826,+0000.0000078194930578,+0000.0079158611660104,+0000.0000000525725863,+0000.0003767081158980
+0000.7831359504962567,+0000.1604257785118002,+0000.0000348290753956,+0000.0000160486802849,+0000.0479875469657898,+0000.0000000009342938,+0000.0000111512658671,+0000.0000000007243725,+0000.0000081057418493,+0000.0079859520484613,+0000.0000000541120727,+0000.0003945814437816
+0000.7796670405886006,+0000.1621558743296338,+0000.0000347116882951,+0000.0000163241430772,+0000.0496372136365306,+0000.0000000009501737,+0000.0000115356106226,+0000.0000000007377281,+0000.0000083986262591,+0000.0080557602814651,+0000.0000000556785336,+0000.0004130837293079
+0000.7761890962201131,+0000.1638599416885526,+0000.0000345932484402,+0000.0000166005441879,+0000.0513215699672573,+0000.0000000009661016,+0000.0000119280056625,+0000.0000000007511474,+0000.0000086981822211,+0000.0081252845529307,+0000.0000000572720659,+0000.0004322286015494
+0000.7727025946822996,+0000.1655374043240980,+0000.0000344737869456,+0000.0000168778369976,+0000.0530407024844865,+0000.0000000009820750,+0000.0000123284680837,+0000.0000000007646281,+0000.0000090044428631,+0000.0081945236022214,+0000.0000000588927619,+0000.0004520297327714
+0000.7692080091911068,+0000.1671877060256329,+0000.0000343533345401,+0000.0000171559748627,+0000.0547946816557000,+0000.0000000009980910,+0000.0000127370111814,+0000.0000000007781679,+0000.0000093174384592,+0000.0082634762196025,+0000.0000000605407093,+0000.0004725008321801
+0000.7657058087498004,+0000.1688103109701161,+0000.0000342319215696,+0000.0000174349111274,+0000.0565835616996551,+0000.0000000010141470,+0000.0000131536444073,+0000.0000000007917648,+0000.0000096371963833,+0000.0083321412456832,+0000.0000000622159910,+0000.0004936556395910
+0000.7621964580146952,+0000.1704047040439844,+0000.0000341095779987,+0000.0000177145991354,+0000.0584073804058134,+0000.0000000010302402,+0000.0000135783733294,+0000.0000000008054163,+0000.0000099637410645,+0000.0084005175708545,+0000.0000000639186857,+0000.0005155079190208
+0000.7586804171637950,+0000.1719703911529532,+0000.0000339863334126,+0000.0000179949922413,+0000.0602661589630154,+0000.0000000010463678,+0000.0000140111995945,+0000.0000000008191204,+0000.0000102970939445,+0000.0084686041347220,+0000.0000000656488670,+0000.0005380714522067
+0000.7551581417684010,+0000.1735068995195481,+0000.0000338622170190,+0000.0000182760438228,+0000.0621599017975267,+0000.0000000010625272,+0000.0000144521208927,+0000.0000000008328748,+0000.0000106372734357,+0000.0085363999255344,+0000.0000000674066042,+0000.0005613600320562
+0000.7516300826677402,+0000.1750137779681934,+0000.0000337372576491,+0000.0000185577072921,+0000.0640885964205719,+0000.0000000010787157,+0000.0000149011309242,+0000.0000000008466772,+0000.0000109842948816,+0000.0086039039796056,+0000.0000000691919620,+0000.0005853874560322
+0000.7480966858466724,+0000.1764905971976846,+0000.0000336114837586,+0000.0000188399361072,+0000.0660522132854720,+0000.0000000010949306,+0000.0000153582193684,+0000.0000000008605253,+0000.0000113381705187,+0000.0086711153807335,+0000.0000000710050002,+0000.0006101675194758
+0000.7445583923165229,+0000.1779369500408846,+0000.0000334849234287,+0000.0000191226837837,+0000.0680507056544898,+0000.0000000011111691,+0000.0000158233718554,+0000.0000000008744170,+0000.0000116989094405,+0000.0087380332596122,+0000.0000000728457743,+0000.0006357140088715
+0000.7410156379990916,+0000.1793524517114853,+0000.0000333576043667,+0000.0000194059039061,+0000.0700840094754881,+0000.0000000011274285,+0000.0000162965699398,+0000.0000000008883500,+0000.0000120665175624,+0000.0088046567932397,+0000.0000000747143350,+0000.0006620406950584
+0000.7374688536138909,+0000.1807367400376877,+0000.0000332295539063,+0000.0000196895501392,+0000.0721520432684957,+0000.0000000011437062,+0000.0000167777910766,+0000.0000000009023221,+0000.0000124409975891,+0000.0088709852043202,+0000.0000000766107285,+0000.0006891613263914
+0000.7339184645686521,+0000.1820894756826577,+0000.0000331007990081,+0000.0000199735762394,+0000.0742547080222714,+0000.0000000011599994,+0000.0000172670085998,+0000.0000000009163309,+0000.0000128223489834,+0000.0089370177606612,+0000.0000000785349964,+0000.0007170896218561
+0000.7303648908531486,+0000.1834103423516277,+0000.0000329713662598,+0000.0000202579360657,+0000.0763918871009529,+0000.0000000011763056,+0000.0000177641917035,+0000.0000000009303742,+0000.0000132105679371,+0000.0090027537745659,+0000.0000000804871757,+0000.0007458392641412
+0000.7268085469363800,+0000.1846990469855134,+0000.0000328412818758,+0000.0000205425835912,+0000.0785634461608682,+0000.0000000011926220,+0000.0000182693054247,+0000.0000000009444499,+0000.0000136056473436,+0000.0090681926022196,+0000.0000000824672989,+0000.0007754238926729
+0000.7232498416671516,+0000.1859553199409316,+0000.0000327105716977,+0000.0000208274729140,+0000.0807692330775834,+0000.0000000012089459,+0000.0000187823106293,+0000.0000000009585556,+0000.0000140075767721,+0000.0091333336430720,+0000.0000000844753939,+0000.0008058570966153
+0000.7196891781780964,+0000.1871789151565054,+0000.0000325792611937,+0000.0000211125582681,+0000.0830090778832548,+0000.0000000012252748,+0000.0000193031640005,+0000.0000000009726890,+0000.0000144163424440,+0000.0091981763392139,+0000.0000000865114841,+0000.0008371524078400
+0000.7161269537931687,+0000.1883696103053567,+0000.0000324473754585,+0000.0000213977940344,+0000.0852827927143471,+0000.0000000012416060,+0000.0000198318180286,+0000.0000000009868480,+0000.0000148319272114,+0000.0092627201747494,+0000.0000000885755882,+0000.0008693232938700
+0000.7125635599386493,+0000.1895272069336891,+0000.0000323149392130,+0000.0000216831347514,+0000.0875901717697722,+0000.0000000012579368,+0000.0000203682210048,+0000.0000000010010304,+0000.0000152543105365,+0000.0093269646751631,+0000.0000000906677206,+0000.0009023831508015
+0000.7089993820576931,+0000.1906515305853756,+0000.0000321819768041,+0000.0000219685351263,+0000.0899309912795001,+0000.0000000012742647,+0000.0000209123170166,+0000.0000000010152337,+0000.0000156834684746,+0000.0093909094066830,+0000.0000000927878912,+0000.0009363452962081
+0000.7054347995284505,+0000.1917424309124704,+0000.0000320485122039,+0000.0000222539500452,+0000.0923050094836838,+0000.0000000012905871,+0000.0000214640459452,+0000.0000000010294559,+0000.0000161193736573,+0000.0094545539756384,+0000.0000000949361052,+0000.0009712229620305
+0000.7018701855857917,+0000.1927997817715763,+0000.0000319145690095,+0000.0000225393345837,+0000.0947119666223374,+0000.0000000013069012,+0000.0000220233434668,+0000.0000000010436947,+0000.0000165619952786,+0000.0095178980278140,+0000.0000000971123636,+0000.0010070292874577
+0000.6983059072466612,+0000.1938234813060030,+0000.0000317801704424,+0000.0000228246440178,+0000.0971515849355981,+0000.0000000013232047,+0000.0000225901410551,+0000.0000000010579478,+0000.0000170112990833,+0000.0095809412477995,+0000.0000000993166629,+0000.0010437773118016
+0000.6947423252390863,+0000.1948134520136605,+0000.0000316453393484,+0000.0000231098338338,+0000.0996235686745979,+0000.0000000013394949,+0000.0000231643659865,+0000.0000000010722131,+0000.0000174672473561,+0000.0096436833583353,+0000.0000001015489950,+0000.0010814799673717
+0000.6911797939348647,+0000.1957696408006441,+0000.0000315100981966,+0000.0000233948597385,+0000.1021276041229640,+0000.0000000013557692,+0000.0000237459413488,+0000.0000000010864883,+0000.0000179297989142,+0000.0097061241196544,+0000.0000001038093475,+0000.0011201500723515
+0000.6876186612859490,+0000.1966920190204689,+0000.0000313744690793,+0000.0000236796776698,+0000.1046633596289615,+0000.0000000013720252,+0000.0000243347860510,+0000.0000000011007713,+0000.0000183989091009,+0000.0097682633288202,+0000.0000001060977038,+0000.0011598003236831
+0000.6840592687645514,+0000.1975805824989252,+0000.0000312384737113,+0000.0000239642438065,+0000.1072304856482858,+0000.0000000013882603,+0000.0000249308148365,+0000.0000000011150597,+0000.0000188745297815,+0000.0098301008190620,+0000.0000001084140427,+0000.0012004432899630
+0000.6805019513069821,+0000.1984353515445322,+0000.0000311021334298,+0000.0000242485145783,+0000.1098286147975050,+0000.0000000014044720,+0000.0000255339382983,+0000.0000000011293515,+0000.0000193566093412,+0000.0098916364591057,+0000.0000001107583387,+0000.0012420914043532
+0000.6769470372612355,+0000.1992563709445759,+0000.0000309654691938,+0000.0000245324466753,+0000.1124573619181471,+0000.0000000014206579,+0000.0000261440628975,+0000.0000000011436444,+0000.0000198450926853,+0000.0099528701525031,+0000.0000001131305622,+0000.0012847569575121
+0000.6733948483383418,+0000.2000437099467249,+0000.0000308285015837,+0000.0000248159970583,+0000.1151163241514212,+0000.0000000014368154,+0000.0000267610909831,+0000.0000000011579362,+0000.0000203399212409,+0000.0100138018369568,+0000.0000001155306791,+0000.0013284520905506
+0000.6698456995674895,+0000.2007974622262265,+0000.0000306912508012,+0000.0000250991229682,+0000.1178050810235552,+0000.0000000014529422,+0000.0000273849208151,+0000.0000000011722249,+0000.0000208410329613,+0000.0100744314836443,+0000.0000001179586512,+0000.0013731887880149
+0000.6662998992549303,+0000.2015177458386949,+0000.0000305537366690,+0000.0000253817819351,+0000.1205231945417254,+0000.0000000014690357,+0000.0000280154465899,+0000.0000000011865081,+0000.0000213483623318,+0000.0101347590965379,+0000.0000001204144358,+0000.0014189788709029
+0000.6627577489466721,+0000.2022047031585076,+0000.0000304159786303,+0000.0000256639317883,+0000.1232702093005490,+0000.0000000014850936,+0000.0000286525584681,+0000.0000000012007839,+0000.0000218618403778,+0000.0101947847117241,+0000.0000001228979864,+0000.0014658339897173
+0000.6592195433949671,+0000.2028585008028400,+0000.0000302779957494,+0000.0000259455306652,+0000.1260456525991038,+0000.0000000015011135,+0000.0000292961426049,+0000.0000000012150500,+0000.0000223813946754,+0000.0102545083967206,+0000.0000001254092520,+0000.0015137656175588
+0000.6556855705285928,+0000.2034793295413701,+0000.0000301398067109,+0000.0000262265370204,+0000.1288490345684322,+0000.0000000015170930,+0000.0000299460811824,+0000.0000000012293043,+0000.0000229069493630,+0000.0103139302497909,+0000.0000001279481777,+0000.0015627850432650
+0000.6521561114269290,+0000.2040674041916999,+0000.0000300014298203,+0000.0000265069096349,+0000.1316798483094822,+0000.0000000015330298,+0000.0000306022524454,+0000.0000000012435447,+0000.0000234384251563,+0000.0103730503992592,+0000.0000001305147044,+0000.0016129033645989
+0000.6486314402978325,+0000.2046229635005417,+0000.0000298628830039,+0000.0000267866076250,+0000.1345375700414300,+0000.0000000015489215,+0000.0000312645307383,+0000.0000000012577692,+0000.0000239757393639,+0000.0104318690028230,+0000.0000001331087688,+0000.0016641314814896
+0000.6451118244592990,+0000.2051462700107308,+0000.0000297241838087,+0000.0000270655904508,+0000.1374216592603262,+0000.0000000015647659,+0000.0000319327865455,+0000.0000000012719755,+0000.0000245188059060,+0000.0104903862468654,+0000.0000001357303039,+0000.0017164800893316
+0000.6415975243249135,+0000.2056376099141320,+0000.0000295853494036,+0000.0000273438179252,+0000.1403315589079966,+0000.0000000015805606,+0000.0000326068865334,+0000.0000000012861617,+0000.0000250675353350,+0000.0105486023457666,+0000.0000001383792382,+0000.0017699596723452
+0000.6380887933930746,+0000.2060972928905143,+0000.0000294463965787,+0000.0000276212502218,+0000.1432666955511270,+0000.0000000015963033,+0000.0000332866935954,+0000.0000000013003256,+0000.0000256218348574,+0000.0106065175412157,+0000.0000001410554967,+0000.0018245804970026
