+0001.0000000000000000,+0000.0000000000000000,+0000.0000000000000000,+0000.0000000000000000,+0000.0000000000000000,+0000.0000000000000000,+0000.0000000000000000
+0000.5704399352258269,+0000.0000000000000000,+0000.0000000000000000,+0000.0000000000000000,+0000.0081049068825316,+0000.1296785101205051,+0000.2917766477711365
+0000.1973481096369213,+0000.0000000000000000,+0000.0000000000000000,+0000.0000000000000000,+0000.0151443752898694,+0000.2423100046379105,+0000.5451975104352985
+0000.0739798484047441,+0000.0000000000000000,+0000.0000000000000000,+0000.0000000000000000,+0000.0174720783319860,+0000.2795532533117754,+0000.6289948199514946
+0000.0314208575079505,+0000.0000000000000000,+0000.0000000000000000,+0000.0000000000000000,+0000.0182750781602274,+0000.2924012505636376,+0000.6579028137681843
+0000.0145878391144810,+0000.0000000000000000,+0000.0000000000000000,+0000.0000000000000000,+0000.0185926822808589,+0000.2974829164937416,+0000.6693365621109186
+0000.0071912912965224,+0000.0000000000000000,+0000.0000000000000000,+0000.0000000000000000,+0000.0187322397868581,+0000.2997158365897291,+0000.6743606323268904
+0000.0036931508483156,+0000.0000000000000000,+0000.0000000000000000,+0000.0000000000000000,+0000.0187982424368243,+0000.3007718789891877,+0000.6767367277256726
+0000.0019515477148672,+0000.0000000000000000,+0000.0000000000000000,+0000.0000000000000000,+0000.0188311028733044,+0000.3012976459728702,+0000.6779197034389582
+0000.0010523611040232,+0000.0000000000000000,+0000.0000000000000000,+0000.0000000000000000,+0000.0188480686584147,+0000.3015690985346345,+0000.6785304717029277
+0000.0005758354133593,+0000.0000000000000000,+0000.0000000000000000,+0000.0000000000000000,+0000.0188570597091819,+0000.3017129553469104,+0000.6788541495305486
+0000.0003184650491324,+0000.0000000000000000,+0000.0000000000000000,+0000.0000000000000000,+0000.0188619157537900,+0000.3017906520606393,+0000.6790289671364382
+0000.0001775133974834,+0000.0000000000000000,+0000.0000000000000000,+0000.0000000000000000,+0000.0188645752189154,+0000.3018332035026465,+0000.6791247078809548
+0000.0000995227644882,+0000.0000000000000000,+0000.0000000000000000,+0000.0000000000000000,+0000.0188660467402927,+0000.3018567478446827,+0000.6791776826505365
+0000.0000560389823964,+0000.0000000000000000,+0000.0000000000000000,+0000.0000000000000000,+0000.0188668671890114,+0000.3018698750241823,+0000.6792072188044103
+0000.0000316562499498,+0000.0000000000000000,+0000.0000000000000000,+0000.0000000000000000,+0000.0188673272405670,+0000.3018772358490717,+0000.6792237806604114
+0000.0000179257856555,+0000.0000000000000000,+0000.0000000000000000,+0000.0000000000000000,+0000.0188675863059310,+0000.3018813808948963,+0000.6792331070135170
+0000.0000101691472980,+0000.0000000000000000,+0000.0000000000000000,+0000.0000000000000000,+0000.0188677326575982,+0000.3018837225215703,+0000.6792383756735337
+0000.0000057767406318,+0000.0000000000000000,+0000.0000000000000000,+0000.0000000000000000,+0000.0188678155331956,+0000.3018850485311298,+0000.6792413591950427
+0000.0000032849343034,+0000.0000000000000000,+0000.0000000000000000,+0000.0000000000000000,+0000.0188678625484094,+0000.3018858007745497,+0000.6792430517427375
+0000.0000018694164060,+0000.0000000000000000,+0000.0000000000000000,+0000.0000000000000000,+0000.0188678892562942,+0000.3018862281007074,+0000.6792440132265924
+0000.0000010644819734,+0000.0000000000000000,+0000.0000000000000000,+0000.0000000000000000,+0000.0188679044437364,+0000.3018864710997813,+0000.6792445599745086
+0000.0000006064029179,+0000.0000000000000000,+0000.0000000000000000,+0000.0000000000000000,+0000.0188679130867374,+0000.3018866093877982,+0000.6792448711225466
+0000.0000003455637045,+0000.0000000000000000,+0000.0000000000000000,+0000.0000000000000000,+0000.0188679180082320,+0000.3018866881317116,+0000.6792450482963519
+0000.0000001969715590,+0000.0000000000000000,+0000.0000000000000000,+0000.0000000000000000,+0000.0188679208118574,+0000.3018867329897179,+0000.6792451492268659
+0000.0000001122951146,+0000.0000000000000000,+0000.0000000000000000,+0000.0000000000000000,+0000.0188679224095262,+0000.3018867585524181,+0000.6792452067429412
+0000.0000000640294923,+0000.0000000000000000,+0000.0000000000000000,+0000.0000000000000000,+0000.0188679233201983,+0000.3018867731231720,+0000.6792452395271374
+0000.0000000365128685,+0000.0000000000000000,+0000.0000000000000000,+0000.0000000000000000,+0000.0188679238393799,+0000.3018867814300772,+0000.6792452582176745
+0000.0000000208231826,+0000.0000000000000000,+0000.0000000000000000,+0000.0000000000000000,+0000.0188679241354117,+0000.3018867861665863,+0000.6792452688748197
+0000.0000000118761285,+0000.0000000000000000,+0000.0000000000000000,+0000.0000000000000000,+0000.0188679243042240,+0000.3018867888675837,+0000.6792452749520639
+0000.0000000067736504,+0000.0000000000000000,+0000.0000000000000000,+0000.0000000000000000,+0000.0188679244004972,+0000.3018867904079544,+0000.6792452784178978
+0000.0000000038635439,+0000.0000000000000000,+0000.0000000000000000,+0000.0000000000000000,+0000.0188679244554048,+0000.3018867912864772,+0000.6792452803945742
+0000.0000000022037402,+0000.0000000000000000,+0000.0000000000000000,+0000.0000000000000000,+0000.0188679244867219,+0000.3018867917875498,+0000.6792452815219879
+0000.0000000012570240,+0000.0000000000000000,+0000.0000000000000000,+0000.0000000000000000,+0000.0188679245045845,+0000.3018867920733510,+0000.6792452821650404
+0000.0000000007170234,+0000.0000000000000000,+0000.0000000000000000,+0000.0000000000000000,+0000.0188679245147731,+0000.3018867922363700,+0000.6792452825318332
+0000.0000000004090044,+0000.0000000000000000,+0000.0000000000000000,+0000.0000000000000000,+0000.0188679245205848,+0000.3018867923293570,+0000.6792452827410537
+0000.0000000002333063,+0000.0000000000000000,+0000.0000000000000000,+0000.0000000000000000,+0000.0188679245238999,+0000.3018867923823980,+0000.6792452828603959
+0000.0000000001330845,+0000.0000000000000000,+0000.0000000000000000,+0000.0000000000000000,+0000.0188679245257909,+0000.3018867924126536,+0000.6792452829284708
+0000.0000000000759156,+0000.0000000000000000,+0000.0000000000000000,+0000.0000000000000000,+0000.0188679245268695,+0000.3018867924299123,+0000.6792452829673027
+0000.0000000000433048,+0000.0000000000000000,+0000.0000000000000000,+0000.0000000000000000,+0000.0188679245274848,+0000.3018867924397570,+0000.6792452829894533
+0000.0000000000247026,+0000.0000000000000000,+0000.0000000000000000,+0000.0000000000000000,+0000.0188679245278358,+0000.3018867924453728,+0000.6792452830020891
+0000.0000000000140912,+0000.0000000000000000,+0000.0000000000000000,+0000.0000000000000000,+0000.0188679245280360,+0000.3018867924485762,+0000.6792452830092967
+0000.0000000000080382,+0000.0000000000000000,+0000.0000000000000000,+0000.0000000000000000,+0000.0188679245281502,+0000.3018867924504034,+0000.6792452830134081
+0000.0000000000045853,+0000.0000000000000000,+0000.0000000000000000,+0000.0000000000000000,+0000.0188679245282154,+0000.3018867924514459,+0000.6792452830157536
+0000.0000000000026156,+0000.0000000000000000,+0000.0000000000000000,+0000.0000000000000000,+0000.0188679245282525,+0000.3018867924520404,+0000.6792452830170914
+0000.0000000000014920,+0000.0000000000000000,+0000.0000000000000000,+0000.0000000000000000,+0000.0188679245282738,+0000.3018867924523797,+0000.6792452830178547
+0000.0000000000008511,+0000.0000000000000000,+0000.0000000000000000,+0000.0000000000000000,+0000.0188679245282858,+0000.3018867924525732,+0000.6792452830182900
+0000.0000000000004855,+0000.0000000000000000,+0000.0000000000000000,+0000.0000000000000000,+0000.0188679245282927,+0000.3018867924526835,+0000.6792452830185384
+0000.0000000000002770,+0000.0000000000000000,+0000.0000000000000000,+0000.0000000000000000,+0000.0188679245282967,+0000.3018867924527464,+0000.6792452830186800
+0000.0000000000001580,+0000.0000000000000000,+0000.0000000000000000,+0000.0000000000000000,+0000.0188679245282989,+0000.3018867924527823,+0000.6792452830187609
+0000.0000000000000901,+0000.0000000000000000,+0000.0000000000000000,+0000.0000000000000000,+0000.0188679245283002,+0000.3018867924528026,+0000.6792452830188066
+0000.0000000000000514,+0000.0000000000000000,+0000.0000000000000000,+0000.0000000000000000,+0000.0188679245283009,+0000.3018867924528146,+0000.6792452830188334
+0000.0000000000000293,+0000.0000000000000000,+0000.0000000000000000,+0000.0000000000000000,+0000.0188679245283013,+0000.3018867924528212,+0000.6792452830188480
+0000.0000000000000167,+0000.0000000000000000,+0000.0000000000000000,+0000.0000000000000000,+0000.0188679245283016,+0000.3018867924528251,+0000.6792452830188566
+0000.0000000000000095,+0000.0000000000000000,+0000.0000000000000000,+0000.0000000000000000,+0000.0188679245283017,+0000.3018867924528272,+0000.6792452830188613
+0000.0000000000000054,+0000.0000000000000000,+0000.0000000000000000,+0000.0000000000000000,+0000.0188679245283018,+0000.3018867924528285,+0000.6792452830188641
+0000.0000000000000031,+0000.0000000000000000,+0000.0000000000000000,+0000.0000000000000000,+0000.0188679245283019,+0000.3018867924528293,+0000.6792452830188659
+0000.0000000000000018,+0000.0000000000000000,+0000.0000000000000000,+0000.0000000000000000,+0000.0188679245283019,+0000.3018867924528295,+0000.6792452830188667
+0000.0000000000000010,+0000.0000000000000000,+0000.0000000000000000,+0000.0000000000000000,+0000.0188679245283019,+0000.3018867924528297,+0000.6792452830188674
+0000.0000000000000006,+0000.0000000000000000,+0000.0000000000000000,+0000.0000000000000000,+0000.0188679245283019,+0000.3018867924528298,+0000.6792452830188676
+0000.0000000000000003,+0000.0000000000000000,+0000.0000000000000000,+0000.0000000000000000,+0000.0188679245283019,+0000.3018867924528300,+0000.6792452830188680
+0000.0000000000000002,+0000.0000000000000000,+0000.0000000000000000,+0000.0000000000000000,+0000.0188679245283019,+0000.3018867924528300,+0000.6792452830188680
+0000.0000000000000001,+0000.0000000000000000,+0000.0000000000000000,+0000.0000000000000000,+0000.0188679245283019,+0000.3018867924528300,+0000.6792452830188680
+0000.0000000000000001,+0000.0000000000000000,+0000.0000000000000000,+0000.0000000000000000,+0000.0188679245283019,+0000.3018867924528300,+0000.6792452830188681
+0000.0000000000000000,+0000.0000000000000000,+0000.0000000000000000,+0000.0000000000000000,+0000.0188679245283019,+0000.3018867924528300,+0000.6792452830188683
+0000.0000000000000000,+0000.0000000000000000,+0000.0000000000000000,+0000.0000000000000000,+0000.0188679245283019,+0000.3018867924528300,+0000.6792452830188683
+0000.0000000000000000,+0000.0000000000000000,+0000.0000000000000000,+0000.0000000000000000,+0000.0188679245283019,+0000.3018867924528300,+0000.6792452830188683
+0000.0000000000000000,+0000.0000000000000000,+0000.0000000000000000,+0000.0000000000000000,+0000.0188679245283019,+0000.3018867924528298,+0000.6792452830188681
+0000.0000000000000000,+0000.0000000000000000,+0000.0000000000000000,+0000.0000000000000000,+0000.0188679245283019,+0000.3018867924528298,+0000.6792452830188681
+0000.0000000000000000,+0000.0000000000000000,+0000.0000000000000000,+0000.0000000000000000,+0000.0188679245283019,+0000.3018867924528298,+0000.6792452830188681
+0000.0000000000000000,+0000.0000000000000000,+0000.0000000000000000,+0000.0000000000000000,+0000.0188679245283019,+0000.3018867924528300,+0000.6792452830188683
+0000.0000000000000000,+0000.0000000000000000,+0000.0000000000000000,+0000.0000000000000000,+0000.0188679245283019,+0000.3018867924528298,+0000.6792452830188681
+0000.0000000000000000,+0000.0000000000000000,+0000.0000000000000000,+0000.0000000000000000,+0000.0188679245283019,+0000.3018867924528300,+0000.6792452830188683
+0000.0000000000000000,+0000.0000000000000000,+0000.0000000000000000,+0000.0000000000000000,+0000.0188679245283019,+0000.3018867924528300,+0000.6792452830188681
+0000.0000000000000000,+0000.0000000000000000,+0000.0000000000000000,+0000.0000000000000000,+0000.0188679245283019,+0000.3018867924528300,+0000.6792452830188680
+0000.0000000000000000,+0000.0000000000000000,+0000.0000000000000000,+0000.0000000000000000,+0000.0188679245283019,+0000.3018867924528300,+0000.6792452830188680
+0000.0000000000000000,+0000.0000000000000000,+0000.0000000000000000,+0000.0000000000000000,+0000.0188679245283019,+0000.3018867924528300,+0000.6792452830188681
+0000.0000000000000000,+0000.0000000000000000,+0000.0000000000000000,+0000.0000000000000000,+0000.0188679245283019,+0000.3018867924528298,+0000.6792452830188681
+0000.0000000000000000,+0000.0000000000000000,+0000.0000000000000000,+0000.0000000000000000,+0000.0188679245283019,+0000.3018867924528298,+0000.6792452830188681
+0000.0000000000000000,+0000.0000000000000000,+0000.0000000000000000,+0000.0000000000000000,+0000.0188679245283019,+0000.3018867924528298,+0000.6792452830188683
+0000.0000000000000000,+0000.0000000000000000,+0000.0000000000000000,+0000.0000000000000000,+0000.0188679245283019,+0000.3018867924528297,+0000.6792452830188681
+0000.0000000000000000,+0000.0000000000000000,+0000.0000000000000000,+0000.0000000000000000,+0000.0188679245283019,+0000.3018867924528298,+0000.6792452830188684
+0000.0000000000000000,+0000.0000000000000000,+0000.0000000000000000,+0000.0000000000000000,+0000.0188679245283019,+0000.3018867924528297,+0000.6792452830188683
+0000.0000000000000000,+0000.0000000000000000,+0000.0000000000000000,+0000.0000000000000000,+0000.0188679245283019,+0000.3018867924528297,+0000.6792452830188683
+0000.0000000000000000,+0000.0000000000000000,+0000.0000000000000000,+0000.0000000000000000,+0000.0188679245283019,+0000.3018867924528297,+0000.6792452830188683
+0000.0000000000000000,+0000.0000000000000000,+0000.0000000000000000,+0000.0000000000000000,+0000.0188679245283019,+0000.3018867924528297,+0000.6792452830188684
+0000.0000000000000000,+0000.0000000000000000,+0000.0000000000000000,+0000.0000000000000000,+0000.0188679245283019,+0000.3018867924528297,+0000.6792452830188684
+0000.0000000000000000,+0000.0000000000000000,+0000.0000000000000000,+0000.0000000000000000,+0000.0188679245283019,+0000.3018867924528297,+0000.6792452830188683
+0000.0000000000000000,+0000.0000000000000000,+0000.0000000000000000,+0000.0000000000000000,+0000.0188679245283019,+0000.3018867924528297,+0000.6792452830188683
+0000.0000000000000000,+0000.0000000000000000,+0000.0000000000000000,+0000.0000000000000000,+0000.0188679245283019,+0000.3018867924528297,+0000.6792452830188683
+0000.0000000000000000,+0000.0000000000000000,+0000.0000000000000000,+0000.0000000000000000,+0000.0188679245283019,+0000.3018867924528298,+0000.6792452830188684
+0000.0000000000000000,+0000.0000000000000000,+0000.0000000000000000,+0000.0000000000000000,+0000.0188679245283019,+0000.3018867924528298,+0000.6792452830188683
+0000.0000000000000000,+0000.0000000000000000,+0000.0000000000000000,+0000.0000000000000000,+0000.0188679245283019,+0000.3018867924528298,+0000.6792452830188684
+0000.0000000000000000,+0000.0000000000000000,+0000.0000000000000000,+0000.0000000000000000,+0000.0188679245283019,+0000.3018867924528297,+0000.6792452830188681
+0000.0000000000000000,+0000.0000000000000000,+0000.0000000000000000,+0000.0000000000000000,+0000.0188679245283019,+0000.3018867924528298,+0000.6792452830188683
+0000.0000000000000000,+0000.0000000000000000,+0000.0000000000000000,+0000.0000000000000000,+0000.0188679245283019,+0000.3018867924528298,+0000.6792452830188683
+0000.0000000000000000,+0000.0000000000000000,+0000.0000000000000000,+0000.0000000000000000,+0000.0188679245283019,+0000.3018867924528297,+0000.6792452830188683
+0000.0000000000000000,+0000.0000000000000000,+0000.0000000000000000,+0000.0000000000000000,+0000.0188679245283019,+0000.3018867924528298,+0000.6792452830188684
+0000.0000000000000000,+0000.0000000000000000,+0000.0000000000000000,+0000.0000000000000000,+0000.0188679245283019,+0000.3018867924528297,+0000.6792452830188684
+0000.0000000000000000,+0000.0000000000000000,+0000.0000000000000000,+0000.0000000000000000,+0000.0188679245283019,+0000.3018867924528296,+0000.6792452830188684
+0000.0000000000000000,+0000.0000000000000000,+0000.0000000000000000,+0000.0000000000000000,+0000.0188679245283019,+0000.3018867924528297,+0000.6792452830188687
