+0001.0000000000000000,+0000.0000000000000000,+0000.0000000000000000,+0000.0000000000000000,+0000.0000000000000000,+0000.0000000000000000,+0000.0000000000000000,+0000.0000000000000000,+0000.0000000000000000,+0000.0000000000000000,+0000.0000000000000000,+0000.0000000000000000
+0000.9999595197188320,+0000.0000240947384695,+0000.0000009638127623,+0000.0000000001451496,+0000.0000000005805846,+0000.0000000000000000,+0000.0000000000000002,+0000.0000000000000002,+0000.0000000000000040,+0000.0000154210041975,+0000.0000000000000000,+0000.0000000000000000
+0000.9998276065605949,+0000.0000963634531620,+0000.0000013877318096,+0000.0000000008359955,+0000.0000000092881429,+0000.0000000000000004,+0000.0000000000000129,+0000.0000000000000062,+0000.0000000000002179,+0000.0000746321300548,+0000.0000000000000002,+0000.0000000000000025
+0000.9995992674034996,+0000.0002167550192128,+0000.0000014814629168,+0000.0000000021846426,+0000.0000000470107176,+0000.0000000000000015,+0000.0000000000001039,+0000.0000000000000294,+0000.0000000000019115,+0000.0001824469167789,+0000.0000000000000057,+0000.0000000000001797
+0000.9992743958215300,+0000.0003851809699997,+0000.0000015001569470,+0000.0000000041931607,+0000.0000001485302599,+0000.0000000000000037,+0000.0000000000004196,+0000.0000000000000765,+0000.0000000000082236,+0000.0003387703169936,+0000.0000000000000453,+0000.0000000000023404
+0000.9988533182962063,+0000.0006015158438009,+0000.0000015033735661,+0000.0000000068560024,+0000.0000003624757088,+0000.0000000000000068,+0000.0000000000011905,+0000.0000000000001487,+0000.0000000000243820,+0000.0005432931141787,+0000.0000000000001884,+0000.0000000000146203
+0000.9983362999600489,+0000.0008655973544298,+0000.0000015033654196,+0000.0000000101700492,+0000.0000007512577735,+0000.0000000000000110,+0000.0000000000027300,+0000.0000000000002459,+0000.0000000000577076,+0000.0007958377706128,+0000.0000000000005513,+0000.0000000000604206
+0000.9977235878584600,+0000.0011772265535000,+0000.0000015025966444,+0000.0000000141333488,+0000.0000013909855216,+0000.0000000000000161,+0000.0000000000054348,+0000.0000000000003678,+0000.0000000001175954,+0000.0010962775560335,+0000.0000000000012973,+0000.0000000001917803
+0000.9970154503807495,+0000.0015361680424633,+0000.0000015015608385,+0000.0000000187441621,+0000.0000023713649196,+0000.0000000000000222,+0000.0000000000097835,+0000.0000000000005142,+0000.0000000002154999,+0000.0014444891712481,+0000.0000000000026370,+0000.0000000005071626
+0000.9962121912119932,+0000.0019421502307598,+0000.0000015003570883,+0000.0000000240006315,+0000.0000037955795089,+0000.0000000000000293,+0000.0000000000163366,+0000.0000000000006849,+0000.0000000003649192,+0000.0018403370596085,+0000.0000000000048274,+0000.0000000011736126
+0000.9953141531239371,+0000.0023948656349297,+0000.0000014990056259,+0000.0000000299006872,+0000.0000057801534336,+0000.0000000000000373,+0000.0000000000257353,+0000.0000000000008800,+0000.0000000005813773,+0000.0022836691119435,+0000.0000000000081718,+0000.0000000024532414
+0000.9943217186904587,+0000.0028939712167785,+0000.0000014975109649,+0000.0000000364420250,+0000.0000084547970615,+0000.0000000000000463,+0000.0000000000387009,+0000.0000000000010993,+0000.0000000008824029,+0000.0027743156734607,+0000.0000000000130197,+0000.0000000047339817
+0000.9932353101527365,+0000.0034390887598006,+0000.0000014958745243,+0000.0000000436221016,+0000.0000119622354779,+0000.0000000000000563,+0000.0000000000560337,+0000.0000000000013427,+0000.0000000012875059,+0000.0033120894261043,+0000.0000000000197664,+0000.0000000085645499
+0000.9920553890412640,+0000.0040298052832049,+0000.0000014940971517,+0000.0000000514381361,+0000.0000164580201520,+0000.0000000000000672,+0000.0000000000786122,+0000.0000000000016101,+0000.0000000018181516,+0000.0038967854992532,+0000.0000000000288526,+0000.0000000146935443
+0000.9907824557091089,+0000.0046656734928072,+0000.0000014921796273,+0000.0000000598871122,+0000.0000221103241139,+0000.0000000000000791,+0000.0000000001073912,+0000.0000000000019014,+0000.0000000024977312,+0000.0045281816467652,+0000.0000000000407641,+0000.0000000241125982
+0000.9894170488145199,+0000.0053462122679628,+0000.0000014901227636,+0000.0000000689657807,+0000.0000290997210000,+0000.0000000000000920,+0000.0000000001434017,+0000.0000000000022166,+0000.0000000033515311,+0000.0052060384512005,+0000.0000000000560313,+0000.0000000381034997
+0000.9879597447626330,+0000.0060709071836365,+0000.0000014879274254,+0000.0000000786706629,+0000.0000376189483564,+0000.0000000000001058,+0000.0000000001877482,+0000.0000000000025554,+0000.0000000044066991,+0000.0059300995457650,+0000.0000000000752288,+0000.0000000582891837
+0000.9864111571093847,+0000.0068392110666415,+0000.0000014855945319,+0000.0000000889980534,+0000.0000478726556114,+0000.0000000000001205,+0000.0000000002416084,+0000.0000000000029177,+0000.0000000056922084,+0000.0067000918514555,+0000.0000000000989751,+0000.0000000866884916
+0000.9847719359292650,+0000.0076505445850184,+0000.0000014831250578,+0000.0000000999440237,+0000.0000600771371562,+0000.0000000000001362,+0000.0000000003062310,+0000.0000000000033034,+0000.0000000072388194,+0000.0075157258284673,+0000.0000000001279315,+0000.0000001257745902
+0000.9830427671482505,+0000.0085042968694710,+0000.0000014805200314,+0000.0000001115044258,+0000.0000744600509909,+0000.0000000000001528,+0000.0000000003829342,+0000.0000000000037124,+0000.0000000090790391,+0000.0083766957412586,+0000.0000000001628023,+0000.0000001785369313
+0000.9812243718432441,+0000.0093998261657244,+0000.0000014777805340,+0000.0000001236748958,+0000.0000912601234188,+0000.0000000000001703,+0000.0000000004731040,+0000.0000000000041445,+0000.0000000112470783,+0000.0092826799367208,+0000.0000000002043337,+0000.0000002485466309
+0000.9793175055093923,+0000.0103364605166217,+0000.0000014749076991,+0000.0000001364508584,+0000.0001107268402888,+0000.0000000000001887,+0000.0000000005781923,+0000.0000000000045995,+0000.0000000137788072,+0000.0102333411349024,+0000.0000000002533132,+0000.0000003400251365
+0000.9773229572966802,+0000.0113134984727334,+0000.0000014719027108,+0000.0000001498275300,+0000.0001331201253050,+0000.0000000000002081,+0000.0000000006997153,+0000.0000000000050772,+0000.0000000167117086,+0000.0112283267317140,+0000.0000000003105692,+0000.0000004579160480
+0000.9752415492172857,+0000.0123302098302119,+0000.0000014687668027,+0000.0000001637999241,+0000.0001587100059406,+0000.0000000000002283,+0000.0000000008392512,+0000.0000000000055775,+0000.0000000200848291,+0000.0122672691130260,+0000.0000000003769701,+0000.0000006079599529
+0000.9730741353251747,+0000.0133858363945866,+0000.0000014655012568,+0000.0000001783628547,+0000.0001877762675068,+0000.0000000000002494,+0000.0000000009984383,+0000.0000000000061001,+0000.0000000239387286,+0000.0133497859795521,+0000.0000000004534239,+0000.0000007967721279
+0000.9708216008695010,+0000.0144795927691625,+0000.0000014621074022,+0000.0000001935109417,+0000.0002206080959424,+0000.0000000000002715,+0000.0000000011789730,+0000.0000000000066450,+0000.0000000283154282,+0000.0144754806818981,+0000.0000000005408771,+0000.0000010319229575
+0000.9684848614233723,+0000.0156106671666579,+0000.0000014585866138,+0000.0000002092386148,+0000.0002575037099018,+0000.0000000000002944,+0000.0000000013826075,+0000.0000000000072118,+0000.0000000332583563,+0000.0156439425651403,+0000.0000000006403140,+0000.0000013220209152
+0000.9660648619896025,+0000.0167782222426884,+0000.0000014549403108,+0000.0000002255401190,+0000.0002987699827296,+0000.0000000000003181,+0000.0000000016111475,+0000.0000000000078004,+0000.0000000388122928,+0000.0168547473222869,+0000.0000000007527563,+0000.0000016767979476
+0000.9635625760850769,+0000.0179813959496865,+0000.0000014511699554,+0000.0000002424095187,+0000.0003447220549186,+0000.0000000000003428,+0000.0000000018664500,+0000.0000000000084105,+0000.0000000450233125,+0000.0181074573559671,+0000.0000000008792617,+0000.0000021071970990
+0000.9609790048053838,+0000.0192193024098276,+0000.0000014472770518,+0000.0000002598407037,+0000.0003956829376569,+0000.0000000000003682,+0000.0000000021504211,+0000.0000000000090419,+0000.0000000519387264,+0000.0194016221476835,+0000.0000000010209238,+0000.0000026254622113
+0000.9583151758713873,+0000.0204910328055196,+0000.0000014432631439,+0000.0000002778273934,+0000.0004519831080730,+0000.0000000000003946,+0000.0000000024650134,+0000.0000000000096945,+0000.0000000596070221,+0000.0207367786339575,+0000.0000000011788704,+0000.0000032452295303
+0000.9555721426594197,+0000.0217956562860060,+0000.0000014391298147,+0000.0000002963631424,+0000.0005139600967953,+0000.0000000000004217,+0000.0000000028122233,+0000.0000000000103678,+0000.0000000680778031,+0000.0221124515886956,+0000.0000000013542634,+0000.0000039816210468
+0000.9527509832167795,+0000.0231322208886236,+0000.0000014348786843,+0000.0000003154413458,+0000.0005819580684431,+0000.0000000000004497,+0000.0000000031940893,+0000.0000000000110618,+0000.0000000774017259,+0000.0235281540110992,+0000.0000000015482975,+0000.0000048513394003
+0000.9498527992642299,+0000.0244997544732580,+0000.0000014305114086,+0000.0000003350552444,+0000.0006563273956662,+0000.0000000000004785,+0000.0000000036126886,+0000.0000000000117761,+0000.0000000876304381,+0000.0249833875184430,+0000.0000000017621995,+0000.0000058727641689
+0000.9468787151871869,+0000.0258972656685403,+0000.0000014260296777,+0000.0000003551979301,+0000.0007374242273540,+0000.0000000000005081,+0000.0000000040701351,+0000.0000000000125106,+0000.0000000988165132,+0000.0264776427430466,+0000.0000000019972271,+0000.0000070660493706
+0000.9438298770172724,+0000.0273237448283327,+0000.0000014214352146,+0000.0000003758623513,+0000.0008256100516286,+0000.0000000000005385,+0000.0000000045685763,+0000.0000000000132648,+0000.0000001110133864,+0000.0280103997327694,+0000.0000000022546684,+0000.0000084532219967
+0000.9407074514059162,+0000.0287781649970643,+0000.0000014167297732,+0000.0000003970413184,+0000.0009212512542365,+0000.0000000000005696,+0000.0000000051101914,+0000.0000000000140387,+0000.0000001242752888,+0000.0295811283543617,+0000.0000000025358405,+0000.0000100582814005
+0000.9375126245916545,+0000.0302594828824861,+0000.0000014119151372,+0000.0000004187275094,+0000.0010247186729469,+0000.0000000000006016,+0000.0000000056971878,+0000.0000000000148318,+0000.0000001386571808,+0000.0311892886990132,+0000.0000000028420889,+0000.0000119072993619
+0000.9342466013627664,+0000.0317666398344334,+0000.0000014069931182,+0000.0000004409134754,+0000.0011363871485605,+0000.0000000000006343,+0000.0000000063317991,+0000.0000000000156440,+0000.0000001542146853,+0000.0328343314894475,+0000.0000000031747864,+0000.0000140285206495
+0000.9309106040168724,+0000.0332985628282022,+0000.0000014019655545,+0000.0000004635916457,+0000.0012566350731238,+0000.0000000000006677,+0000.0000000070162818,+0000.0000000000164749,+0000.0000001710040205,+0000.0345156984879225,+0000.0000000035353321,+0000.0000164524639018
+0000.9275058713190739,+0000.0348541654511682,+0000.0000013968343091,+0000.0000004867543342,+0000.0013858439359372,+0000.0000000000007019,+0000.0000000077529131,+0000.0000000000173243,+0000.0000001890819319,+0000.0362328229045061,+0000.0000000039251505,+0000.0000192120226496
+0000.9240336574602069,+0000.0364323488913018,+0000.0000013916012686,+0000.0000005103937440,+0000.0015243978679344,+0000.0000000000007368,+0000.0000000085439880,+0000.0000000000181918,+0000.0000002085056241,+0000.0379851298050108,+0000.0000000043456903,+0000.0000223425663023
+0000.9204952310167338,+0000.0380320029262606,+0000.0000013862683412,+0000.0000005345019735,+0000.0016726831850016,+0000.0000000000007724,+0000.0000000093918163,+0000.0000000000190772,+0000.0000002293326926,+0000.0397720365179847,+0000.0000000047984237,+0000.0000258820409225
+0000.9168918739137641,+0000.0396520069117717,+0000.0000013808374552,+0000.0000005590710219,+0000.0018310879307914,+0000.0000000000008087,+0000.0000000102987202,+0000.0000000000199802,+0000.0000002516210553,+0000.0415929530401715,+0000.0000000052848453,+0000.0000298710696143
+0000.9132248803926689,+0000.0412912307680485,+0000.0000013753105580,+0000.0000005840927942,+0000.0020000014195760,+0000.0000000000008457,+0000.0000000112670316,+0000.0000000000209005,+0000.0000002754288837,+0000.0434472824398695,+0000.0000000058064709,+0000.0000343530523525
+0000.9094955559846903,+0000.0429485359630199,+0000.0000013696896137,+0000.0000006095591071,+0000.0021798137796704,+0000.0000000000008834,+0000.0000000122990889,+0000.0000000000218377,+0000.0000003008145348,+0000.0453344212576362,+0000.0000000063648367,+0000.0000393742650808
+0000.9057052164919268,+0000.0446227764911914,+0000.0000013639766021,+0000.0000006354616944,+0000.0023709154979402,+0000.0000000000009218,+0000.0000000133972346,+0000.0000000000227916,+0000.0000003278364823,+0000.0472537599038052,+0000.0000000069614983,+0000.0000449839579110
+0000.9018551869770116,+0000.0463127998469899,+0000.0000013581735174,+0000.0000006617922119,+0000.0025736969658977,+0000.0000000000009608,+0000.0000000145638127,+0000.0000000000237619,+0000.0000003565532486,+0000.0492046830523016,+0000.0000000075980296,+0000.0000512344522565
+0000.8979468007627618,+0000.0480174479914913,+0000.0000013522823658,+0000.0000006885422432,+0000.0027885480278711,+0000.0000000000010004,+0000.0000000158011656,+0000.0000000000247482,+0000.0000003870233364,+0000.0511865700302607,+0000.0000000082760217,+0000.0000581812367341
+0000.8939813984430260,+0000.0497355583114664,+0000.0000013463051651,+0000.0000007157033044,+0000.0030158575317167,+0000.0000000000010407,+0000.0000000171116317,+0000.0000000000257502,+0000.0000004193051615,+0000.0531987952029805,+0000.0000000089970821,+0000.0000658830616749
+0000.8899603269059013,+0000.0514659645697279,+0000.0000013402439423,+0000.0000007432668497,+0000.0032560128825292,+0000.0000000000010816,+0000.0000000184975426,+0000.0000000000267676,+0000.0000004534569852,+0000.0552407283537560,+0000.0000000097628335,+0000.0000744020320832
+0000.8858849383704407,+0000.0532074978458033,+0000.0000013341007329,+0000.0000007712242764,+0000.0035093995997851,+0000.0000000000011230,+0000.0000000199612203,+0000.0000000000278001,+0000.0000004895368474,+0000.0573117350581689,+0000.0000000105749130,+0000.0000838036988889
+0000.8817565894379200,+0000.0549589874660048,+0000.0000013278775788,+0000.0000007995669296,+0000.0037764008783408,+0000.0000000000011651,+0000.0000000215049747,+0000.0000000000288473,+0000.0000005276025008,+0000.0594111770524283,+0000.0000000114349710,+0000.0000941571483391
+0000.8775766401586703,+0000.0567192619220143,+0000.0000013215765274,+0000.0000008282861075,+0000.0040573971536850,+0000.0000000000012078,+0000.0000000231311011,+0000.0000000000299090,+0000.0000005677113443,+0000.0615384125953830,+0000.0000000123446698,+0000.0001055350893806
+0000.8733464531154362,+0000.0584871497771463,+0000.0000013151996301,+0000.0000008573730658,+0000.0043527656718333,+0000.0000000000012510,+0000.0000000248418772,+0000.0000000000309848,+0000.0000006099203587,+0000.0636927968238479,+0000.0000000133056835,+0000.0001180139388849
+0000.8690673925241510,+0000.0602614805595016,+0000.0000013087489407,+0000.0000008868190229,+0000.0046628800642280,+0000.0000000000012947,+0000.0000000266395611,+0000.0000000000320743,+0000.0000006542860420,+0000.0658736821009131,+0000.0000000143196961,+0000.0001316739045742
+0000.8647408233529710,+0000.0620410856412685,+0000.0000013022265145,+0000.0000009166151641,+0000.0049881099279949,+0000.0000000000013390,+0000.0000000285263881,+0000.0000000000331773,+0000.0000007008643456,+0000.0680804183569282,+0000.0000000153884010,+0000.0001465990655074
+0000.8603681104603532,+0000.0638247991034802,+0000.0000012956344064,+0000.0000009467526465,+0000.0053288204118867,+0000.0000000000013838,+0000.0000000305045688,+0000.0000000000342935,+0000.0000007497106120,+0000.0703123534228799,+0000.0000000165135000,+0000.0001628774499892
+0000.8559506177528942,+0000.0656114585855803,+0000.0000012889746703,+0000.0000009772226029,+0000.0056853718082270,+0000.0000000000014291,+0000.0000000325762860,+0000.0000000000354224,+0000.0000008008795120,+0000.0725688333559023,+0000.0000000176967020,+0000.0001806011107714
+0000.8514897073636049,+0000.0673999061191988,+0000.0000012822493574,+0000.0000010080161467,+0000.0060581191511502,+0000.0000000000014750,+0000.0000000347436930,+0000.0000000000365637,+0000.0000008544249844,+0000.0748492027566892,+0000.0000000189397225,+0000.0001998661974140
+0000.8469867388512188,+0000.0691889889455869,+0000.0000012754605153,+0000.0000010391243757,+0000.0064474118214158,+0000.0000000000015213,+0000.0000000370089106,+0000.0000000000377172,+0000.0000009104001756,+0000.0771528050785978,+0000.0000000202442823,+0000.0002207730256831
+0000.8424430684210933,+0000.0709775603162037,+0000.0000012686101864,+0000.0000010705383763,+0000.0068535931580584,+0000.0000000000015680,+0000.0000000393740249,+0000.0000000000388824,+0000.0000009688573804,+0000.0794789829282592,+0000.0000000216121066,+0000.0002434261438605
+0000.8378600481681968,+0000.0727644802759980,+0000.0000012617004073,+0000.0000011022492274,+0000.0072770000771173,+0000.0000000000016153,+0000.0000000418410852,+0000.0000000000400591,+0000.0000010298479838,+0000.0818270783575368,+0000.0000000230449242,+0000.0002679343958489
+0000.8332390253426153,+0000.0745486164289680,+0000.0000012547332072,+0000.0000011342480046,+0000.0077179626976742,+0000.0000000000016629,+0000.0000000444121015,+0000.0000000000412470,+0000.0000010934224042,+0000.0841964331466941,+0000.0000000245444665,+0000.0002944109809546
+0000.8285813416379673,+0000.0763288446856318,+0000.0000012477106072,+0000.0000011665257831,+0000.0081768039754098,+0000.0000000000017110,+0000.0000000470890423,+0000.0000000000424456,+0000.0000011596300372,+0000.0865863890786600,+0000.0000000261124663,+0000.0003229735102384
+0000.8238883325030530,+0000.0781040499920794,+0000.0000012406346191,+0000.0000011990736422,+0000.0086538393438757,+0000.0000000000017595,+0000.0000000498738324,+0000.0000000000436546,+0000.0000012285192008,+0000.0889962882043011,+0000.0000000277506574,+0000.0003537440593248
+0000.8191613264770129,+0000.0798731270403231,+0000.0000012335072442,+0000.0000012318826682,+0000.0091493763636625,+0000.0000000000018084,+0000.0000000527683508,+0000.0000000000448737,+0000.0000013001370819,+0000.0914254730986357,+0000.0000000294607731,+0000.0003868492175653
+0000.8144016445482217,+0000.0816349809597038,+0000.0000012263304729,+0000.0000012649439582,+0000.0096637143796294,+0000.0000000000018577,+0000.0000000557744288,+0000.0000000000461027,+0000.0000013745296835,+0000.0938732871079407,+0000.0000000312445460,+0000.0004224201334544
+0000.8096105995370906,+0000.0833885279891468,+0000.0000012191062830,+0000.0000012982486228,+0000.0101971441863481,+0000.0000000000019074,+0000.0000000588938476,+0000.0000000000473410,+0000.0000014517417737,+0000.0963390745877321,+0000.0000000331037063,+0000.0004605925562005
+0000.8047894955028968,+0000.0851326961301056,+0000.0000012118366396,+0000.0000013317877895,+0000.0107499477018986,+0000.0000000000019574,+0000.0000000621283364,+0000.0000000000485885,+0000.0000015318168351,+0000.0988221811316137,+0000.0000000350399815,+0000.0005015068733574
+0000.7999396271747229,+0000.0868664257800634,+0000.0000012045234936,+0000.0000013655526057,+0000.0113223976501419,+0000.0000000000020078,+0000.0000000654795708,+0000.0000000000498447,+0000.0000016147970168,+0000.1013219537910134,+0000.0000000370550954,+0000.0005453081444236
+0000.7950622794065325,+0000.0885886703465008,+0000.0000011971687812,+0000.0000013995342418,+0000.0119147572515835,+0000.0000000000020586,+0000.0000000689491704,+0000.0000000000511094,+0000.0000017007230860,+0000.1038377412858454,+0000.0000000391507670,+0000.0005921461303237
+0000.7901587266563637,+0000.0902983968412726,+0000.0000011897744231,+0000.0000014337238932,+0000.0125272799229268,+0000.0000000000021096,+0000.0000000725386972,+0000.0000000000523822,+0000.0000017896343820,+0000.1063688942061535,+0000.0000000413287100,+0000.0006421753186861
+0000.7852302324895890,+0000.0919945864553666,+0000.0000011823423236,+0000.0000014681127836,+0000.0131602089854086,+0000.0000000000021609,+0000.0000000762496539,+0000.0000000000536628,+0000.0000018815687716,+0000.1089147652048127,+0000.0000000435906316,+0000.0006955549448348
+0000.7802780491061343,+0000.0936762351140523,+0000.0000011748743700,+0000.0000015026921673,+0000.0138137773819946,+0000.0000000000022126,+0000.0000000800834822,+0000.0000000000549508,+0000.0000019765626047,+0000.1114747091813810,+0000.0000000459382320,+0000.0007524490084183
+0000.7753034168915230,+0000.0953423540124519,+0000.0000011673724321,+0000.0000015374533315,+0000.0144882074035040,+0000.0000000000022645,+0000.0000000840415606,+0000.0000000000562460,+0000.0000020746506725,+0000.1140480834572112,+0000.0000000483732032,+0000.0008130262855997
+0000.7703075639915672,+0000.0969919701315996,+0000.0000011598383609,+0000.0000015723875986,+0000.0151837104237255,+0000.0000000000023167,+0000.0000000881252036,+0000.0000000000575479,+0000.0000021758661663,+0000.1166342479419498,+0000.0000000508972285,+0000.0008774603367356
+0000.7652917059104900,+0000.0986241267350755,+0000.0000011522739891,+0000.0000016074863284,+0000.0159004866435753,+0000.0000000000023692,+0000.0000000923356594,+0000.0000000000588563,+0000.0000022802406376,+0000.1192325652915624,+0000.0000000535119815,+0000.0009459295094755
+0000.7602570451322357,+0000.1002378838463285,+0000.0000011446811293,+0000.0000016427409199,+0000.0166387248443408,+0000.0000000000024219,+0000.0000000966741086,+0000.0000000000601709,+0000.0000023878039603,+0000.1218424010580444,+0000.0000000562191253,+0000.0010186169372143
+0000.7552047707646830,+0000.1018323187068262,+0000.0000011370615743,+0000.0000016781428137,+0000.0173986021500486,+0000.0000000000024748,+0000.0000001011416631,+0000.0000000000614913,+0000.0000024985842929,+0000.1244631238309831,+0000.0000000590203119,+0000.0010957105328370
+0000.7501360582064558,+0000.1034065262151849,+0000.0000011294170964,+0000.0000017136834933,+0000.0181802837989852,+0000.0000000000025279,+0000.0000001057393642,+0000.0000000000628172,+0000.0000026126080438,+0000.1270941053711571,+0000.0000000619171811,+0000.0011774029776929
+0000.7450520688359918,+0000.1049596193474614,+0000.0000011217494468,+0000.0000017493544871,+0000.0189839229243973,+0000.0000000000025813,+0000.0000001104681813,+0000.0000000000641482,+0000.0000027298998362,+0000.1297347207363651,+0000.0000000649113600,+0000.0012638917057434
+0000.7399539497224992,+0000.1064907295587970,+0000.0000011140603552,+0000.0000017851473700,+0000.0198096603443882,+0000.0000000000026348,+0000.0000001153290109,+0000.0000000000654842,+0000.0000028504824759,+0000.1323843483996924,+0000.0000000680044620,+0000.0013553788828303
+0000.7348428333584173,+0000.1079990071666266,+0000.0000011063515295,+0000.0000018210537647,+0000.0206576243610282,+0000.0000000000026886,+0000.0000001203226751,+0000.0000000000668247,+0000.0000029743769193,+0000.1350423703604295,+0000.0000000711980861,+0000.0014520713810104
+0000.7297198374129632,+0000.1094836217156776,+0000.0000010986246552,+0000.0000018570653434,+0000.0215279305686867,+0000.0000000000027425,+0000.0000001254499204,+0000.0000000000681694,+0000.0000031016022436,+0000.1377081722478706,+0000.0000000744938163,+0000.0015541807479111
+0000.7245860645063281,+0000.1109437623249965,+0000.0000010908813954,+0000.0000018931738290,+0000.0224206816715955,+0000.0000000000027965,+0000.0000001307114169,+0000.0000000000695181,+0000.0000032321756176,+0000.1403811434182259,+0000.0000000778932206,+0000.0016619231710599
+0000.7194426020040754,+0000.1123786380172512,+0000.0000010831233902,+0000.0000019293709961,+0000.0233359673106467,+0000.0000000000028507,+0000.0000001361077567,+0000.0000000000708703,+0000.0000033661122750,+0000.1430606770448920,+0000.0000000813978505,+0000.0017755194371452
+0000.7142905218312593,+0000.1137874780305724,+0000.0000010753522567,+0000.0000019656486726,+0000.0242738638994272,+0000.0000000000029050,+0000.0000001416394531,+0000.0000000000722259,+0000.0000035034254879,+0000.1457461702023293,+0000.0000000850092399,+0000.0018951948861703
+0000.7091308803057850,+0000.1151695321131967,+0000.0000010675695882,+0000.0000020019987402,+0000.0252344344694902,+0000.0000000000029594,+0000.0000001473069400,+0000.0000000000735845,+0000.0000036441265421,+0000.1484370239438055,+0000.0000000887289049,+0000.0020211793604633
+0000.7039647179904962,+0000.1165240708011892,+0000.0000010597769547,+0000.0000020384131360,+0000.0262177285248631,+0000.0000000000030140,+0000.0000001531105701,+0000.0000000000749457,+0000.0000037882247144,+0000.1511326433732645,+0000.0000000925583424,+0000.0021537071485095
+0000.6987930595634865,+0000.1178503856795263,+0000.0000010519759021,+0000.0000020748838529,+0000.0272237819057890,+0000.0000000000030686,+0000.0000001590506152,+0000.0000000000763094,+0000.0000039357272502,+0000.1538324377115926,+0000.0000000964990300,+0000.0022930169235771
+0000.6936169137060998,+0000.1191477896268200,+0000.0000010441679526,+0000.0000021114029405,+0000.0282526166616990,+0000.0000000000031233,+0000.0000001651272643,+0000.0000000000776751,+0000.0000040866393434,+0000.1565358203575495,+0000.0000001005524250,+0000.0024393516771078
+0000.6884372730080833,+0000.1204156170439742,+0000.0000010363546037,+0000.0000021479625063,+0000.0293042409334148,+0000.0000000000031781,+0000.0000001713406234,+0000.0000000000790427,+0000.0000042409641172,+0000.1592422089436421,+0000.0000001047199637,+0000.0025929586468505
+0000.6832551138893544,+0000.1216532240670615,+0000.0000010285373292,+0000.0000021845547157,+0000.0303786488445770,+0000.0000000000032329,+0000.0000001776907151,+0000.0000000000804117,+0000.0000043987026063,+0000.1619510253872193,+0000.0000001090030605,+0000.0027540892397160
+0000.6780713965378232,+0000.1228599887647081,+0000.0000010207175780,+0000.0000022211717933,+0000.0314758204022987,+0000.0000000000032878,+0000.0000001841774771,+0000.0000000000817819,+0000.0000045598537408,+0000.1646616959370658,+0000.0000001134031078,+0000.0029229989493375
+0000.6728870648627160,+0000.1240353113202791,+0000.0000010128967750,+0000.0000022578060229,+0000.0325957214070439,+0000.0000000000033427,+0000.0000001908007624,+0000.0000000000831531,+0000.0000047244143311,+0000.1673736512157774,+0000.0000001179214745,+0000.0030999472683220
+0000.6677030464628442,+0000.1251786141991488,+0000.0000010050763202,+0000.0000022944497486,+0000.0337383033717305,+0000.0000000000033977,+0000.0000001975603384,+0000.0000000000845249,+0000.0000048923790544,+0000.1700863262582020,+0000.0000001225595060,+0000.0032851975951843
+0000.6625202526092465,+0000.1262893423013431,+0000.0000009972575893,+0000.0000023310953748,+0000.0349035034500615,+0000.0000000000034526,+0000.0000002044558865,+0000.0000000000858970,+0000.0000050637404428,+0000.1727991605462255,+0000.0000001273185232,+0000.0034790171359571
+0000.6573395782416475,+0000.1273669630998339,+0000.0000009894419334,+0000.0000023677353669,+0000.0360912443740853,+0000.0000000000035076,+0000.0000002114870017,+0000.0000000000872691,+0000.0000052384888721,+0000.1755115980401860,+0000.0000001321998216,+0000.0036816768004749
+0000.6521619019781624,+0000.1284109667647630,+0000.0000009816306790,+0000.0000024043622513,+0000.0373014344009938,+0000.0000000000035625,+0000.0000002186531923,+0000.0000000000886410,+0000.0000054166125527,+0000.1782230872071965,+0000.0000001372046713,+0000.0038934510933343
+0000.6469880861376858,+0000.1294208662738672,+0000.0000009738251282,+0000.0000024409686165,+0000.0385339672691636,+0000.0000000000036175,+0000.0000002259538795,+0000.0000000000900124,+0000.0000055980975217,+0000.1809330810466551,+0000.0000001423343155,+0000.0041146179995371
+0000.6418189767744046,+0000.1303961975093707,+0000.0000009660265586,+0000.0000024775471127,+0000.0397887221634496,+0000.0000000000036723,+0000.0000002333883971,+0000.0000000000913830,+0000.0000057829276360,+0000.1836410371132194,+0000.0000001475899705,+0000.0043454588648253
+0000.6366554037238720,+0000.1313365193416025,+0000.0000009582362234,+0000.0000025140904523,+0000.0410655636897449,+0000.0000000000037272,+0000.0000002409559913,+0000.0000000000927526,+0000.0000059710845674,+0000.1863464175375172,+0000.0000001529728247,+0000.0045862582707248
+0000.6314981806600878,+0000.1322414136995929,+0000.0000009504553516,+0000.0000025505914103,+0000.0423643418588166,+0000.0000000000037820,+0000.0000002486558210,+0000.0000000000941208,+0000.0000061625477987,+0000.1890486890448657,+0000.0000001584840380,+0000.0048373039043150
+0000.6263481051630398,+0000.1331104856288915,+0000.0000009426851479,+0000.0000025870428243,+0000.0436848920794377,+0000.0000000000038367,+0000.0000002564869570,+0000.0000000000954873,+0000.0000063572946213,+0000.1917473229722640,+0000.0000001641247411,+0000.0050988864227514
+0000.6212059587961553,+0000.1339433633368435,+0000.0000009349267929,+0000.0000026234375951,+0000.0450270351608295,+0000.0000000000038913,+0000.0000002644483824,+0000.0000000000968520,+0000.0000065553001342,+0000.1944417952839207,+0000.0000001698960351,+0000.0053712993125678
+0000.6160725071931278,+0000.1347396982255508,+0000.0000009271814433,+0000.0000026597686864,+0000.0463905773244351,+0000.0000000000039459,+0000.0000002725389928,+0000.0000000000982146,+0000.0000067565372445,+0000.1971315865855747,+0000.0000001757989906,+0000.0056548387437935
+0000.6109485001535895,+0000.1354991649127365,+0000.0000009194502320,+0000.0000026960291252,+0000.0477753102250469,+0000.0000000000040003,+0000.0000002807575958,+0000.0000000000995747,+0000.0000069609766691,+0000.1998161821378581,+0000.0000001818346471,+0000.0059498034189249
+0000.6058346717471034,+0000.1362214612407217,+0000.0000009117342682,+0000.0000027322120023,+0000.0491810109813087,+0000.0000000000040547,+0000.0000002891029119,+0000.0000000001009322,+0000.0000071685869379,+0000.2024950718689498,+0000.0000001880040125,+0000.0062564944167970
+0000.6007317404249644,+0000.1369063082737139,+0000.0000009040346377,+0000.0000027683104717,+0000.0506074422156204,+0000.0000000000041089,+0000.0000002975735738,+0000.0000000001022867,+0000.0000073793343989,+0000.2051677503867573,+0000.0000001943080622,+0000.0065752150314040
+0000.5956404091393044,+0000.1375534502835959,+0000.0000008963524028,+0000.0000028043177517,+0000.0520543521034680,+0000.0000000000041630,+0000.0000003061681277,+0000.0000000001036380,+0000.0000075931832236,+0000.2078337169908598,+0000.0000002007477390,+0000.0069062706057265
+0000.5905613654690023,+0000.1381626547243953,+0000.0000008886886028,+0000.0000028402271242,+0000.0535214744322083,+0000.0000000000042169,+0000.0000003148850326,+0000.0000000001049859,+0000.0000078100954151,+0000.2104924756844378,+0000.0000002073239518,+0000.0072499683606269
+0000.5854952817519224,+0000.1387337121956058,+0000.0000008810442542,+0000.0000028760319355,+0000.0550085286693359,+0000.0000000000042707,+0000.0000003237226614,+0000.0000000001063301,+0000.0000080300308167,+0000.2131435351864097,+0000.0000002140375756,+0000.0076066172188820
+0000.5804428152229990,+0000.1392664363945173,+0000.0000008734203505,+0000.0000029117255961,+0000.0565152200402592,+0000.0000000000043244,+0000.0000003326793010,+0000.0000000001076703,+0000.0000082529471224,+0000.2157864089439827,+0000.0000002208894505,+0000.0079765276244271
+0000.5754046081577102,+0000.1397606640577076,+0000.0000008658178628,+0000.0000029473015810,+0000.0580412396156159,+0000.0000000000043778,+0000.0000003417531528,+0000.0000000001090063,+0000.0000084787998887,+0000.2184206151458232,+0000.0000002278803814,+0000.0083600113568920
+0000.5703812880204919,+0000.1402162548918350,+0000.0000008582377400,+0000.0000029827534301,+0000.0595862644081556,+0000.0000000000044311,+0000.0000003509423334,+0000.0000000001103379,+0000.0000087075425481,+0000.2210456767360404,+0000.0000002350111373,+0000.0087573813415188
+0000.5653734676176467,+0000.1406330914938630,+0000.0000008506809089,+0000.0000030180747479,+0000.0611499574792161,+0000.0000000000044842,+0000.0000003602448750,+0000.0000000001116648,+0000.0000089391264234,+0000.2236611214291663,+0000.0000002422824505,+0000.0091689514545531
+0000.5603817452543264,+0000.1410110792608379,+0000.0000008431482744,+0000.0000030532592042,+0000.0627319680548220,+0000.0000000000045371,+0000.0000003696587262,+0000.0000000001129868,+0000.0000091735007440,+0000.2262664817263122,+0000.0000002496950163,+0000.0095950363242129
+0000.5554067048951751,+0000.1413501462893325,+0000.0000008356407198,+0000.0000030883005341,+0000.0643319316514287,+0000.0000000000045898,+0000.0000003791817527,+0000.0000000001143036,+0000.0000094106126639,+0000.2288612949326662,+0000.0000002572494925,+0000.0100359511273413
+0000.5504489163282292,+0000.1416502432646604,+0000.0000008281591073,+0000.0000031231925383,+0000.0659494702113378,+0000.0000000000046423,+0000.0000003888117380,+0000.0000000001156150,+0000.0000096504072803,+0000.2314451031764916,+0000.0000002649464988,+0000.0104920113818610
+0000.5455089353316882,+0000.1419113433399543,+0000.0000008207042776,+0000.0000031579290835,+0000.0675841922478020,+0000.0000000000046946,+0000.0000003985463844,+0000.0000000001169207,+0000.0000098928276545,+0000.2340174534297727,+0000.0000002727866158,+0000.0109635327351517
+0000.5405873038431800,+0000.1421334420051970,+0000.0000008132770510,+0000.0000031925041024,+0000.0692356929998402,+0000.0000000000047466,+0000.0000004083833136,+0000.0000000001182206,+0000.0000101378148337,+0000.2365778975306479,+0000.0000002807703853,+0000.0114508307484817
+0000.5356845501311633,+0000.1423165569462845,+0000.0000008058782270,+0000.0000032269115944,+0000.0709035545967763,+0000.0000000000047984,+0000.0000004183200680,+0000.0000000001195145,+0000.0000103853078749,+0000.2391259922077573,+0000.0000002888983091,+0000.0119542206776325
+0000.5308011889681160,+0000.1424607278941947,+0000.0000007985085846,+0000.0000032611456257,+0000.0725873462325129,+0000.0000000000048499,+0000.0000004283541115,+0000.0000000001208020,+0000.0000106352438692,+0000.2416612991066244,+0000.0000002971708488,+0000.0124740172498604
+0000.5259377218051763,+0000.1425660164643256,+0000.0000007911688831,+0000.0000032952003299,+0000.0742866243495478,+0000.0000000000049011,+0000.0000004384828306,+0000.0000000001220829,+0000.0000108875579690,+0000.2441833848181777,+0000.0000003055884253,+0000.0130105344373506
+0000.5210946369479170,+0000.1426325059860668,+0000.0000007838598618,+0000.0000033290699080,+0000.0760009328327336,+0000.0000000000049521,+0000.0000004487035354,+0000.0000000001233571,+0000.0000111421834155,+0000.2466918209095118,+0000.0000003141514183,+0000.0135640852273226
+0000.5162724097329444,+0000.1426603013226548,+0000.0000007765822404,+0000.0000033627486293,+0000.0777298032127776,+0000.0000000000050028,+0000.0000004590134614,+0000.0000000001246243,+0000.0000113990515683,+0000.2491861839569726,+0000.0000003228601657,+0000.0141349813889584
+0000.5114715027050323,+0000.1426495286813651,+0000.0000007693367195,+0000.0000033962308319,+0000.0794727548794724,+0000.0000000000050532,+0000.0000004694097697,+0000.0000000001258843,+0000.0000116580919362,+0000.2516660555816438,+0000.0000003317149634,+0000.0147235332373281
+0000.5066923657945058,+0000.1426003354140856,+0000.0000007621239806,+0000.0000034295109227,+0000.0812292953046418,+0000.0000000000051033,+0000.0000004798895493,+0000.0000000001271369,+0000.0000119192322095,+0000.2541310224873006,+0000.0000003407160646,+0000.0153300493944994
+0000.5019354364946135,+0000.1425128898083132,+0000.0000007549446866,+0000.0000034625833784,+0000.0829989202747772,+0000.0000000000051531,+0000.0000004904498179,+0000.0000000001283819,+0000.0000121823982939,+0000.2565806765008821,+0000.0000003498636796,+0000.0159548365480226
+0000.4972011400386352,+0000.1423873808686133,+0000.0000007477994816,+0000.0000034954427460,+0000.0847811141333355,+0000.0000000000052026,+0000.0000005010875236,+0000.0000000001296191,+0000.0000124475143461,+0000.2590146146155300,+0000.0000003591579754,+0000.0165981992069913
+0000.4924898895764841,+0000.1422240180885795,+0000.0000007406889917,+0000.0000035280836432,+0000.0865753500326592,+0000.0000000000052518,+0000.0000005117995461,+0000.0000000001308482,+0000.0000127145028101,+0000.2614324390362228,+0000.0000003685990751,+0000.0172604394558884
+0000.4878020863505773,+0000.1420230312133273,+0000.0000007336138252,+0000.0000035605007595,+0000.0883810901954700,+0000.0000000000053006,+0000.0000005225826985,+0000.0000000001320691,+0000.0000129832844556,+0000.2638337572280283,+0000.0000003781870577,+0000.0179418567064310
+0000.4831381198707669,+0000.1417846699925605,+0000.0000007265745725,+0000.0000035926888564,+0000.0901977861858815,+0000.0000000000053491,+0000.0000005334337289,+0000.0000000001332816,+0000.0000132537784180,+0000.2662181819669865,+0000.0000003879219578,+0000.0186427474476405
+0000.4784983680881271,+0000.1415092039242415,+0000.0000007195718066,+0000.0000036246427683,+0000.0920248791898615,+0000.0000000000053972,+0000.0000005443493217,+0000.0000000001344855,+0000.0000135259022388,+0000.2685853313936201,+0000.0000003978037653,+0000.0193634049943664
+0000.4738831975674129,+0000.1411969219889032,+0000.0000007126060834,+0000.0000036563574033,+0000.0938618003050704,+0000.0000000000054450,+0000.0000005553260998,+0000.0000000001356805,+0000.0000137995719088,+0000.2709348290690645,+0000.0000004078324247,+0000.0201041192345037
+0000.4692929636580165,+0000.1408481323746381,+0000.0000007056779419,+0000.0000036878277442,+0000.0957079708399849,+0000.0000000000054925,+0000.0000005663606260,+0000.0000000001368665,+0000.0000140747019120,+0000.2732663040337937,+0000.0000004180078354,+0000.0208651763751485
+0000.4647280106632613,+0000.1404631621928080,+0000.0000006987879042,+0000.0000037190488487,+0000.0975628026222114,+0000.0000000000055395,+0000.0000005774494052,+0000.0000000001380433,+0000.0000143512052705,+0000.2755793908689107,+0000.0000004283298511,+0000.0216468586879462
+0000.4601886720078827,+0000.1400423571845116,+0000.0000006919364764,+0000.0000037500158511,+0000.0994256983158763,+0000.0000000000055862,+0000.0000005885888858,+0000.0000000001392107,+0000.0000146289935916,+0000.2778737297599591,+0000.0000004387982798,+0000.0224494442538890
+0000.4556752704035615,+0000.1395860814178593,+0000.0000006851241480,+0000.0000037807239624,+0000.1012960517479723,+0000.0000000000056325,+0000.0000005997754620,+0000.0000000001403685,+0000.0000149079771160,+0000.2801489665632035,+0000.0000004494128831,+0000.0232732067078309
+0000.4511881180123825,+0000.1390947169761075,+0000.0000006783513930,+0000.0000038111684718,+0000.1031732482435252,+0000.0000000000056784,+0000.0000006110054756,+0000.0000000001415166,+0000.0000151880647670,+0000.2824047528743138,+0000.0000004601733766,+0000.0241184149829921
+0000.4467275166081075,+0000.1385686636367042,+0000.0000006716186695,+0000.0000038413447473,+0000.1050566649694329,+0000.0000000000057239,+0000.0000006222752182,+0000.0000000001426548,+0000.0000154691642014,+0000.2846407460993806,+0000.0000004710794295,+0000.0249853330557300
+0000.4422937577351616,+0000.1380083385413127,+0000.0000006649264201,+0000.0000038712482368,+0000.1069456712868168,+0000.0000000000057690,+0000.0000006335809332,+0000.0000000001437828,+0000.0000157511818616,+0000.2868566095281788,+0000.0000004821306645,+0000.0258742196908621
+0000.4378871228652389,+0000.1374141758568781,+0000.0000006582750723,+0000.0000039008744695,+0000.1088396291117089,+0000.0000000000058137,+0000.0000006449188179,+0000.0000000001449006,+0000.0000160340230291,+0000.2890520124095840,+0000.0000004933266574,+0000.0267853281878293
