+0001.0000000000000000,+0000.0000000000000000,+0000.0000000000000000,+0000.0000000000000000,+0000.0000000000000000
+0000.9999828245832109,+0000.0000007807007632,+0000.0000154212496425,+0000.0000000096382810,+0000.0000009638281027
+0000.9999395794608046,+0000.0000028183249935,+0000.0000499646983861,+0000.0000000810584715,+0000.0000075564573446
+0000.9998756873507515,+0000.0000057335110739,+0000.0000918109594045,+0000.0000003033424213,+0000.0000264648363490
+0000.9997909133026054,+0000.0000092329649994,+0000.0001343814783192,+0000.0000007892474472,+0000.0000646830066290
+0000.9996823289040960,+0000.0000130916423241,+0000.0001742539256840,+0000.0000016652314656,+0000.0001286602964301
+0000.9995459871566169,+0000.0000171384819744,+0000.0002098680212589,+0000.0000030640396999,+0000.0002239423004501
+0000.9993778246188838,+0000.0000212450058055,+0000.0002407291570701,+0000.0000051192813027,+0000.0003550819369380
+0000.9991741092282006,+0000.0000253162179861,+0000.0002669240824759,+0000.0000079615466355,+0000.0005256889247020
+0000.9989316281475169,+0000.0000292833463476,+0000.0002888311305254,+0000.0000117157118674,+0000.0007385416637429
+0000.9986477328004971,+0000.0000330980583969,+0000.0003069508575934,+0000.0000164991527560,+0000.0009957191307563
+0000.9983203105552546,+0000.0000367278582213,+0000.0003218105056322,+0000.0000224206486698,+0000.0012987304322219
+0000.9979477232790436,+0000.0000401524293643,+0000.0003339131348625,+0000.0000295798047533,+0000.0016486313519761
+0000.9975287352566212,+0000.0000433607356179,+0000.0003437132925899,+0000.0000380668573237,+0000.0020461238578473
+0000.9970624423699885,+0000.0000463487289778,+0000.0003516080254770,+0000.0000479627571872,+0000.0024916381183695
+0000.9965482082340845,+0000.0000491175437483,+0000.0003579364001651,+0000.0000593394491248,+0000.0029853983728776
+0000.9959856094580183,+0000.0000516720795528,+0000.0003629834193706,+0000.0000722602845432,+0000.0035274747585148
+0000.9953743902888200,+0000.0000540198950603,+0000.0003669859102381,+0000.0000867805191536,+0000.0041178233867279
+0000.9947144259355998,+0000.0000561703495353,+0000.0003701390013592,+0000.0001029478593103,+0000.0047563168541956
+0000.9940056934626489,+0000.0000581339416387,+0000.0003726024369247,+0000.0001208030299017,+0000.0054427671288862
+0000.9932482490354603,+0000.0000599218048253,+0000.0003745063543746,+0000.0001403803439455,+0000.0061769424613946
+0000.9924422103578809,+0000.0000615453266885,+0000.0003759563724335,+0000.0001617082596957,+0000.0069585796833011
+0000.9915877432662807,+0000.0000630158660573,+0000.0003770379604776,+0000.0001848099154389,+0000.0077873929917453
+0000.9906850515995113,+0000.0000643445468615,+0000.0003778201258669,+0000.0002097036355126,+0000.0086630800922477
+0000.9897343696157014,+0000.0000655421119786,+0000.0003783584869469,+0000.0002364034036230,+0000.0095853263817504
+0000.9887359563657839,+0000.0000666188236667,+0000.0003786978104964,+0000.0002649193014504,+0000.0105538076986024
+0000.9876900915540291,+0000.0000675843999120,+0000.0003788740924331,+0000.0002952579119394,+0000.0115681920416865
+0000.9865970725166858,+0000.0000684479782177,+0000.0003789162549588,+0000.0003274226876935,+0000.0126281405624442
+0000.9854572120324054,+0000.0000692181001227,+0000.0003788475251845,+0000.0003614142856100,+0000.0137333080566773
+0000.9842708367444132,+0000.0000699027111566,+0000.0003786865514471,+0000.0003972308693800,+0000.0148833431236033
+0000.9830382860269878,+0000.0000705091720714,+0000.0003784483049610,+0000.0004348683817841,+0000.0160778881141955
+0000.9817599111699764,+0000.0000710442780984,+0000.0003781448066422,+0000.0004743207888936,+0000.0173165789563894
+0000.9804360747869866,+0000.0000715142837037,+0000.0003777857120822,+0000.0005155802983575,+0000.0185990449188701
+0000.9790671503774606,+0000.0000719249308919,+0000.0003773787817625,+0000.0005586375539642,+0000.0199249083559209
+0000.9776535219915147,+0000.0000722814795685,+0000.0003769302586399,+0000.0006034818086117,+0000.0212937844616651
+0000.9761955839605863,+0000.0000725887388304,+0000.0003764451711018,+0000.0006501010777384,+0000.0227052810517431
+0000.9746937406675200,+0000.0000728510983461,+0000.0003759275758784,+0000.0006984822751560,+0000.0241589983830996
+0000.9731484063376296,+0000.0000730725592064,+0000.0003753807527050,+0000.0007486113331005,+0000.0256545290173585
+0000.9715600048380736,+0000.0000732567638073,+0000.0003748073602451,+0000.0008004733081880,+0000.0271914577296860
+0000.9699289694771266,+0000.0000734070244615,+0000.0003742095609359,+0000.0008540524748261,+0000.0287693614626501
+0000.9682557427979988,+0000.0000735263505400,+0000.0003735891209143,+0000.0009093324075004,+0000.0303878093230465
+0000.9665407763640269,+0000.0000736174740287,+0000.0003729474899746,+0000.0009662960532256,+0000.0320463626187440
+0000.9647845305335840,+0000.0000736828734435,+0000.0003722858655294,+0000.0010249257953288,+0000.0337445749321145
+0000.9629874742241059,+0000.0000737247960952,+0000.0003716052437598,+0000.0010852035096169,+0000.0354819922264220
+0000.9611500846653336,+0000.0000737452787287,+0000.0003709064605108,+0000.0011471106138707,+0000.0372581529815560
+0000.9592728471422975,+0000.0000737461665837,+0000.0003701902239770,+0000.0012106281115094,+0000.0390725883556326
+0000.9573562547288603,+0000.0000737291309431,+0000.0003694571408202,+0000.0012757366301761,+0000.0409248223692005
+0000.9554008080127692,+0000.0000736956852452,+0000.0003687077370308,+0000.0013424164559112,+0000.0428143721090437
+0000.9534070148132227,+0000.0000736471998414,+0000.0003679424745851,+0000.0014106475635042,+0000.0447407479488469
+0000.9513753898919740,+0000.0000735849154860,+0000.0003671617647379,+0000.0014804096435433,+0000.0467034537842586
+0000.9493064546589556,+0000.0000735099556447,+0000.0003663659786269,+0000.0015516821266223,+0000.0487019872801504
+0000.9472007368733497,+0000.0000734233377072,+0000.0003655554557247,+0000.0016244442051059,+0000.0507358401281126
+0000.9450587703409873,+0000.0000733259831871,+0000.0003647305105708,+0000.0016986748528038,+0000.0528044983124508
+0000.9428810946088687,+0000.0000732187269890,+0000.0003638914381288,+0000.0017743528428620,+0000.0549074423831516
+0000.9406682546575408,+0000.0000731023258188,+0000.0003630385180436,+0000.0018514567641350,+0000.0570441477344618
+0000.9384208005920109,+0000.0000729774658089,+0000.0003621720180194,+0000.0019299650362717,+0000.0592140848878890
+0000.9361392873317981,+0000.0000728447694247,+0000.0003612921964962,+0000.0020098559237119,+0000.0614167197785692
+0000.9338242743006855,+0000.0000727048017163,+0000.0003603993047633,+0000.0020911075487665,+0000.0636515140440684
+0000.9314763251166801,+0000.0000725580759726,+0000.0003594935886260,+0000.0021736979039264,+0000.0659179253147947
+0000.9290960072826440,+0000.0000724050588311,+0000.0003585752897125,+0000.0022576048635259,+0000.0682154075052865
+0000.9266838918780193,+0000.0000722461748943,+0000.0003576446464955,+0000.0023428061948661,+0000.0705434111057250
+0000.9242405532520448,+0000.0000720818108972,+0000.0003567018950845,+0000.0024292795688880,+0000.0729013834730852
+0000.9217665687188211,+0000.0000719123194673,+0000.0003557472698370,+0000.0025170025704706,+0000.0752887691214041
+0000.9192625182545537,+0000.0000717380225167,+0000.0003547810038227,+0000.0026059527084150,+0000.0777050100106918
+0000.9167289841972994,+0000.0000715592142995,+0000.0003538033291730,+0000.0026961074251679,+0000.0801495458340605
+0000.9141665509494876,+0000.0000713761641669,+0000.0003528144773376,+0000.0027874441063248,+0000.0826218143026831
+0000.9115758046835054,+0000.0000711891190502,+0000.0003518146792674,+0000.0028799400899476,+0000.0851212514282293
+0000.9089573330505847,+0000.0000709983056952,+0000.0003508041655398,+0000.0029735726757239,+0000.0876472918024562
+0000.9063117248932431,+0000.0000708039326749,+0000.0003497831664369,+0000.0030683191339872,+0000.0901993688736577
+0000.9036395699614933,+0000.0000706061922000,+0000.0003487519119876,+0000.0031641567146161,+0000.0927769152197029
+0000.9009414586330384,+0000.0000704052617478,+0000.0003477106319805,+0000.0032610626558219,+0000.0953793628174113
+0000.8982179816376485,+0000.0000702013055276,+0000.0003466595559542,+0000.0033590141928341,+0000.0980061433080359
+0000.8954697297859041,+0000.0000699944757978,+0000.0003455989131700,+0000.0034579885664873,+0000.1006566882586408
+0000.8926972937024884,+0000.0000697849140497,+0000.0003445289325707,+0000.0035579630317128,+0000.1033304294191783
+0000.8899012635641823,+0000.0000695727520716,+0000.0003434498427289,+0000.0036589148659345,+0000.1060267989750829
+0000.8870822288427245,+0000.0000693581129044,+0000.0003423618717871,+0000.0037608213773681,+0000.1087452297952156
+0000.8842407780526808,+0000.0000691411117002,+0000.0003412652473918,+0000.0038636599132203,+0000.1114851556750067
+0000.8813774985044461,+0000.0000689218564925,+0000.0003401601966237,+0000.0039674078677847,+0000.1142460115746529
+0000.8784929760625151,+0000.0000687004488883,+0000.0003390469459245,+0000.0040720426904293,+0000.1170272338522430
+0000.8755877949091279,+0000.0000684769846883,+0000.0003379257210215,+0000.0041775418934709,+0000.1198282604916912
+0000.8726625373133990,+0000.0000682515544443,+0000.0003367967468516,+0000.0042838830599299,+0000.1226485313253748
+0000.8697177834060207,+0000.0000680242439579,+0000.0003356602474849,+0000.0043910438511603,+0000.1254874882513760
+0000.8667541109596293,+0000.0000677951347283,+0000.0003345164460477,+0000.0044990020143494,+0000.1283445754452454
+0000.8637720951749117,+0000.0000675643043537,+0000.0003333655646470,+0000.0046077353898791,+0000.1312192395662084
+0000.8607723084725200,+0000.0000673318268904,+0000.0003322078242950,+0000.0047172219185457,+0000.1341109299577489
+0000.8577553202908479,+0000.0000670977731749,+0000.0003310434448358,+0000.0048274396486297,+0000.1370190988425119
+0000.8547216968897271,+0000.0000668622111121,+0000.0003298726448728,+0000.0049383667428122,+0000.1399432015114760
+0000.8516720011600811,+0000.0000666252059332,+0000.0003286956416977,+0000.0050499814849312,+0000.1428826965073571
+0000.8486067924395693,+0000.0000663868204266,+0000.0003275126512222,+0000.0051622622865730,+0000.1458370458022090
+0000.8455266263342506,+0000.0000661471151443,+0000.0003263238879101,+0000.0052751876934948,+0000.1488057149691998
+0000.8424320545462813,+0000.0000659061485866,+0000.0003251295647128,+0000.0053887363918735,+0000.1517881733485458
+0000.8393236247076545,+0000.0000656639773667,+0000.0003239298930061,+0000.0055028872143765,+0000.1547838942075958
+0000.8362018802199951,+0000.0000654206563585,+0000.0003227250825292,+0000.0056176191460520,+0000.1577923548950650
+0000.8330673601003885,+0000.0000651762388277,+0000.0003215153413258,+0000.0057329113300341,+0000.1608130369894239
+0000.8299205988332456,+0000.0000649307765498,+0000.0003203008756881,+0000.0058487430730620,+0000.1638454264414543
+0000.8267621262281810,+0000.0000646843199146,+0000.0003190818901016,+0000.0059650938508083,+0000.1668890137109945
+0000.8235924672838727,+0000.0000644369180198,+0000.0003178585871936,+0000.0060819433130174,+0000.1699432938978964
+0000.8204121420578863,+0000.0000641886187542,+0000.0003166311676829,+0000.0061992712884490,+0000.1730077668672276
+0000.8172216655424089,+0000.0000639394688723,+0000.0003153998303324,+0000.0063170577896288,+0000.1760819373687574
+0000.8140215475458663,+0000.0000636895140603,+0000.0003141647719033,+0000.0064352830174034,+0000.1791653151507668
+0000.8108122925803601,+0000.0000634387989951,+0000.0003129261871118,+0000.0065539273652986,+0000.1822574150682343
+0000.8075943997548827,+0000.0000631873673968,+0000.0003116842685884,+0000.0066729714236832,+0000.1853577571854487
+0000.8043683626742417,+0000.0000629352620757,+0000.0003104392068388,+0000.0067923959837358,+0000.1884658668731082
+0000.8011346693436351,+0000.0000626825249734,+0000.0003091911902070,+0000.0069121820412162,+0000.1915812748999682
+0000.7978938020788097,+0000.0000624291972005,+0000.0003079404048409,+0000.0070323108000428,+0000.1947035175191062
+0000.7946462374217238,+0000.0000621753190689,+0000.0003066870346596,+0000.0071527636756753,+0000.1978321365488724
+0000.7913924460616449,+0000.0000619209301218,+0000.0003054312613233,+0000.0072735222983056,+0000.2009666794486041
+0000.7881328927615979,+0000.0000616660691594,+0000.0003041732642049,+0000.0073945685158572,+0000.2041066993891805
+0000.7848680362900782,+0000.0000614107742622,+0000.0003029132203633,+0000.0075158843967962,+0000.2072517553185002
+0000.7815983293579484,+0000.0000611550828121,+0000.0003016513045196,+0000.0076374522327536,+0000.2104014120219663
+0000.7783242185604227,+0000.0000608990315107,+0000.0003003876890342,+0000.0077592545409642,+0000.2135552401780682
+0000.7750461443240475,+0000.0000606426563959,+0000.0002991225438870,+0000.0078812740665213,+0000.2167128164091482
+0000.7717645408585838,+0000.0000603859928567,+0000.0002978560366582,+0000.0080034937844527,+0000.2198737233274487
+0000.7684798361136920,+0000.0000601290756467,+0000.0002965883325120,+0000.0081258969016176,+0000.2230375495765317
+0000.7651924517403207,+0000.0000598719388956,+0000.0002953195941815,+0000.0082484668584304,+0000.2262038898681716
+0000.7619028030566949,+0000.0000596146161207,+0000.0002940499819558,+0000.0083711873304121,+0000.2293723450148165
+0000.7586112990188014,+0000.0000593571402358,+0000.0002927796536684,+0000.0084940422295737,+0000.2325425219577207
+0000.7553183421952678,+0000.0000590995435609,+0000.0002915087646877,+0000.0086170157056338,+0000.2357140337908497
+0000.7520243287465256,+0000.0000588418578297,+0000.0002902374679088,+0000.0087400921470756,+0000.2388864997806602
+0000.7487296484081525,+0000.0000585841141971,+0000.0002889659137471,+0000.0088632561820441,+0000.2420595453818591
+0000.7454346844782831,+0000.0000583263432465,+0000.0002876942501336,+0000.0089864926790897,+0000.2452328022492473
+0000.7421398138089814,+0000.0000580685749954,+0000.0002864226225114,+0000.0091097867477600,+0000.2484059082457521
+0000.7388454068014640,+0000.0000578108389020,+0000.0002851511738339,+0000.0092331237390439,+0000.2515785074467562
+0000.7355518274050651,+0000.0000575531638703,+0000.0002838800445645,+0000.0093564892456730,+0000.2547502501408272
+0000.7322594331198299,+0000.0000572955782558,+0000.0002826093726774,+0000.0094798691022815,+0000.2579207928269553
+0000.7289685750026318,+0000.0000570381098700,+0000.0002813392936604,+0000.0096032493854312,+0000.2610897982084067
+0000.7256795976766968,+0000.0000567807859858,+0000.0002800699405178,+0000.0097266164135035,+0000.2642569351832961
+0000.7223928393444320,+0000.0000565236333416,+0000.0002788014437763,+0000.0098499567464631,+0000.2674218788319869
+0000.7191086318034423,+0000.0000562666781464,+0000.0002775339314904,+0000.0099732571854972,+0000.2705843104014238
+0000.7158273004656297,+0000.0000560099460838,+0000.0002762675292501,+0000.0100965047725339,+0000.2737439172865024
+0000.7125491643792687,+0000.0000557534623165,+0000.0002750023601897,+0000.0102196867896442,+0000.2769003930085810
+0000.7092745362539437,+0000.0000554972514908,+0000.0002737385449967,+0000.0103427907583302,+0000.2800534371912386
+0000.7060037224882498,+0000.0000552413377407,+0000.0002724762019232,+0000.0104658044387055,+0000.2832027555333807
+0000.7027370232001453,+0000.0000549857446920,+0000.0002712154467972,+0000.0105887158285694,+0000.2863480597797962
+0000.6994747322598525,+0000.0000547304954672,+0000.0002699563930357,+0000.0107115131623802,+0000.2894890676892645
+0000.6962171373252061,+0000.0000544756126891,+0000.0002686991516576,+0000.0108341849101312,+0000.2926255030003162
+0000.6929645198793422,+0000.0000542211184856,+0000.0002674438312991,+0000.0109567197761326,+0000.2957570953947406
+0000.6897171552706318,+0000.0000539670344938,+0000.0002661905382287,+0000.0110791066977037,+0000.2988835804589420
+0000.6864753127547554,+0000.0000537133818646,+0000.0002649393763633,+0000.0112013348437784,+0000.3020046996432383
+0000.6832392555388220,+0000.0000534601812669,+0000.0002636904472855,+0000.0113233936134289,+0000.3051202002191966
+0000.6800092408274375,+0000.0000532074528924,+0000.0002624438502614,+0000.0114452726343095,+0000.3082298352350994
+0000.6767855198706236,+0000.0000529552164598,+0000.0002611996822587,+0000.0115669617610254,+0000.3113333634696325
+0000.6735683380135001,+0000.0000527034912196,+0000.0002599580379664,+0000.0116884510734301,+0000.3144305493838839
+0000.6703579347476305,+0000.0000524522959589,+0000.0002587190098143,+0000.0118097308748533,+0000.3175211630717432
+0000.6671545437639492,+0000.0000522016490058,+0000.0002574826879933,+0000.0119307916902649,+0000.3206049802087866
+0000.6639583930071783,+0000.0000519515682344,+0000.0002562491604770,+0000.0120516242643763,+0000.3236817819997339
+0000.6607697047316459,+0000.0000517020710696,+0000.0002550185130424,+0000.0121722195596844,+0000.3267513551245578
+0000.6575886955584258,+0000.0000514531744917,+0000.0002537908292928,+0000.0122925687544592,+0000.3298134916833306
+0000.6544155765337130,+0000.0000512048950419,+0000.0002525661906795,+0000.0124126632406809,+0000.3328679891398848
+0000.6512505531883550,+0000.0000509572488269,+0000.0002513446765256,+0000.0125324946219265,+0000.3359146502643658
+0000.6480938255984611,+0000.0000507102515237,+0000.0002501263640486,+0000.0126520547112119,+0000.3389532830747545
+0000.6449455884470094,+0000.0000504639183855,+0000.0002489113283849,+0000.0127713355287902,+0000.3419837007774299
+0000.6418060310863820,+0000.0000502182642460,+0000.0002476996426135,+0000.0128903292999103,+0000.3450057217068481
+0000.6386753376017509,+0000.0000499733035249,+0000.0002464913777805,+0000.0130090284525387,+0000.3480191692644052
+0000.6355536868752443,+0000.0000497290502334,+0000.0002452866029239,+0000.0131274256150461,+0000.3510238718565524
+0000.6324412526508277,+0000.0000494855179788,+0000.0002440853850987,+0000.0132455136138626,+0000.3540196628322322
+0000.6293382035998263,+0000.0000492427199705,+0000.0002428877894023,+0000.0133632854711042,+0000.3570063804196968
+0000.6262447033870294,+0000.0000490006690247,+0000.0002416938789998,+0000.0134807344021718,+0000.3599838676627744
+0000.6231609107373101,+0000.0000487593775701,+0000.0002405037151495,+0000.0135978538133270,+0000.3629519723566429
+0000.6200869795027013,+0000.0000485188576533,+0000.0002393173572295,+0000.0137146372992456,+0000.3659105469831703
+0000.6170230587298637,+0000.0000482791209437,+0000.0002381348627630,+0000.0138310786405518,+0000.3688594486458777
+0000.6139692927278961,+0000.0000480401787397,+0000.0002369562874450,+0000.0139471718013352,+0000.3717985390045843
+0000.6109258211364244,+0000.0000478020419732,+0000.0002357816851681,+0000.0140629109266533,+0000.3747276842097809
+0000.6078927789939212,+0000.0000475647212157,+0000.0002346111080494,+0000.0141782903400209,+0000.3776467548367926
+0000.6048702968062002,+0000.0000473282266835,+0000.0002334446064564,+0000.0142933045408882,+0000.3805556258197716
+0000.6018585006150374,+0000.0000470925682430,+0000.0002322822290340,+0000.0144079482021111,+0000.3834541763855746
+0000.5988575120668699,+0000.0000468577554163,+0000.0002311240227306,+0000.0145222161674139,+0000.3863422899875692
+0000.5958674484815273,+0000.0000466237973866,+0000.0002299700328246,+0000.0146361034488473,+0000.3892198542394142
+0000.5928884229209471,+0000.0000463907030035,+0000.0002288203029516,+0000.0147496052242431,+0000.3920867608488546
+0000.5899205442578359,+0000.0000461584807885,+0000.0002276748751299,+0000.0148627168346673,+0000.3949429055515785
+0000.5869639172442302,+0000.0000459271389404,+0000.0002265337897877,+0000.0149754337818734,+0000.3977881880451683
+0000.5840186425799219,+0000.0000456966853408,+0000.0002253970857893,+0000.0150877517257576,+0000.4006225119231902
+0000.5810848169807064,+0000.0000454671275592,+0000.0002242648004614,+0000.0151996664818168,+0000.4034457846094562
+0000.5781625332464179,+0000.0000452384728584,+0000.0002231369696192,+0000.0153111740186118,+0000.4062579172924928
+0000.5752518803287188,+0000.0000450107282002,+0000.0002220136275928,+0000.0154222704552365,+0000.4090588248602518
+0000.5723529433986079,+0000.0000447839002502,+0000.0002208948072534,+0000.0155329520587943,+0000.4118484258350942
+0000.5694658039136165,+0000.0000445579953833,+0000.0002197805400388,+0000.0156432152418837,+0000.4146266423090779
+0000.5665905396846604,+0000.0000443330196890,+0000.0002186708559794,+0000.0157530565600933,+0000.4173933998795778
+0000.5637272249425226,+0000.0000441089789766,+0000.0002175657837240,+0000.0158624727095091,+0000.4201486275852678
+0000.5608759304039338,+0000.0000438858787801,+0000.0002164653505651,+0000.0159714605242327,+0000.4228922578424884
+0000.5580367233372310,+0000.0000436637243639,+0000.0002153695824643,+0000.0160800169739136,+0000.4256242263820270
+0000.5552096676275634,+0000.0000434425207274,+0000.0002142785040777,+0000.0161881391612963,+0000.4283444721863350
+0000.5523948238416266,+0000.0000432222726103,+0000.0002131921387804,+0000.0162958243197818,+0000.4310529374272010
+0000.5495922492918991,+0000.0000430029844977,+0000.0002121105086916,+0000.0164030698110060,+0000.4337495674039055
+0000.5468019981003662,+0000.0000427846606247,+0000.0002110336346994,+0000.0165098731224353,+0000.4364343104818745
+0000.5440241212617027,+0000.0000425673049821,+0000.0002099615364846,+0000.0166162318649798,+0000.4391071180318508
+0000.5412586667059059,+0000.0000423509213206,+0000.0002088942325455,+0000.0167221437706253,+0000.4417679443696027
+0000.5385056793603524,+0000.0000421355131558,+0000.0002078317402213,+0000.0168276066900852,+0000.4444167466961851
+0000.5357652012112699,+0000.0000419210837733,+0000.0002067740757164,+0000.0169326185904720,+0000.4470534850387682
+0000.5330372713646038,+0000.0000417076362333,+0000.0002057212541233,+0000.0170371775529899,+0000.4496781221920496
+0000.5303219261062672,+0000.0000414951733753,+0000.0002046732894463,+0000.0171412817706488,+0000.4522906236602623
+0000.5276191989617597,+0000.0000412836978227,+0000.0002036301946242,+0000.0172449295460003,+0000.4548909575997933
+0000.5249291207551442,+0000.0000410732119876,+0000.0002025919815535,+0000.0173481192888960,+0000.4574790947624189
+0000.5222517196673697,+0000.0000408637180752,+0000.0002015586611101,+0000.0174508495142692,+0000.4600550084391757
+0000.5195870212939304,+0000.0000406552180883,+0000.0002005302431726,+0000.0175531188399394,+0000.4626186744048693
+0000.5169350487018509,+0000.0000404477138321,+0000.0001995067366434,+0000.0176549259844414,+0000.4651700708632324
+0000.5142958224859898,+0000.0000402412069182,+0000.0001984881494710,+0000.0177562697648780,+0000.4677091783927428
+0000.5116693608246558,+0000.0000400356987689,+0000.0001974744886711,+0000.0178571490947979,+0000.4702359798931064
+0000.5090556795345232,+0000.0000398311906221,+0000.0001964657603480,+0000.0179575629820978,+0000.4727504605324091
+0000.5064547921248510,+0000.0000396276835348,+0000.0001954619697155,+0000.0180575105269505,+0000.4752526076949483
+0000.5038667098509898,+0000.0000394251783879,+0000.0001944631211176,+0000.0181569909197578,+0000.4777424109297471
+0000.5012914417671781,+0000.0000392236758898,+0000.0001934692180486,+0000.0182560034391294,+0000.4802198618997539
+0000.4987289947786249,+0000.0000390231765809,+0000.0001924802631735,+0000.0183545474498877,+0000.4826849543317332
+0000.4961793736928675,+0000.0000388236808375,+0000.0001914962583478,+0000.0184526224010987,+0000.4851376839668484
+0000.4936425812704149,+0000.0000386251888756,+0000.0001905172046369,+0000.0185502278241288,+0000.4875780485119436
+0000.4911186182746607,+0000.0000384277007550,+0000.0001895431023353,+0000.0186473633307284,+0000.4900060475915202
+0000.4886074835210752,+0000.0000382312163831,+0000.0001885739509860,+0000.0187440286111416,+0000.4924216827004141
+0000.4861091739256686,+0000.0000380357355185,+0000.0001876097493987,+0000.0188402234322427,+0000.4948249571571716
+0000.4836236845527304,+0000.0000378412577752,+0000.0001866504956684,+0000.0189359476356992,+0000.4972158760581268
+0000.4811510086618416,+0000.0000376477826257,+0000.0001856961871939,+0000.0190312011361610,+0000.4995944462321777
+0000.4786911377541609,+0000.0000374553094052,+0000.0001847468206950,+0000.0191259839194772,+0000.5019606761962618
+0000.4762440616179875,+0000.0000372638373145,+0000.0001838023922306,+0000.0192202960409386,+0000.5043145761115285
+0000.4738097683736021,+0000.0000370733654243,+0000.0001828628972158,+0000.0193141376235474,+0000.5066561577402108
+0000.4713882445173844,+0000.0000368838926779,+0000.0001819283304390,+0000.0194075088563131,+0000.5089854344031857
+0000.4689794749652172,+0000.0000366954178951,+0000.0001809986860787,+0000.0195004099925754,+0000.5113024209382336
+0000.4665834430951716,+0000.0000365079397753,+0000.0001800739577197,+0000.0195928413483532,+0000.5136071336589805
+0000.4642001307894814,+0000.0000363214569009,+0000.0001791541383697,+0000.0196848033007199,+0000.5158995903145284
+0000.4618295184758096,+0000.0000361359677404,+0000.0001782392204748,+0000.0197762962862057,+0000.5181798100497694
+0000.4594715851678102,+0000.0000359514706519,+0000.0001773291959356,+0000.0198673207992249,+0000.5204478133663775
+0000.4571263085049886,+0000.0000357679638857,+0000.0001764240561222,+0000.0199578773905305,+0000.5227036220844727
+0000.4547936647918684,+0000.0000355854455878,+0000.0001755237918895,+0000.0200479666656938,+0000.5249472593049606
+0000.4524736290364643,+0000.0000354039138026,+0000.0001746283935921,+0000.0201375892836103,+0000.5271787493725306
+0000.4501661749880720,+0000.0000352233664762,+0000.0001737378510988,+0000.0202267459550309,+0000.5293981178393220
+0000.4478712751743757,+0000.0000350438014591,+0000.0001728521538069,+0000.0203154374411185,+0000.5316053914292400
+0000.4455889009378799,+0000.0000348652165088,+0000.0001719712906561,+0000.0204036645520305,+0000.5338005980029247
+0000.4433190224716738,+0000.0000346876092932,+0000.0001710952501429,+0000.0204914281455254,+0000.5359837665233647
+0000.4410616088545299,+0000.0000345109773929,+0000.0001702240203334,+0000.0205787291255952,+0000.5381549270221491
+0000.4388166280853463,+0000.0000343353183038,+0000.0001693575888770,+0000.0206655684411214,+0000.5403141105663515
+0000.4365840471169385,+0000.0000341606294403,+0000.0001684959430196,+0000.0207519470845571,+0000.5424613492260444
+0000.4343638318891858,+0000.0000339869081372,+0000.0001676390696157,+0000.0208378660906313,+0000.5445966760424302
+0000.4321559473615378,+0000.0000338141516529,+0000.0001667869551420,+0000.0209233265350790,+0000.5467201249965885
+0000.4299603575448940,+0000.0000336423571713,+0000.0001659395857086,+0000.0210083295333939,+0000.5488317309788319
+0000.4277770255328551,+0000.0000334715218047,+0000.0001650969470718,+0000.0210928762396056,+0000.5509315297586628
+0000.4256059135323575,+0000.0000333016425960,+0000.0001642590246458,+0000.0211769678450790,+0000.5530195579553214
+0000.4234469828936996,+0000.0000331327165211,+0000.0001634258035140,+0000.0212606055773378,+0000.5550958530089277
+0000.4213001941399616,+0000.0000329647404909,+0000.0001625972684406,+0000.0213437906989099,+0000.5571604531521966
+0000.4191655069958325,+0000.0000327977113543,+0000.0001617734038817,+0000.0214265245061966,+0000.5592133973827349
+0000.4170428804158463,+0000.0000326316258996,+0000.0001609541939961,+0000.0215088083283625,+0000.5612547254358955
+0000.4149322726120374,+0000.0000324664808570,+0000.0001601396226562,+0000.0215906435262484,+0000.5632844777582007
+0000.4128336410810245,+0000.0000323022729010,+0000.0001593296734581,+0000.0216720314913064,+0000.5653026954813101
+0000.4107469426305243,+0000.0000321389986518,+0000.0001585243297321,+0000.0217529736445548,+0000.5673094203965373
+0000.4086721334053100,+0000.0000319766546781,+0000.0001577235745527,+0000.0218334714355563,+0000.5693046949299030
+0000.4066091689126178,+0000.0000318152374984,+0000.0001569273907482,+0000.0219135263414157,+0000.5712885621177198
+0000.4045580040470093,+0000.0000316547435836,+0000.0001561357609106,+0000.0219931398657986,+0000.5732610655826983
+0000.4025185931146979,+0000.0000314951693582,+0000.0001553486674047,+0000.0220723135379710,+0000.5752222495105686
+0000.4004908898573488,+0000.0000313365112029,+0000.0001545660923776,+0000.0221510489118583,+0000.5771721586272124
+0000.3984748474753577,+0000.0000311787654557,+0000.0001537880177673,+0000.0222293475651248,+0000.5791108381762944
+0000.3964704186506155,+0000.0000310219284142,+0000.0001530144253118,+0000.0223072110982721,+0000.5810383338973866
+0000.3944775555687691,+0000.0000308659963372,+0000.0001522452965576,+0000.0223846411337577,+0000.5829546920045784
+0000.3924962099409852,+0000.0000307109654463,+0000.0001514806128679,+0000.0224616393151315,+0000.5848599591655691
+0000.3905263330252236,+0000.0000305568319277,+0000.0001507203554312,+0000.0225382073061918,+0000.5867541824812258
+0000.3885678756470271,+0000.0000304035919337,+0000.0001499645052691,+0000.0226143467901599,+0000.5886374094656106
+0000.3866207882198392,+0000.0000302512415843,+0000.0001492130432439,+0000.0226900594688720,+0000.5905096880264606
+0000.3846850207648531,+0000.0000300997769691,+0000.0001484659500669,+0000.0227653470619898,+0000.5923710664461211
+0000.3827605229304020,+0000.0000299491941482,+0000.0001477232063052,+0000.0228402113062284,+0000.5942215933629162
+0000.3808472440108955,+0000.0000297994891541,+0000.0001469847923894,+0000.0229146539546018,+0000.5960613177529590
+0000.3789451329653149,+0000.0000296506579932,+0000.0001462506886207,+0000.0229886767756849,+0000.5978902889123865
+0000.3770541384352677,+0000.0000295026966468,+0000.0001455208751777,+0000.0230622815528930,+0000.5997085564400149
+0000.3751742087626148,+0000.0000293556010730,+0000.0001447953321234,+0000.0231354700837773,+0000.6015161702204114
+0000.3733052920066741,+0000.0000292093672077,+0000.0001440740394117,+0000.0232082441793368,+0000.6033131804073695
+0000.3714473359610088,+0000.0000290639909659,+0000.0001433569768941,+0000.0232806056633467,+0000.6050996374077844
+0000.3696002881698088,+0000.0000289194682433,+0000.0001426441243255,+0000.0233525563717014,+0000.6068755918659212
+0000.3677640959438688,+0000.0000287757949171,+0000.0001419354613711,+0000.0234240981517740,+0000.6086410946480690
+0000.3659387063761763,+0000.0000286329668476,+0000.0001412309676118,+0000.0234952328617907,+0000.6103961968275735
+0000.3641240663571089,+0000.0000284909798793,+0000.0001405306225505,+0000.0235659623702199,+0000.6121409496702414
+0000.3623201225892551,+0000.0000283498298419,+0000.0001398344056174,+0000.0236362885551758,+0000.6138754046201100
+0000.3605268216018591,+0000.0000282095125515,+0000.0001391422961760,+0000.0237062133038374,+0000.6155996132855759
+0000.3587441097649031,+0000.0000280700238119,+0000.0001384542735281,+0000.0237757385118805,+0000.6173136274258763
+0000.3569719333028265,+0000.0000279313594154,+0000.0001377703169197,+0000.0238448660829241,+0000.6190174989379144
+0000.3552102383078951,+0000.0000277935151439,+0000.0001370904055454,+0000.0239135979279906,+0000.6207112798434250
+0000.3534589707532227,+0000.0000276564867701,+0000.0001364145185539,+0000.0239819359649795,+0000.6223950222764740
+0000.3517180765054549,+0000.0000275202700584,+0000.0001357426350531,+0000.0240498821181532,+0000.6240687784712801
+0000.3499875013371183,+0000.0000273848607656,+0000.0001350747341143,+0000.0241174383176377,+0000.6257326007503641
+0000.3482671909386423,+0000.0000272502546424,+0000.0001344107947771,+0000.0241846064989339,+0000.6273865415130041
+0000.3465570909300635,+0000.0000271164474337,+0000.0001337507960540,+0000.0242513886024427,+0000.6290306532240060
+0000.3448571468724130,+0000.0000269834348800,+0000.0001330947169349,+0000.0243177865730018,+0000.6306649884027704
+0000.3431673042787967,+0000.0000268512127179,+0000.0001324425363908,+0000.0243838023594346,+0000.6322895996126597
+0000.3414875086251752,+0000.0000267197766811,+0000.0001317942333788,+0000.0244494379141110,+0000.6339045394506542
+0000.3398177053608441,+0000.0000265891225014,+0000.0001311497868455,+0000.0245146951925190,+0000.6355098605372902
+0000.3381578399186283,+0000.0000264592459091,+0000.0001305091757310,+0000.0245795761528490,+0000.6371056155068824
+0000.3365078577247895,+0000.0000263301426341,+0000.0001298723789732,+0000.0246440827555875,+0000.6386918569980155
+0000.3348677042086562,+0000.0000262018084064,+0000.0001292393755109,+0000.0247082169631233,+0000.6402686376443031
+0000.3332373248119803,+0000.0000260742389572,+0000.0001286101442879,+0000.0247719807393628,+0000.6418360100654116
+0000.3316166649980272,+0000.0000259474300192,+0000.0001279846642561,+0000.0248353760493571,+0000.6433940268583405
+0000.3300056702604036,+0000.0000258213773276,+0000.0001273629143793,+0000.0248984048589385,+0000.6449427405889510
+0000.3284042861316298,+0000.0000256960766205,+0000.0001267448736362,+0000.0249610691343673,+0000.6464822037837464
+0000.3268124581914595,+0000.0000255715236397,+0000.0001261305210237,+0000.0250233708419882,+0000.6480124689218885
+0000.3252301320749565,+0000.0000254477141316,+0000.0001255198355603,+0000.0250853119478971,+0000.6495335884274545
+0000.3236572534803270,+0000.0000253246438473,+0000.0001249127962884,+0000.0251468944176159,+0000.6510456146619212
+0000.3220937681765211,+0000.0000252023085433,+0000.0001243093822782,+0000.0252081202157781,+0000.6525485999168794
+0000.3205396220105995,+0000.0000250807039826,+0000.0001237095726298,+0000.0252689913058225,+0000.6540425964069659
+0000.3189947609148786,+0000.0000249598259345,+0000.0001231133464761,+0000.0253295096496957,+0000.6555276562630152
+0000.3174591309138524,+0000.0000248396701758,+0000.0001225206829859,+0000.0253896772075640,+0000.6570038315254221
+0000.3159326781308994,+0000.0000247202324908,+0000.0001219315613658,+0000.0254494959375332,+0000.6584711741377108
+0000.3144153487947787,+0000.0000246015086723,+0000.0001213459608633,+0000.0255089677953764,+0000.6599297359403093
+0000.3129070892459189,+0000.0000244834945215,+0000.0001207638607690,+0000.0255680947342710,+0000.6613795686645194
+0000.3114078459425063,+0000.0000243661858492,+0000.0001201852404188,+0000.0256268787045430,+0000.6628207239266827
+0000.3099175654663742,+0000.0000242495784755,+0000.0001196100791965,+0000.0256853216534184,+0000.6642532532225354
+0000.3084361945287001,+0000.0000241336682310,+0000.0001190383565356,+0000.0257434255247839,+0000.6656772079217494
+0000.3069636799755134,+0000.0000240184509565,+0000.0001184700519219,+0000.0258011922589535,+0000.6670926392626545
+0000.3054999687930203,+0000.0000239039225039,+0000.0001179051448951,+0000.0258586237924431,+0000.6684995983471375
+0000.3040450081127457,+0000.0000237900787367,+0000.0001173436150511,+0000.0259157220577521,+0000.6698981361357144
+0000.3025987452165008,+0000.0000236769155297,+0000.0001167854420437,+0000.0259724889831523,+0000.6712883034427735
+0000.3011611275411787,+0000.0000235644287703,+0000.0001162306055867,+0000.0260289264924828,+0000.6726701509319815
+0000.2997321026833801,+0000.0000234526143580,+0000.0001156790854553,+0000.0260850365049525,+0000.6740437291118540
+0000.2983116184038763,+0000.0000233414682055,+0000.0001151308614884,+0000.0261408209349486,+0000.6754090883314813
+0000.2968996226319102,+0000.0000232309862383,+0000.0001145859135896,+0000.0261962816918513,+0000.6767662787764108
+0000.2954960634693418,+0000.0000231211643959,+0000.0001140442217292,+0000.0262514206798554,+0000.6781153504646779
+0000.2941008891946405,+0000.0000230119986310,+0000.0001135057659458,+0000.0263062397977975,+0000.6794563532429854
+0000.2927140482667255,+0000.0000229034849111,+0000.0001129705263476,+0000.0263607409389889,+0000.6807893367830271
+0000.2913354893286640,+0000.0000227956192175,+0000.0001124384831138,+0000.0264149259910552,+0000.6821143505779497
+0000.2899651612112237,+0000.0000226883975466,+0000.0001119096164959,+0000.0264687968357806,+0000.6834314439389533
+0000.2886030129362878,+0000.0000225818159095,+0000.0001113839068196,+0000.0265223553489582,+0000.6847406659920249
+0000.2872489937201336,+0000.0000224758703327,+0000.0001108613344851,+0000.0265756034002460,+0000.6860420656748027
+0000.2859030529765786,+0000.0000223705568580,+0000.0001103418799692,+0000.0266285428530277,+0000.6873356917335665
+0000.2845651403199979,+0000.0000222658715430,+0000.0001098255238260,+0000.0266811755642787,+0000.6886215927203543
+0000.2832352055682145,+0000.0000221618104612,+0000.0001093122466881,+0000.0267335033844376,+0000.6898998169901984
+0000.2819131987452670,+0000.0000220583697022,+0000.0001088020292677,+0000.0267855281572823,+0000.6911704126984806
+0000.2805990700840579,+0000.0000219555453720,+0000.0001082948523576,+0000.0268372517198105,+0000.6924334277984020
+0000.2792927700288829,+0000.0000218533335930,+0000.0001077906968322,+0000.0268886759021260,+0000.6936889100385659
+0000.2779942492378487,+0000.0000217517305045,+0000.0001072895436484,+0000.0269398025273284,+0000.6949369069606699
+0000.2767034585851773,+0000.0000216507322627,+0000.0001067913738465,+0000.0269906334114080,+0000.6961774658973056
+0000.2754203491634027,+0000.0000215503350407,+0000.0001062961685511,+0000.0270411703631450,+0000.6974106339698605
+0000.2741448722854616,+0000.0000214505350290,+0000.0001058039089718,+0000.0270914151840123,+0000.6986364580865254
+0000.2728769794866814,+0000.0000213513284356,+0000.0001053145764042,+0000.0271413696680836,+0000.6998549849403948
+0000.2716166225266675,+0000.0000212527114857,+0000.0001048281522301,+0000.0271910356019445,+0000.7010662610076722
+0000.2703637533910913,+0000.0000211546804226,+0000.0001043446179190,+0000.0272404147646080,+0000.7022703325459591
+0000.2691183242933861,+0000.0000210572315071,+0000.0001038639550279,+0000.0272895089274340,+0000.7034672455926448
+0000.2678802876763465,+0000.0000209603610182,+0000.0001033861452026,+0000.0273383198540521,+0000.7046570459633804
+0000.2666495962136399,+0000.0000208640652527,+0000.0001029111701779,+0000.0273868493002887,+0000.7058397792506409
+0000.2654262028112283,+0000.0000207683405258,+0000.0001024390117782,+0000.0274350990140968,+0000.7070154908223710
+0000.2642100606087046,+0000.0000206731831709,+0000.0001019696519181,+0000.0274830707354904,+0000.7081842258207161
+0000.2630011229805466,+0000.0000205785895397,+0000.0001015030726030,+0000.0275307661964811,+0000.7093460291608300
+0000.2617993435372874,+0000.0000204845560025,+0000.0001010392559291,+0000.0275781871210189,+0000.7105009455297618
+0000.2606046761266094,+0000.0000203910789481,+0000.0001005781840845,+0000.0276253352249358,+0000.7116490193854221
+0000.2594170748343583,+0000.0000202981547839,+0000.0001001198393488,+0000.0276722122158927,+0000.7127902949556163
+0000.2582364939854845,+0000.0000202057799361,+0000.0000996642040942,+0000.0277188197933293,+0000.7139248162371558
+0000.2570628881449106,+0000.0000201139508496,+0000.0000992112607855,+0000.0277651596484167,+0000.7150526269950375
+0000.2558962121183280,+0000.0000200226639881,+0000.0000987609919802,+0000.0278112334640136,+0000.7161737707616902
+0000.2547364209529244,+0000.0000199319158344,+0000.0000983133803293,+0000.0278570429146246,+0000.7172882908362874
+0000.2535834699380454,+0000.0000198417028900,+0000.0000978684085769,+0000.0279025896663614,+0000.7183962302841265
+0000.2524373146057887,+0000.0000197520216754,+0000.0000974260595611,+0000.0279478753769072,+0000.7194976319360675
+0000.2512979107315371,+0000.0000196628687304,+0000.0000969863162137,+0000.0279929016954830,+0000.7205925383880356
+0000.2501652143344288,+0000.0000195742406137,+0000.0000965491615608,+0000.0280376702628169,+0000.7216809920005797
+0000.2490391816777681,+0000.0000194861339030,+0000.0000961145787225,+0000.0280821827111156,+0000.7227630348984906
+0000.2479197692693776,+0000.0000193985451954,+0000.0000956825509134,+0000.0281264406640383,+0000.7238387089704754
+0000.2468069338618948,+0000.0000193114711068,+0000.0000952530614425,+0000.0281704457366732,+0000.7249080558688826
