+0001.0000000000000000,+0000.0000000000000000,+0000.0000000000000000,+0000.0000000000000000,+0000.0000000000000000
+0000.7714917516169963,+0000.0000000000000000,+0000.0000000000000000,+0000.0087793712288324,+0000.2197288771541715
+0000.4308482031454898,+0000.0000000000000000,+0000.0000000000000000,+0000.0222460635331050,+0000.5469057333214055
+0000.2342825027907960,+0000.0000000000000000,+0000.0000000000000000,+0000.0307996831440264,+0000.7349178140651779
+0000.1369590233672434,+0000.0000000000000000,+0000.0000000000000000,+0000.0361379225974563,+0000.8269030540353001
+0000.0867103181803365,+0000.0000000000000000,+0000.0000000000000000,+0000.0402713694153141,+0000.8730183124043494
+0000.0587982542457075,+0000.0000000000000000,+0000.0000000000000000,+0000.0442076069944575,+0000.8969941387598350
+0000.0422010875121916,+0000.0000000000000000,+0000.0000000000000000,+0000.0484607636513102,+0000.9093381488364983
+0000.0317457769716288,+0000.0000000000000000,+0000.0000000000000000,+0000.0533428887750695,+0000.9149113342533017
+0000.0248293418419264,+0000.0000000000000000,+0000.0000000000000000,+0000.0590778516381578,+0000.9160928065199156
+0000.0200505543818116,+0000.0000000000000000,+0000.0000000000000000,+0000.0658316613460372,+0000.9141177842721511
+0000.0166058812550229,+0000.0000000000000000,+0000.0000000000000000,+0000.0736935469328813,+0000.9097005718120957
+0000.0140058497920025,+0000.0000000000000000,+0000.0000000000000000,+0000.0826155005286031,+0000.9033786496793942
+0000.0119355619035254,+0000.0000000000000000,+0000.0000000000000000,+0000.0923163341471075,+0000.8957481039493673
+0000.0101860998962103,+0000.0000000000000000,+0000.0000000000000000,+0000.1021800344063281,+0000.8876338656974619
+0000.0086240627128304,+0000.0000000000000000,+0000.0000000000000000,+0000.1112258986387551,+0000.8801500386484146
+0000.0071803408340806,+0000.0000000000000000,+0000.0000000000000000,+0000.1182611065463514,+0000.8745585526195678
+0000.0058417732304788,+0000.0000000000000000,+0000.0000000000000000,+0000.1222562339039058,+0000.8719019928656155
+0000.0046330422739690,+0000.0000000000000000,+0000.0000000000000000,+0000.1227806488455263,+0000.8725863088805046
+0000.0035888362480427,+0000.0000000000000000,+0000.0000000000000000,+0000.1201912097479602,+0000.8762199540039968
+0000.0027294951090833,+0000.0000000000000000,+0000.0000000000000000,+0000.1154290328536621,+0000.8818414720372547
+0000.0020518978528704,+0000.0000000000000000,+0000.0000000000000000,+0000.1096044444698089,+0000.8883436576773207
+0000.0015345080656841,+0000.0000000000000000,+0000.0000000000000000,+0000.1036569497646599,+0000.8948085421696559
+0000.0011475539072647,+0000.0000000000000000,+0000.0000000000000000,+0000.0982170436552992,+0000.9006354024374359
+0000.0008612560334471,+0000.0000000000000000,+0000.0000000000000000,+0000.0936238015713756,+0000.9055149423951773
+0000.0006500822302044,+0000.0000000000000000,+0000.0000000000000000,+0000.0900046370573392,+0000.9093452807124561
+0000.0004939441248560,+0000.0000000000000000,+0000.0000000000000000,+0000.0873553423934437,+0000.9121507134817001
+0000.0003778009231337,+0000.0000000000000000,+0000.0000000000000000,+0000.0855981048918992,+0000.9140240941849669
+0000.0002907017913070,+0000.0000000000000000,+0000.0000000000000000,+0000.0846170525324910,+0000.9150922456762023
+0000.0002247885522932,+0000.0000000000000000,+0000.0000000000000000,+0000.0842780143007552,+0000.9154971971469514
+0000.0001744549962519,+0000.0000000000000000,+0000.0000000000000000,+0000.0844394279185127,+0000.9153861170852351
+0000.0001357009298838,+0000.0000000000000000,+0000.0000000000000000,+0000.0849594664009608,+0000.9149048326691556
+0000.0001056584339501,+0000.0000000000000000,+0000.0000000000000000,+0000.0857023487919223,+0000.9141919927741275
+0000.0000822528586299,+0000.0000000000000000,+0000.0000000000000000,+0000.0865449576975252,+0000.9133727894438449
+0000.0000639637328194,+0000.0000000000000000,+0000.0000000000000000,+0000.0873834581240497,+0000.9125525781431308
+0000.0000496581081461,+0000.0000000000000000,+0000.0000000000000000,+0000.0881387540680124,+0000.9118115878238414
+0000.0000384758933699,+0000.0000000000000000,+0000.0000000000000000,+0000.0887594658110308,+0000.9112020582955992
+0000.0000297520967929,+0000.0000000000000000,+0000.0000000000000000,+0000.0892216184273708,+0000.9107486294758366
+0000.0000229647164769,+0000.0000000000000000,+0000.0000000000000000,+0000.0895251092169257,+0000.9104519260665975
+0000.0000176998478658,+0000.0000000000000000,+0000.0000000000000000,+0000.0896878458644355,+0000.9102944542876985
+0000.0000136278579746,+0000.0000000000000000,+0000.0000000000000000,+0000.0897388855050561,+0000.9102474866369693
+0000.0000104863888497,+0000.0000000000000000,+0000.0000000000000000,+0000.0897118671603812,+0000.9102776464507689
+0000.0000080675004245,+0000.0000000000000000,+0000.0000000000000000,+0000.0896396521963959,+0000.9103522803031795
+0000.0000062074021976,+0000.0000000000000000,+0000.0000000000000000,+0000.0895505975909536,+0000.9104431950068491
+0000.0000047779634978,+0000.0000000000000000,+0000.0000000000000000,+0000.0894664704800050,+0000.9105287515564974
+0000.0000036796069353,+0000.0000000000000000,+0000.0000000000000000,+0000.0894017535002025,+0000.9105945668928621
+0000.0000028353828799,+0000.0000000000000000,+0000.0000000000000000,+0000.0893639845003022,+0000.9106331801168180
+0000.0000021860910268,+0000.0000000000000000,+0000.0000000000000000,+0000.0893547731506939,+0000.9106430407582795
+0000.0000016863275633,+0000.0000000000000000,+0000.0000000000000000,+0000.0893711879880241,+0000.9106271256844125
+0000.0000013013329800,+0000.0000000000000000,+0000.0000000000000000,+0000.0894072728130862,+0000.9105914258539339
+0000.0000010045140759,+0000.0000000000000000,+0000.0000000000000000,+0000.0894555122072636,+0000.9105434832786603
+0000.0000007755191885,+0000.0000000000000000,+0000.0000000000000000,+0000.0895081172411728,+0000.9104911072396387
+0000.0000005987572404,+0000.0000000000000000,+0000.0000000000000000,+0000.0895580461831654,+0000.9104413550595942
+0000.0000004622661945,+0000.0000000000000000,+0000.0000000000000000,+0000.0895997144999567,+0000.9103998232338485
+0000.0000003568524426,+0000.0000000000000000,+0000.0000000000000000,+0000.0896293852205051,+0000.9103702579270523
+0000.0000002754378073,+0000.0000000000000000,+0000.0000000000000000,+0000.0896452637909647,+0000.9103544607712282
+0000.0000002125642567,+0000.0000000000000000,+0000.0000000000000000,+0000.0896473481783620,+0000.9103524392573814
+0000.0000001640177396,+0000.0000000000000000,+0000.0000000000000000,+0000.0896371023668835,+0000.9103627336153769
+0000.0000001265417425,+0000.0000000000000000,+0000.0000000000000000,+0000.0896170280073254,+0000.9103828454509321
+0000.0000000976184142,+0000.0000000000000000,+0000.0000000000000000,+0000.0895902052665737,+0000.9104096971150122
+0000.0000000753006915,+0000.0000000000000000,+0000.0000000000000000,+0000.0895598621175571,+0000.9104400625817513
+0000.0000000580830818,+0000.0000000000000000,+0000.0000000000000000,+0000.0895290146942310,+0000.9104709272226874
+0000.0000000448018972,+0000.0000000000000000,+0000.0000000000000000,+0000.0895002033171369,+0000.9104997518809657
+0000.0000000345580534,+0000.0000000000000000,+0000.0000000000000000,+0000.0894753321670941,+0000.9105246332748529
+0000.0000000266572463,+0000.0000000000000000,+0000.0000000000000000,+0000.0894556071569279,+0000.9105443661858257
+0000.0000000205635661,+0000.0000000000000000,+0000.0000000000000000,+0000.0894415571271711,+0000.9105584223092629
+0000.0000000158635337,+0000.0000000000000000,+0000.0000000000000000,+0000.0894331180759521,+0000.9105668660605144
+0000.0000000122382347,+0000.0000000000000000,+0000.0000000000000000,+0000.0894297582218124,+0000.9105702295399528
+0000.0000000094417460,+0000.0000000000000000,+0000.0000000000000000,+0000.0894306225426151,+0000.9105693680156389
+0000.0000000072844530,+0000.0000000000000000,+0000.0000000000000000,+0000.0894346782288890,+0000.9105653144866583
+0000.0000000056201603,+0000.0000000000000000,+0000.0000000000000000,+0000.0894408464806428,+0000.9105591478991970
+0000.0000000043361448,+0000.0000000000000000,+0000.0000000000000000,+0000.0894481106054087,+0000.9105518850584464
+0000.0000000033454831,+0000.0000000000000000,+0000.0000000000000000,+0000.0894555948986487,+0000.9105444017558679
+0000.0000000025811388,+0000.0000000000000000,+0000.0000000000000000,+0000.0894626128813433,+0000.9105373845375178
+0000.0000000019914051,+0000.0000000000000000,+0000.0000000000000000,+0000.0894686868313810,+0000.9105313111772136
+0000.0000000015363945,+0000.0000000000000000,+0000.0000000000000000,+0000.0894735429968764,+0000.9105264554667287
+0000.0000000011853337,+0000.0000000000000000,+0000.0000000000000000,+0000.0894770883625908,+0000.9105229104520758
+0000.0000000009144789,+0000.0000000000000000,+0000.0000000000000000,+0000.0894793754048229,+0000.9105206236806986
+0000.0000000007055094,+0000.0000000000000000,+0000.0000000000000000,+0000.0894805610507048,+0000.9105194382437856
+0000.0000000005442884,+0000.0000000000000000,+0000.0000000000000000,+0000.0894808652461141,+0000.9105191342095977
+0000.0000000004199075,+0000.0000000000000000,+0000.0000000000000000,+0000.0894805333477787,+0000.9105194662323142
+0000.0000000003239496,+0000.0000000000000000,+0000.0000000000000000,+0000.0894798051994256,+0000.9105201944766248
+0000.0000000002499204,+0000.0000000000000000,+0000.0000000000000000,+0000.0894788924102121,+0000.9105211073398674
+0000.0000000001928087,+0000.0000000000000000,+0000.0000000000000000,+0000.0894779641644562,+0000.9105220356427353
+0000.0000000001487487,+0000.0000000000000000,+0000.0000000000000000,+0000.0894771409444228,+0000.9105228589068285
+0000.0000000001147575,+0000.0000000000000000,+0000.0000000000000000,+0000.0894764948852371,+0000.9105235050000053
+0000.0000000000885341,+0000.0000000000000000,+0000.0000000000000000,+0000.0894760551052474,+0000.9105239448062187
+0000.0000000000683033,+0000.0000000000000000,+0000.0000000000000000,+0000.0894758162380637,+0000.9105241836936330
+0000.0000000000526955,+0000.0000000000000000,+0000.0000000000000000,+0000.0894757484856072,+0000.9105242514616971
+0000.0000000000406543,+0000.0000000000000000,+0000.0000000000000000,+0000.0894758077560924,+0000.9105241922032533
+0000.0000000000313646,+0000.0000000000000000,+0000.0000000000000000,+0000.0894759447864061,+0000.9105240551822293
+0000.0000000000241976,+0000.0000000000000000,+0000.0000000000000000,+0000.0894761125190848,+0000.9105238874567176
+0000.0000000000186684,+0000.0000000000000000,+0000.0000000000000000,+0000.0894762713635514,+0000.9105237286177803
+0000.0000000000144025,+0000.0000000000000000,+0000.0000000000000000,+0000.0894763922848382,+0000.9105236077007595
+0000.0000000000111115,+0000.0000000000000000,+0000.0000000000000000,+0000.0894764579087488,+0000.9105235420801395
+0000.0000000000085724,+0000.0000000000000000,+0000.0000000000000000,+0000.0894764620003997,+0000.9105235379910279
+0000.0000000000066136,+0000.0000000000000000,+0000.0000000000000000,+0000.0894764077637706,+0000.9105235922296158
+0000.0000000000051023,+0000.0000000000000000,+0000.0000000000000000,+0000.0894763054316988,+0000.9105236945631987
+0000.0000000000039364,+0000.0000000000000000,+0000.0000000000000000,+0000.0894761695823650,+0000.9105238304136988
+0000.0000000000030369,+0000.0000000000000000,+0000.0000000000000000,+0000.0894760165460890,+0000.9105239834508743
+0000.0000000000023429,+0000.0000000000000000,+0000.0000000000000000,+0000.0894758621718515,+0000.9105241378258058
+0000.0000000000018076,+0000.0000000000000000,+0000.0000000000000000,+0000.0894757201215562,+0000.9105242798766362
+0000.0000000000013945,+0000.0000000000000000,+0000.0000000000000000,+0000.0894756007640392,+0000.9105243992345662
+0000.0000000000010759,+0000.0000000000000000,+0000.0000000000000000,+0000.0894755106591932,+0000.9105244893397310
+0000.0000000000008300,+0000.0000000000000000,+0000.0000000000000000,+0000.0894754525606724,+0000.9105245474384978
+0000.0000000000006403,+0000.0000000000000000,+0000.0000000000000000,+0000.0894754258255285,+0000.9105245741738313
+0000.0000000000004940,+0000.0000000000000000,+0000.0000000000000000,+0000.0894754271000681,+0000.9105245728994379
+0000.0000000000003811,+0000.0000000000000000,+0000.0000000000000000,+0000.0894754511504310,+0000.9105245488491880
+0000.0000000000002940,+0000.0000000000000000,+0000.0000000000000000,+0000.0894754917197924,+0000.9105245082799132
+0000.0000000000002269,+0000.0000000000000000,+0000.0000000000000000,+0000.0894755423170432,+0000.9105244576827299
+0000.0000000000001750,+0000.0000000000000000,+0000.0000000000000000,+0000.0894755968697147,+0000.9105244031301105
+0000.0000000000001350,+0000.0000000000000000,+0000.0000000000000000,+0000.0894756502027236,+0000.9105243497971413
+0000.0000000000001042,+0000.0000000000000000,+0000.0000000000000000,+0000.0894756983309706,+0000.9105243016689255
+0000.0000000000000804,+0000.0000000000000000,+0000.0000000000000000,+0000.0894757385756864,+0000.9105242614242335
+0000.0000000000000620,+0000.0000000000000000,+0000.0000000000000000,+0000.0894757695304148,+0000.9105242304695234
+0000.0000000000000478,+0000.0000000000000000,+0000.0000000000000000,+0000.0894757909122870,+0000.9105242090876653
+0000.0000000000000369,+0000.0000000000000000,+0000.0000000000000000,+0000.0894758033381544,+0000.9105241966618085
+0000.0000000000000285,+0000.0000000000000000,+0000.0000000000000000,+0000.0894758080641105,+0000.9105241919358611
+0000.0000000000000220,+0000.0000000000000000,+0000.0000000000000000,+0000.0894758067221504,+0000.9105241932778276
+0000.0000000000000169,+0000.0000000000000000,+0000.0000000000000000,+0000.0894758010805398,+0000.9105241989194430
+0000.0000000000000131,+0000.0000000000000000,+0000.0000000000000000,+0000.0894757928461626,+0000.9105242071538241
+0000.0000000000000101,+0000.0000000000000000,+0000.0000000000000000,+0000.0894757835188004,+0000.9105242164811895
+0000.0000000000000078,+0000.0000000000000000,+0000.0000000000000000,+0000.0894757742998358,+0000.9105242257001563
+0000.0000000000000060,+0000.0000000000000000,+0000.0000000000000000,+0000.0894757660518349,+0000.9105242339481592
+0000.0000000000000046,+0000.0000000000000000,+0000.0000000000000000,+0000.0894757593011526,+0000.9105242406988426
+0000.0000000000000036,+0000.0000000000000000,+0000.0000000000000000,+0000.0894757542731789,+0000.9105242457268177
+0000.0000000000000028,+0000.0000000000000000,+0000.0000000000000000,+0000.0894757509489463,+0000.9105242490510508
+0000.0000000000000021,+0000.0000000000000000,+0000.0000000000000000,+0000.0894757491322838,+0000.9105242508677140
+0000.0000000000000016,+0000.0000000000000000,+0000.0000000000000000,+0000.0894757485181618,+0000.9105242514818361
+0000.0000000000000013,+0000.0000000000000000,+0000.0000000000000000,+0000.0894757487549541,+0000.9105242512450449
+0000.0000000000000010,+0000.0000000000000000,+0000.0000000000000000,+0000.0894757494956850,+0000.9105242505043144
+0000.0000000000000008,+0000.0000000000000000,+0000.0000000000000000,+0000.0894757504356399,+0000.9105242495643591
+0000.0000000000000006,+0000.0000000000000000,+0000.0000000000000000,+0000.0894757513357484,+0000.9105242486642511
+0000.0000000000000004,+0000.0000000000000000,+0000.0000000000000000,+0000.0894757520327753,+0000.9105242479672242
+0000.0000000000000003,+0000.0000000000000000,+0000.0000000000000000,+0000.0894757524384862,+0000.9105242475615135
+0000.0000000000000003,+0000.0000000000000000,+0000.0000000000000000,+0000.0894757525305937,+0000.9105242474694064
+0000.0000000000000002,+0000.0000000000000000,+0000.0000000000000000,+0000.0894757523384870,+0000.9105242476615130
+0000.0000000000000002,+0000.0000000000000000,+0000.0000000000000000,+0000.0894757519265853,+0000.9105242480734146
+0000.0000000000000001,+0000.0000000000000000,+0000.0000000000000000,+0000.0894757513777239,+0000.9105242486222759
+0000.0000000000000001,+0000.0000000000000000,+0000.0000000000000000,+0000.0894757507784098,+0000.9105242492215900
+0000.0000000000000001,+0000.0000000000000000,+0000.0000000000000000,+0000.0894757502071389,+0000.9105242497928611
+0000.0000000000000001,+0000.0000000000000000,+0000.0000000000000000,+0000.0894757497263567,+0000.9105242502736433
+0000.0000000000000000,+0000.0000000000000000,+0000.0000000000000000,+0000.0894757493781094,+0000.9105242506218905
+0000.0000000000000000,+0000.0000000000000000,+0000.0000000000000000,+0000.0894757491830198,+0000.9105242508169802
+0000.0000000000000000,+0000.0000000000000000,+0000.0000000000000000,+0000.0894757491419449,+0000.9105242508580551
+0000.0000000000000000,+0000.0000000000000000,+0000.0000000000000000,+0000.0894757492395274,+0000.9105242507604725
+0000.0000000000000000,+0000.0000000000000000,+0000.0000000000000000,+0000.0894757494488271,+0000.9105242505511729
+0000.0000000000000000,+0000.0000000000000000,+0000.0000000000000000,+0000.0894757497362856,+0000.9105242502637143
+0000.0000000000000000,+0000.0000000000000000,+0000.0000000000000000,+0000.0894757500664081,+0000.9105242499335918
+0000.0000000000000000,+0000.0000000000000000,+0000.0000000000000000,+0000.0894757504057169,+0000.9105242495942829
+0000.0000000000000000,+0000.0000000000000000,+0000.0000000000000000,+0000.0894757507257048,+0000.9105242492742954
+0000.0000000000000000,+0000.0000000000000000,+0000.0000000000000000,+0000.0894757510046871,+0000.9105242489953133
+0000.0000000000000000,+0000.0000000000000000,+0000.0000000000000000,+0000.0894757512285878,+0000.9105242487714125
+0000.0000000000000000,+0000.0000000000000000,+0000.0000000000000000,+0000.0894757513908026,+0000.9105242486091973
+0000.0000000000000000,+0000.0000000000000000,+0000.0000000000000000,+0000.0894757514913463,+0000.9105242485086537
+0000.0000000000000000,+0000.0000000000000000,+0000.0000000000000000,+0000.0894757515355217,+0000.9105242484644785
+0000.0000000000000000,+0000.0000000000000000,+0000.0000000000000000,+0000.0894757515323483,+0000.9105242484676517
+0000.0000000000000000,+0000.0000000000000000,+0000.0000000000000000,+0000.0894757514929581,+0000.9105242485070419
+0000.0000000000000000,+0000.0000000000000000,+0000.0000000000000000,+0000.0894757514291271,+0000.9105242485708727
+0000.0000000000000000,+0000.0000000000000000,+0000.0000000000000000,+0000.0894757513520607,+0000.9105242486479396
+0000.0000000000000000,+0000.0000000000000000,+0000.0000000000000000,+0000.0894757512714959,+0000.9105242487285041
+0000.0000000000000000,+0000.0000000000000000,+0000.0000000000000000,+0000.0894757511951436,+0000.9105242488048567
+0000.0000000000000000,+0000.0000000000000000,+0000.0000000000000000,+0000.0894757511284472,+0000.9105242488715527
+0000.0000000000000000,+0000.0000000000000000,+0000.0000000000000000,+0000.0894757510746140,+0000.9105242489253860
+0000.0000000000000000,+0000.0000000000000000,+0000.0000000000000000,+0000.0894757510348530,+0000.9105242489651471
+0000.0000000000000000,+0000.0000000000000000,+0000.0000000000000000,+0000.0894757510087500,+0000.9105242489912500
+0000.0000000000000000,+0000.0000000000000000,+0000.0000000000000000,+0000.0894757509947111,+0000.9105242490052892
+0000.0000000000000000,+0000.0000000000000000,+0000.0000000000000000,+0000.0894757509904146,+0000.9105242490095855
+0000.0000000000000000,+0000.0000000000000000,+0000.0000000000000000,+0000.0894757509932259,+0000.9105242490067742
+0000.0000000000000000,+0000.0000000000000000,+0000.0000000000000000,+0000.0894757510005401,+0000.9105242489994599
+0000.0000000000000000,+0000.0000000000000000,+0000.0000000000000000,+0000.0894757510100383,+0000.9105242489899620
+0000.0000000000000000,+0000.0000000000000000,+0000.0000000000000000,+0000.0894757510198497,+0000.9105242489801506
+0000.0000000000000000,+0000.0000000000000000,+0000.0000000000000000,+0000.0894757510286274,+0000.9105242489713726
+0000.0000000000000000,+0000.0000000000000000,+0000.0000000000000000,+0000.0894757510355509,+0000.9105242489644491
+0000.0000000000000000,+0000.0000000000000000,+0000.0000000000000000,+0000.0894757510402719,+0000.9105242489597278
+0000.0000000000000000,+0000.0000000000000000,+0000.0000000000000000,+0000.0894757510428243,+0000.9105242489571759
+0000.0000000000000000,+0000.0000000000000000,+0000.0000000000000000,+0000.0894757510435154,+0000.9105242489564844
+0000.0000000000000000,+0000.0000000000000000,+0000.0000000000000000,+0000.0894757510428161,+0000.9105242489571840
+0000.0000000000000000,+0000.0000000000000000,+0000.0000000000000000,+0000.0894757510412597,+0000.9105242489587402
+0000.0000000000000000,+0000.0000000000000000,+0000.0000000000000000,+0000.0894757510393607,+0000.9105242489606391
+0000.0000000000000000,+0000.0000000000000000,+0000.0000000000000000,+0000.0894757510375553,+0000.9105242489624445
+0000.0000000000000000,+0000.0000000000000000,+0000.0000000000000000,+0000.0894757510361663,+0000.9105242489638340
+0000.0000000000000000,+0000.0000000000000000,+0000.0000000000000000,+0000.0894757510353893,+0000.9105242489646106
+0000.0000000000000000,+0000.0000000000000000,+0000.0000000000000000,+0000.0894757510352979,+0000.9105242489647021
+0000.0000000000000000,+0000.0000000000000000,+0000.0000000000000000,+0000.0894757510358608,+0000.9105242489641392
+0000.0000000000000000,+0000.0000000000000000,+0000.0000000000000000,+0000.0894757510369681,+0000.9105242489630321
+0000.0000000000000000,+0000.0000000000000000,+0000.0000000000000000,+0000.0894757510384607,+0000.9105242489615397
+0000.0000000000000000,+0000.0000000000000000,+0000.0000000000000000,+0000.0894757510401582,+0000.9105242489598420
+0000.0000000000000000,+0000.0000000000000000,+0000.0000000000000000,+0000.0894757510418845,+0000.9105242489581158
+0000.0000000000000000,+0000.0000000000000000,+0000.0000000000000000,+0000.0894757510434862,+0000.9105242489565140
+0000.0000000000000000,+0000.0000000000000000,+0000.0000000000000000,+0000.0894757510448458,+0000.9105242489551543
+0000.0000000000000000,+0000.0000000000000000,+0000.0000000000000000,+0000.0894757510458872,+0000.9105242489541129
+0000.0000000000000000,+0000.0000000000000000,+0000.0000000000000000,+0000.0894757510465765,+0000.9105242489534237
+0000.0000000000000000,+0000.0000000000000000,+0000.0000000000000000,+0000.0894757510469178,+0000.9105242489530823
+0000.0000000000000000,+0000.0000000000000000,+0000.0000000000000000,+0000.0894757510469453,+0000.9105242489530549
+0000.0000000000000000,+0000.0000000000000000,+0000.0000000000000000,+0000.0894757510467151,+0000.9105242489532849
+0000.0000000000000000,+0000.0000000000000000,+0000.0000000000000000,+0000.0894757510462951,+0000.9105242489537049
+0000.0000000000000000,+0000.0000000000000000,+0000.0000000000000000,+0000.0894757510457567,+0000.9105242489542433
+0000.0000000000000000,+0000.0000000000000000,+0000.0000000000000000,+0000.0894757510451670,+0000.9105242489548331
+0000.0000000000000000,+0000.0000000000000000,+0000.0000000000000000,+0000.0894757510445840,+0000.9105242489554161
+0000.0000000000000000,+0000.0000000000000000,+0000.0000000000000000,+0000.0894757510440528,+0000.9105242489559471
+0000.0000000000000000,+0000.0000000000000000,+0000.0000000000000000,+0000.0894757510436043,+0000.9105242489563955
+0000.0000000000000000,+0000.0000000000000000,+0000.0000000000000000,+0000.0894757510432552,+0000.9105242489567447
+0000.0000000000000000,+0000.0000000000000000,+0000.0000000000000000,+0000.0894757510430101,+0000.9105242489569898
+0000.0000000000000000,+0000.0000000000000000,+0000.0000000000000000,+0000.0894757510428632,+0000.9105242489571370
+0000.0000000000000000,+0000.0000000000000000,+0000.0000000000000000,+0000.0894757510428015,+0000.9105242489571990
+0000.0000000000000000,+0000.0000000000000000,+0000.0000000000000000,+0000.0894757510428075,+0000.9105242489571927
+0000.0000000000000000,+0000.0000000000000000,+0000.0000000000000000,+0000.0894757510428623,+0000.9105242489571380
+0000.0000000000000000,+0000.0000000000000000,+0000.0000000000000000,+0000.0894757510429471,+0000.9105242489570529
+0000.0000000000000000,+0000.0000000000000000,+0000.0000000000000000,+0000.0894757510430456,+0000.9105242489569549
+0000.0000000000000000,+0000.0000000000000000,+0000.0000000000000000,+0000.0894757510431441,+0000.9105242489568557
+0000.0000000000000000,+0000.0000000000000000,+0000.0000000000000000,+0000.0894757510432332,+0000.9105242489567672
+0000.0000000000000000,+0000.0000000000000000,+0000.0000000000000000,+0000.0894757510433067,+0000.9105242489566934
+0000.0000000000000000,+0000.0000000000000000,+0000.0000000000000000,+0000.0894757510433619,+0000.9105242489566380
+0000.0000000000000000,+0000.0000000000000000,+0000.0000000000000000,+0000.0894757510433988,+0000.9105242489566014
+0000.0000000000000000,+0000.0000000000000000,+0000.0000000000000000,+0000.0894757510434192,+0000.9105242489565810
+0000.0000000000000000,+0000.0000000000000000,+0000.0000000000000000,+0000.0894757510434265,+0000.9105242489565738
+0000.0000000000000000,+0000.0000000000000000,+0000.0000000000000000,+0000.0894757510434244,+0000.9105242489565757
+0000.0000000000000000,+0000.0000000000000000,+0000.0000000000000000,+0000.0894757510434167,+0000.9105242489565832
+0000.0000000000000000,+0000.0000000000000000,+0000.0000000000000000,+0000.0894757510434067,+0000.9105242489565936
+0000.0000000000000000,+0000.0000000000000000,+0000.0000000000000000,+0000.0894757510433970,+0000.9105242489566029
+0000.0000000000000000,+0000.0000000000000000,+0000.0000000000000000,+0000.0894757510433894,+0000.9105242489566104
+0000.0000000000000000,+0000.0000000000000000,+0000.0000000000000000,+0000.0894757510433851,+0000.9105242489566150
+0000.0000000000000000,+0000.0000000000000000,+0000.0000000000000000,+0000.0894757510433842,+0000.9105242489566158
+0000.0000000000000000,+0000.0000000000000000,+0000.0000000000000000,+0000.0894757510433864,+0000.9105242489566135
+0000.0000000000000000,+0000.0000000000000000,+0000.0000000000000000,+0000.0894757510433911,+0000.9105242489566092
+0000.0000000000000000,+0000.0000000000000000,+0000.0000000000000000,+0000.0894757510433973,+0000.9105242489566026
+0000.0000000000000000,+0000.0000000000000000,+0000.0000000000000000,+0000.0894757510434041,+0000.9105242489565962
+0000.0000000000000000,+0000.0000000000000000,+0000.0000000000000000,+0000.0894757510434106,+0000.9105242489565896
+0000.0000000000000000,+0000.0000000000000000,+0000.0000000000000000,+0000.0894757510434161,+0000.9105242489565841
+0000.0000000000000000,+0000.0000000000000000,+0000.0000000000000000,+0000.0894757510434202,+0000.9105242489565799
+0000.0000000000000000,+0000.0000000000000000,+0000.0000000000000000,+0000.0894757510434226,+0000.9105242489565778
+0000.0000000000000000,+0000.0000000000000000,+0000.0000000000000000,+0000.0894757510434232,+0000.9105242489565771
+0000.0000000000000000,+0000.0000000000000000,+0000.0000000000000000,+0000.0894757510434223,+0000.9105242489565779
+0000.0000000000000000,+0000.0000000000000000,+0000.0000000000000000,+0000.0894757510434201,+0000.9105242489565799
+0000.0000000000000000,+0000.0000000000000000,+0000.0000000000000000,+0000.0894757510434170,+0000.9105242489565829
+0000.0000000000000000,+0000.0000000000000000,+0000.0000000000000000,+0000.0894757510434134,+0000.9105242489565866
+0000.0000000000000000,+0000.0000000000000000,+0000.0000000000000000,+0000.0894757510434097,+0000.9105242489565906
+0000.0000000000000000,+0000.0000000000000000,+0000.0000000000000000,+0000.0894757510434062,+0000.9105242489565940
+0000.0000000000000000,+0000.0000000000000000,+0000.0000000000000000,+0000.0894757510434030,+0000.9105242489565968
+0000.0000000000000000,+0000.0000000000000000,+0000.0000000000000000,+0000.0894757510434004,+0000.9105242489565997
+0000.0000000000000000,+0000.0000000000000000,+0000.0000000000000000,+0000.0894757510433986,+0000.9105242489566012
+0000.0000000000000000,+0000.0000000000000000,+0000.0000000000000000,+0000.0894757510433974,+0000.9105242489566024
+0000.0000000000000000,+0000.0000000000000000,+0000.0000000000000000,+0000.0894757510433968,+0000.9105242489566033
+0000.0000000000000000,+0000.0000000000000000,+0000.0000000000000000,+0000.0894757510433968,+0000.9105242489566030
+0000.0000000000000000,+0000.0000000000000000,+0000.0000000000000000,+0000.0894757510433971,+0000.9105242489566029
+0000.0000000000000000,+0000.0000000000000000,+0000.0000000000000000,+0000.0894757510433978,+0000.9105242489566023
+0000.0000000000000000,+0000.0000000000000000,+0000.0000000000000000,+0000.0894757510433986,+0000.9105242489566017
+0000.0000000000000000,+0000.0000000000000000,+0000.0000000000000000,+0000.0894757510433994,+0000.9105242489566007
+0000.0000000000000000,+0000.0000000000000000,+0000.0000000000000000,+0000.0894757510434002,+0000.9105242489565999
+0000.0000000000000000,+0000.0000000000000000,+0000.0000000000000000,+0000.0894757510434010,+0000.9105242489565992
+0000.0000000000000000,+0000.0000000000000000,+0000.0000000000000000,+0000.0894757510434016,+0000.9105242489565984
+0000.0000000000000000,+0000.0000000000000000,+0000.0000000000000000,+0000.0894757510434020,+0000.9105242489565981
+0000.0000000000000000,+0000.0000000000000000,+0000.0000000000000000,+0000.0894757510434022,+0000.9105242489565978
+0000.0000000000000000,+0000.0000000000000000,+0000.0000000000000000,+0000.0894757510434024,+0000.9105242489565974
+0000.0000000000000000,+0000.0000000000000000,+0000.0000000000000000,+0000.0894757510434024,+0000.9105242489565974
+0000.0000000000000000,+0000.0000000000000000,+0000.0000000000000000,+0000.0894757510434024,+0000.9105242489565974
+0000.0000000000000000,+0000.0000000000000000,+0000.0000000000000000,+0000.0894757510434024,+0000.9105242489565977
+0000.0000000000000000,+0000.0000000000000000,+0000.0000000000000000,+0000.0894757510434022,+0000.9105242489565977
+0000.0000000000000000,+0000.0000000000000000,+0000.0000000000000000,+0000.0894757510434021,+0000.9105242489565978
+0000.0000000000000000,+0000.0000000000000000,+0000.0000000000000000,+0000.0894757510434020,+0000.9105242489565981
+0000.0000000000000000,+0000.0000000000000000,+0000.0000000000000000,+0000.0894757510434020,+0000.9105242489565982
+0000.0000000000000000,+0000.0000000000000000,+0000.0000000000000000,+0000.0894757510434019,+0000.9105242489565981
+0000.0000000000000000,+0000.0000000000000000,+0000.0000000000000000,+0000.0894757510434019,+0000.9105242489565983
+0000.0000000000000000,+0000.0000000000000000,+0000.0000000000000000,+0000.0894757510434018,+0000.9105242489565982
+0000.0000000000000000,+0000.0000000000000000,+0000.0000000000000000,+0000.0894757510434018,+0000.9105242489565981
+0000.0000000000000000,+0000.0000000000000000,+0000.0000000000000000,+0000.0894757510434019,+0000.9105242489565982
+0000.0000000000000000,+0000.0000000000000000,+0000.0000000000000000,+0000.0894757510434019,+0000.9105242489565981
+0000.0000000000000000,+0000.0000000000000000,+0000.0000000000000000,+0000.0894757510434019,+0000.9105242489565981
+0000.0000000000000000,+0000.0000000000000000,+0000.0000000000000000,+0000.0894757510434020,+0000.9105242489565981
+0000.0000000000000000,+0000.0000000000000000,+0000.0000000000000000,+0000.0894757510434020,+0000.9105242489565982
+0000.0000000000000000,+0000.0000000000000000,+0000.0000000000000000,+0000.0894757510434019,+0000.9105242489565983
+0000.0000000000000000,+0000.0000000000000000,+0000.0000000000000000,+0000.0894757510434019,+0000.9105242489565981
+0000.0000000000000000,+0000.0000000000000000,+0000.0000000000000000,+0000.0894757510434019,+0000.9105242489565980
+0000.0000000000000000,+0000.0000000000000000,+0000.0000000000000000,+0000.0894757510434019,+0000.9105242489565980
+0000.0000000000000000,+0000.0000000000000000,+0000.0000000000000000,+0000.0894757510434018,+0000.9105242489565983
+0000.0000000000000000,+0000.0000000000000000,+0000.0000000000000000,+0000.0894757510434018,+0000.9105242489565980
+0000.0000000000000000,+0000.0000000000000000,+0000.0000000000000000,+0000.0894757510434018,+0000.9105242489565983
+0000.0000000000000000,+0000.0000000000000000,+0000.0000000000000000,+0000.0894757510434017,+0000.9105242489565981
+0000.0000000000000000,+0000.0000000000000000,+0000.0000000000000000,+0000.0894757510434017,+0000.9105242489565981
+0000.0000000000000000,+0000.0000000000000000,+0000.0000000000000000,+0000.0894757510434017,+0000.9105242489565984
+0000.0000000000000000,+0000.0000000000000000,+0000.0000000000000000,+0000.0894757510434017,+0000.9105242489565983
+0000.0000000000000000,+0000.0000000000000000,+0000.0000000000000000,+0000.0894757510434017,+0000.9105242489565984
+0000.0000000000000000,+0000.0000000000000000,+0000.0000000000000000,+0000.0894757510434016,+0000.9105242489565981
+0000.0000000000000000,+0000.0000000000000000,+0000.0000000000000000,+0000.0894757510434016,+0000.9105242489565986
+0000.0000000000000000,+0000.0000000000000000,+0000.0000000000000000,+0000.0894757510434016,+0000.9105242489565984
+0000.0000000000000000,+0000.0000000000000000,+0000.0000000000000000,+0000.0894757510434016,+0000.9105242489565986
+0000.0000000000000000,+0000.0000000000000000,+0000.0000000000000000,+0000.0894757510434016,+0000.9105242489565981
+0000.0000000000000000,+0000.0000000000000000,+0000.0000000000000000,+0000.0894757510434016,+0000.9105242489565986
+0000.0000000000000000,+0000.0000000000000000,+0000.0000000000000000,+0000.0894757510434016,+0000.9105242489565982
+0000.0000000000000000,+0000.0000000000000000,+0000.0000000000000000,+0000.0894757510434016,+0000.9105242489565987
+0000.0000000000000000,+0000.0000000000000000,+0000.0000000000000000,+0000.0894757510434016,+0000.9105242489565981
+0000.0000000000000000,+0000.0000000000000000,+0000.0000000000000000,+0000.0894757510434016,+0000.9105242489565987
+0000.0000000000000000,+0000.0000000000000000,+0000.0000000000000000,+0000.0894757510434016,+0000.9105242489565987
+0000.0000000000000000,+0000.0000000000000000,+0000.0000000000000000,+0000.0894757510434015,+0000.9105242489565984
+0000.0000000000000000,+0000.0000000000000000,+0000.0000000000000000,+0000.0894757510434015,+0000.9105242489565986
+0000.0000000000000000,+0000.0000000000000000,+0000.0000000000000000,+0000.0894757510434015,+0000.9105242489565986
+0000.0000000000000000,+0000.0000000000000000,+0000.0000000000000000,+0000.0894757510434015,+0000.9105242489565984
+0000.0000000000000000,+0000.0000000000000000,+0000.0000000000000000,+0000.0894757510434015,+0000.9105242489565984
+0000.0000000000000000,+0000.0000000000000000,+0000.0000000000000000,+0000.0894757510434015,+0000.9105242489565986
+0000.0000000000000000,+0000.0000000000000000,+0000.0000000000000000,+0000.0894757510434015,+0000.9105242489565987
+0000.0000000000000000,+0000.0000000000000000,+0000.0000000000000000,+0000.0894757510434014,+0000.9105242489565986
+0000.0000000000000000,+0000.0000000000000000,+0000.0000000000000000,+0000.0894757510434014,+0000.9105242489565988
+0000.0000000000000000,+0000.0000000000000000,+0000.0000000000000000,+0000.0894757510434014,+0000.9105242489565987
+0000.0000000000000000,+0000.0000000000000000,+0000.0000000000000000,+0000.0894757510434014,+0000.9105242489565986
+0000.0000000000000000,+0000.0000000000000000,+0000.0000000000000000,+0000.0894757510434014,+0000.9105242489565987
+0000.0000000000000000,+0000.0000000000000000,+0000.0000000000000000,+0000.0894757510434014,+0000.9105242489565988
+0000.0000000000000000,+0000.0000000000000000,+0000.0000000000000000,+0000.0894757510434014,+0000.9105242489565986
+0000.0000000000000000,+0000.0000000000000000,+0000.0000000000000000,+0000.0894757510434014,+0000.9105242489565987
+0000.0000000000000000,+0000.0000000000000000,+0000.0000000000000000,+0000.0894757510434014,+0000.9105242489565987
+0000.0000000000000000,+0000.0000000000000000,+0000.0000000000000000,+0000.0894757510434014,+0000.9105242489565983
+0000.0000000000000000,+0000.0000000000000000,+0000.0000000000000000,+0000.0894757510434014,+0000.9105242489565986
+0000.0000000000000000,+0000.0000000000000000,+0000.0000000000000000,+0000.0894757510434014,+0000.9105242489565989
+0000.0000000000000000,+0000.0000000000000000,+0000.0000000000000000,+0000.0894757510434013,+0000.9105242489565984
+0000.0000000000000000,+0000.0000000000000000,+0000.0000000000000000,+0000.0894757510434014,+0000.9105242489565990
+0000.0000000000000000,+0000.0000000000000000,+0000.0000000000000000,+0000.0894757510434013,+0000.9105242489565986
+0000.0000000000000000,+0000.0000000000000000,+0000.0000000000000000,+0000.0894757510434013,+0000.9105242489565986
+0000.0000000000000000,+0000.0000000000000000,+0000.0000000000000000,+0000.0894757510434013,+0000.9105242489565988
+0000.0000000000000000,+0000.0000000000000000,+0000.0000000000000000,+0000.0894757510434013,+0000.9105242489565988
+0000.0000000000000000,+0000.0000000000000000,+0000.0000000000000000,+0000.0894757510434013,+0000.9105242489565989
+0000.0000000000000000,+0000.0000000000000000,+0000.0000000000000000,+0000.0894757510434013,+0000.9105242489565989
+0000.0000000000000000,+0000.0000000000000000,+0000.0000000000000000,+0000.0894757510434013,+0000.9105242489565986
+0000.0000000000000000,+0000.0000000000000000,+0000.0000000000000000,+0000.0894757510434012,+0000.9105242489565987
+0000.0000000000000000,+0000.0000000000000000,+0000.0000000000000000,+0000.0894757510434012,+0000.9105242489565988
+0000.0000000000000000,+0000.0000000000000000,+0000.0000000000000000,+0000.0894757510434013,+0000.9105242489565990
+0000.0000000000000000,+0000.0000000000000000,+0000.0000000000000000,+0000.0894757510434012,+0000.9105242489565988
+0000.0000000000000000,+0000.0000000000000000,+0000.0000000000000000,+0000.0894757510434012,+0000.9105242489565990
+0000.0000000000000000,+0000.0000000000000000,+0000.0000000000000000,+0000.0894757510434012,+0000.9105242489565989
+0000.0000000000000000,+0000.0000000000000000,+0000.0000000000000000,+0000.0894757510434012,+0000.9105242489565989
+0000.0000000000000000,+0000.0000000000000000,+0000.0000000000000000,+0000.0894757510434012,+0000.9105242489565987
+0000.0000000000000000,+0000.0000000000000000,+0000.0000000000000000,+0000.0894757510434012,+0000.9105242489565988
+0000.0000000000000000,+0000.0000000000000000,+0000.0000000000000000,+0000.0894757510434012,+0000.9105242489565988
+0000.0000000000000000,+0000.0000000000000000,+0000.0000000000000000,+0000.0894757510434012,+0000.9105242489565988
+0000.0000000000000000,+0000.0000000000000000,+0000.0000000000000000,+0000.0894757510434012,+0000.9105242489565990
+0000.0000000000000000,+0000.0000000000000000,+0000.0000000000000000,+0000.0894757510434012,+0000.9105242489565991
+0000.0000000000000000,+0000.0000000000000000,+0000.0000000000000000,+0000.0894757510434012,+0000.9105242489565991
+0000.0000000000000000,+0000.0000000000000000,+0000.0000000000000000,+0000.0894757510434011,+0000.9105242489565987
+0000.0000000000000000,+0000.0000000000000000,+0000.0000000000000000,+0000.0894757510434011,+0000.9105242489565989
+0000.0000000000000000,+0000.0000000000000000,+0000.0000000000000000,+0000.0894757510434011,+0000.9105242489565990
+0000.0000000000000000,+0000.0000000000000000,+0000.0000000000000000,+0000.0894757510434011,+0000.9105242489565990
+0000.0000000000000000,+0000.0000000000000000,+0000.0000000000000000,+0000.0894757510434011,+0000.9105242489565988
+0000.0000000000000000,+0000.0000000000000000,+0000.0000000000000000,+0000.0894757510434011,+0000.9105242489565992
+0000.0000000000000000,+0000.0000000000000000,+0000.0000000000000000,+0000.0894757510434011,+0000.9105242489565990
+0000.0000000000000000,+0000.0000000000000000,+0000.0000000000000000,+0000.0894757510434011,+0000.9105242489565991
+0000.0000000000000000,+0000.0000000000000000,+0000.0000000000000000,+0000.0894757510434010,+0000.9105242489565988
+0000.0000000000000000,+0000.0000000000000000,+0000.0000000000000000,+0000.0894757510434011,+0000.9105242489565992
+0000.0000000000000000,+0000.0000000000000000,+0000.0000000000000000,+0000.0894757510434010,+0000.9105242489565988
