+0001.0000000000000000,+0000.0000000000000000,+0000.0000000000000000,+0000.0000000000000000,+0000.0000000000000000,+0000.0000000000000000,+0000.0000000000000000
+0000.8417999266637083,+0000.0000000000000000,+0000.0000000000000000,+0000.0000000000000000,+0000.0087698319430740,+0000.1409419910464891,+0000.0084882503467286
+0000.5724600666059653,+0000.0000000000000000,+0000.0000000000000000,+0000.0000000000000000,+0000.0252765334851402,+0000.3781871648690165,+0000.0240762350398779
+0000.3898486260282219,+0000.0000000000000000,+0000.0000000000000000,+0000.0000000000000000,+0000.0402617973410920,+0000.5325674086314669,+0000.0373221679992192
+0000.2925081084794990,+0000.0000000000000000,+0000.0000000000000000,+0000.0000000000000000,+0000.0547520555466098,+0000.6039291923469156,+0000.0488106436269754
+0000.2470997134245376,+0000.0000000000000000,+0000.0000000000000000,+0000.0000000000000000,+0000.0722193555465045,+0000.6195630236268075,+0000.0611179074021504
+0000.2349375319945112,+0000.0000000000000000,+0000.0000000000000000,+0000.0000000000000000,+0000.0967842668520972,+0000.5916443112231030,+0000.0766338899302886
+0000.2490827801321358,+0000.0000000000000000,+0000.0000000000000000,+0000.0000000000000000,+0000.1337969839552969,+0000.5196213830655388,+0000.0974988528470288
+0000.2864079719381853,+0000.0000000000000000,+0000.0000000000000000,+0000.0000000000000000,+0000.1882229480426860,+0000.4015063117575242,+0000.1238627682616047
+0000.3309917595942082,+0000.0000000000000000,+0000.0000000000000000,+0000.0000000000000000,+0000.2519132039145072,+0000.2705746847412788,+0000.1465203517500057
+0000.3345816527930353,+0000.0000000000000000,+0000.0000000000000000,+0000.0000000000000000,+0000.2808150714604283,+0000.2435222370056175,+0000.1410810387409188
+0000.2721055841665175,+0000.0000000000000000,+0000.0000000000000000,+0000.0000000000000000,+0000.2409409309839798,+0000.3844195089915446,+0000.1025339758579583
+0000.1952783072182174,+0000.0000000000000000,+0000.0000000000000000,+0000.0000000000000000,+0000.1753926864738038,+0000.5661673655021386,+0000.0631616408058402
+0000.1413678436982916,+0000.0000000000000000,+0000.0000000000000000,+0000.0000000000000000,+0000.1247400656593726,+0000.6938172472320622,+0000.0400748434102737
+0000.1104454634731248,+0000.0000000000000000,+0000.0000000000000000,+0000.0000000000000000,+0000.0939210445703950,+0000.7644219392910051,+0000.0312115526654749
+0000.0948987425760240,+0000.0000000000000000,+0000.0000000000000000,+0000.0000000000000000,+0000.0779978161871542,+0000.7942588426788234,+0000.0328445985579984
+0000.0893509222763537,+0000.0000000000000000,+0000.0000000000000000,+0000.0000000000000000,+0000.0735665220716788,+0000.7929254008955063,+0000.0441571547564613
+0000.0902427150352824,+0000.0000000000000000,+0000.0000000000000000,+0000.0000000000000000,+0000.0799589353012179,+0000.7632418260708201,+0000.0665565235926797
+0000.0931257265065680,+0000.0000000000000000,+0000.0000000000000000,+0000.0000000000000000,+0000.0971936995093360,+0000.7096705335327614,+0000.1000100404513346
+0000.0905121582679513,+0000.0000000000000000,+0000.0000000000000000,+0000.0000000000000000,+0000.1202902333419048,+0000.6545743142124424,+0000.1346232941777012
+0000.0771531954462884,+0000.0000000000000000,+0000.0000000000000000,+0000.0000000000000000,+0000.1365746632002970,+0000.6358528078313083,+0000.1504193335221065
+0000.0584115584876105,+0000.0000000000000000,+0000.0000000000000000,+0000.0000000000000000,+0000.1394538797858927,+0000.6604781507359840,+0000.1416564109905128
+0000.0424602718119604,+0000.0000000000000000,+0000.0000000000000000,+0000.0000000000000000,+0000.1354596642530315,+0000.6998657377885318,+0000.1222143261464762
+0000.0316780028948851,+0000.0000000000000000,+0000.0000000000000000,+0000.0000000000000000,+0000.1322853452376479,+0000.7320506261909751,+0000.1039860256764917
+0000.0250257130222120,+0000.0000000000000000,+0000.0000000000000000,+0000.0000000000000000,+0000.1333802788627002,+0000.7507586502393648,+0000.0908353578757232
+0000.0210719022244445,+0000.0000000000000000,+0000.0000000000000000,+0000.0000000000000000,+0000.1396498152611619,+0000.7563138589675936,+0000.0829644235468001
+0000.0187548440481416,+0000.0000000000000000,+0000.0000000000000000,+0000.0000000000000000,+0000.1507751641694922,+0000.7507073299012134,+0000.0797626618811528
+0000.0172950756736790,+0000.0000000000000000,+0000.0000000000000000,+0000.0000000000000000,+0000.1649592324863499,+0000.7372536998108461,+0000.0804919920291250
+0000.0160248000224579,+0000.0000000000000000,+0000.0000000000000000,+0000.0000000000000000,+0000.1779671181133083,+0000.7220181539978225,+0000.0839899278664115
+0000.0144097357606148,+0000.0000000000000000,+0000.0000000000000000,+0000.0000000000000000,+0000.1836473757280225,+0000.7136500707116987,+0000.0882928177996639
+0000.0122981202475340,+0000.0000000000000000,+0000.0000000000000000,+0000.0000000000000000,+0000.1781484311509449,+0000.7182746242738978,+0000.0912788243276235
+0000.0100037604494203,+0000.0000000000000000,+0000.0000000000000000,+0000.0000000000000000,+0000.1640390174966671,+0000.7337529646480000,+0000.0922042574059126
+0000.0079527088363889,+0000.0000000000000000,+0000.0000000000000000,+0000.0000000000000000,+0000.1478617521367734,+0000.7521729563132521,+0000.0920125827135856
+0000.0063518854709374,+0000.0000000000000000,+0000.0000000000000000,+0000.0000000000000000,+0000.1348465835393150,+0000.7667086808978072,+0000.0920928500919401
+0000.0051899447179340,+0000.0000000000000000,+0000.0000000000000000,+0000.0000000000000000,+0000.1272187667132490,+0000.7742794611089011,+0000.0933118274599158
+0000.0043646402593870,+0000.0000000000000000,+0000.0000000000000000,+0000.0000000000000000,+0000.1252093567960048,+0000.7745793086925428,+0000.0958466942520652
+0000.0037631775986440,+0000.0000000000000000,+0000.0000000000000000,+0000.0000000000000000,+0000.1280608182085079,+0000.7689049434757149,+0000.0992710607171333
+0000.0032892051530265,+0000.0000000000000000,+0000.0000000000000000,+0000.0000000000000000,+0000.1343217016957703,+0000.7597616624846455,+0000.1026274306665577
+0000.0028710164180676,+0000.0000000000000000,+0000.0000000000000000,+0000.0000000000000000,+0000.1418620583773505,+0000.7506303370477621,+0000.1046365881568197
+0000.0024690161917855,+0000.0000000000000000,+0000.0000000000000000,+0000.0000000000000000,+0000.1482695326132555,+0000.7450026861537620,+0000.1042587650411969
+0000.0020787168549119,+0000.0000000000000000,+0000.0000000000000000,+0000.0000000000000000,+0000.1518362178665396,+0000.7446899421735824,+0000.1013951231049658
+0000.0017187650366499,+0000.0000000000000000,+0000.0000000000000000,+0000.0000000000000000,+0000.1523797229989779,+0000.7488503830310894,+0000.0970511289332830
+0000.0014094146441679,+0000.0000000000000000,+0000.0000000000000000,+0000.0000000000000000,+0000.1510288763677254,+0000.7548396839336907,+0000.0927220250544161
+0000.0011587791022162,+0000.0000000000000000,+0000.0000000000000000,+0000.0000000000000000,+0000.1492785454344022,+0000.7599325103672683,+0000.0896301650961129
+0000.0009625848835496,+0000.0000000000000000,+0000.0000000000000000,+0000.0000000000000000,+0000.1482201244224799,+0000.7624288320247952,+0000.0883884586691753
+0000.0008100768392267,+0000.0000000000000000,+0000.0000000000000000,+0000.0000000000000000,+0000.1482794609483182,+0000.7618741025718683,+0000.0890363596405871
+0000.0006892425137523,+0000.0000000000000000,+0000.0000000000000000,+0000.0000000000000000,+0000.1492700476118622,+0000.7588650902823503,+0000.0911756195920354
+0000.0005897063708279,+0000.0000000000000000,+0000.0000000000000000,+0000.0000000000000000,+0000.1505718432678569,+0000.7547444430705207,+0000.0940940072907943
+0000.0005040351327115,+0000.0000000000000000,+0000.0000000000000000,+0000.0000000000000000,+0000.1514016502374906,+0000.7511694050934228,+0000.0969249095363749
+0000.0004280932876652,+0000.0000000000000000,+0000.0000000000000000,+0000.0000000000000000,+0000.1511609832984490,+0000.7495134307453170,+0000.0988974926685687
+0000.0003605231165825,+0000.0000000000000000,+0000.0000000000000000,+0000.0000000000000000,+0000.1497290682324582,+0000.7503034824947452,+0000.0996069261562141
+0000.0003014909678731,+0000.0000000000000000,+0000.0000000000000000,+0000.0000000000000000,+0000.1475116704275023,+0000.7530544785214395,+0000.0991323600831849
+0000.0002513325184813,+0000.0000000000000000,+0000.0000000000000000,+0000.0000000000000000,+0000.1452135448685949,+0000.7566183953178744,+0000.0979167272950495
+0000.0002097707689612,+0000.0000000000000000,+0000.0000000000000000,+0000.0000000000000000,+0000.1435119293373965,+0000.7597650317349507,+0000.0965132681586916
+0000.0001758369870534,+0000.0000000000000000,+0000.0000000000000000,+0000.0000000000000000,+0000.1428239672850234,+0000.7616326360002734,+0000.0953675597276498
+0000.0001481741737869,+0000.0000000000000000,+0000.0000000000000000,+0000.0000000000000000,+0000.1432252206078372,+0000.7619127763142166,+0000.0947138289041591
+0000.0001253863366279,+0000.0000000000000000,+0000.0000000000000000,+0000.0000000000000000,+0000.1444803032601590,+0000.7608245738406013,+0000.0945697365626117
+0000.0001062809939751,+0000.0000000000000000,+0000.0000000000000000,+0000.0000000000000000,+0000.1461431124276363,+0000.7589604688242783,+0000.0947901377541105
+0000.0000899833823176,+0000.0000000000000000,+0000.0000000000000000,+0000.0000000000000000,+0000.1477055018644558,+0000.7570512848672466,+0000.0951532298859799
+0000.0000759408728311,+0000.0000000000000000,+0000.0000000000000000,+0000.0000000000000000,+0000.1487640035880313,+0000.7557033655410096,+0000.0954566899981280
+0000.0000638457823236,+0000.0000000000000000,+0000.0000000000000000,+0000.0000000000000000,+0000.1491447841964267,+0000.7551993045505805,+0000.0955920654706691
+0000.0000535203834596,+0000.0000000000000000,+0000.0000000000000000,+0000.0000000000000000,+0000.1489283988894218,+0000.7554508256868782,+0000.0955672550402404
+0000.0000448161248635,+0000.0000000000000000,+0000.0000000000000000,+0000.0000000000000000,+0000.1483690795233347,+0000.7561131055126751,+0000.0954729988391266
+0000.0000375602661704,+0000.0000000000000000,+0000.0000000000000000,+0000.0000000000000000,+0000.1477632408381374,+0000.7567791377686877,+0000.0954200611270046
+0000.0000315497227624,+0000.0000000000000000,+0000.0000000000000000,+0000.0000000000000000,+0000.1473352710968357,+0000.7571507719717832,+0000.0954824072086187
+0000.0000265709702270,+0000.0000000000000000,+0000.0000000000000000,+0000.0000000000000000,+0000.1471786074354822,+0000.7571268525363307,+0000.0956679690579605
+0000.0000224245775246,+0000.0000000000000000,+0000.0000000000000000,+0000.0000000000000000,+0000.1472552814598217,+0000.7568013466834861,+0000.0959209472791673
+0000.0000189425422578,+0000.0000000000000000,+0000.0000000000000000,+0000.0000000000000000,+0000.1474391113457162,+0000.7563929732840280,+0000.0961489728279979
+0000.0000159951228845,+0000.0000000000000000,+0000.0000000000000000,+0000.0000000000000000,+0000.1475816267181056,+0000.7561392862675038,+0000.0962630918915060
+0000.0000134883807035,+0000.0000000000000000,+0000.0000000000000000,+0000.0000000000000000,+0000.1475765443218612,+0000.7561949368889314,+0000.0962150304085042
+0000.0000113557003869,+0000.0000000000000000,+0000.0000000000000000,+0000.0000000000000000,+0000.1473991421962200,+0000.7565730126537554,+0000.0960164894496377
+0000.0000095473999599,+0000.0000000000000000,+0000.0000000000000000,+0000.0000000000000000,+0000.1471070170016612,+0000.7571506787172896,+0000.0957327568810892
+0000.0000080220856124,+0000.0000000000000000,+0000.0000000000000000,+0000.0000000000000000,+0000.1468067069125716,+0000.7577299709814966,+0000.0954553000203195
+0000.0000067416650187,+0000.0000000000000000,+0000.0000000000000000,+0000.0000000000000000,+0000.1466054699637602,+0000.7581205619237966,+0000.0952672264474245
+0000.0000056698752507,+0000.0000000000000000,+0000.0000000000000000,+0000.0000000000000000,+0000.1465701361936527,+0000.7582081085387676,+0000.0952160853923293
+0000.0000047729405916,+0000.0000000000000000,+0000.0000000000000000,+0000.0000000000000000,+0000.1467069714831656,+0000.7579858840648276,+0000.0953023715114151
+0000.0000040208492912,+0000.0000000000000000,+0000.0000000000000000,+0000.0000000000000000,+0000.1469656461580492,+0000.7575455505981130,+0000.0954847823945466
+0000.0000033882605342,+0000.0000000000000000,+0000.0000000000000000,+0000.0000000000000000,+0000.1472620928580999,+0000.7570364487395282,+0000.0956980701418376
+0000.0000028546665433,+0000.0000000000000000,+0000.0000000000000000,+0000.0000000000000000,+0000.1475101969500875,+0000.7566105298420398,+0000.0958764185413291
+0000.0000024038711723,+0000.0000000000000000,+0000.0000000000000000,+0000.0000000000000000,+0000.1476505327148276,+0000.7563727950105437,+0000.0959742684034565
+0000.0000020230709728,+0000.0000000000000000,+0000.0000000000000000,+0000.0000000000000000,+0000.1476662350909029,+0000.7563539250767007,+0000.0959778167614234
+0000.0000017018739936,+0000.0000000000000000,+0000.0000000000000000,+0000.0000000000000000,+0000.1475816942280118,+0000.7565123634665275,+0000.0959042404314673
+0000.0000014315102147,+0000.0000000000000000,+0000.0000000000000000,+0000.0000000000000000,+0000.1474469647834177,+0000.7567609439704990,+0000.0957906597358686
+0000.0000012043397162,+0000.0000000000000000,+0000.0000000000000000,+0000.0000000000000000,+0000.1473159967892533,+0000.7570043132564961,+0000.0956784856145343
+0000.0000010136279842,+0000.0000000000000000,+0000.0000000000000000,+0000.0000000000000000,+0000.1472277083941389,+0000.7571718168149854,+0000.0955994611628913
+0000.0000008534848627,+0000.0000000000000000,+0000.0000000000000000,+0000.0000000000000000,+0000.1471960404192268,+0000.7572353501005822,+0000.0955677559953281
+0000.0000007188591559,+0000.0000000000000000,+0000.0000000000000000,+0000.0000000000000000,+0000.1472106941268323,+0000.7572091380766244,+0000.0955794489373872
+0000.0000006055164105,+0000.0000000000000000,+0000.0000000000000000,+0000.0000000000000000,+0000.1472462943452442,+0000.7571350563849383,+0000.0956180437534069
+0000.0000005099712862,+0000.0000000000000000,+0000.0000000000000000,+0000.0000000000000000,+0000.1472752848420543,+0000.7570612137535199,+0000.0956629914331396
+0000.0000004293795052,+0000.0000000000000000,+0000.0000000000000000,+0000.0000000000000000,+0000.1472793035337777,+0000.7570225263324172,+0000.0956977407542999
+0000.0000003614117935,+0000.0000000000000000,+0000.0000000000000000,+0000.0000000000000000,+0000.1472550692462363,+0000.7570299932984769,+0000.0957145760434934
+0000.0000003041347330,+0000.0000000000000000,+0000.0000000000000000,+0000.0000000000000000,+0000.1472134079528953,+0000.7570711749610333,+0000.0957151129513385
+0000.0000002559157150,+0000.0000000000000000,+0000.0000000000000000,+0000.0000000000000000,+0000.1471728681161199,+0000.7571197308968075,+0000.0957071450713576
+0000.0000002153575341,+0000.0000000000000000,+0000.0000000000000000,+0000.0000000000000000,+0000.1471512276451158,+0000.7571487571534702,+0000.0956997998438799
+0000.0000001812583465,+0000.0000000000000000,+0000.0000000000000000,+0000.0000000000000000,+0000.1471584480167044,+0000.7571421419432989,+0000.0956992287816504
+0000.0000001525878759,+0000.0000000000000000,+0000.0000000000000000,+0000.0000000000000000,+0000.1471934875685087,+0000.7570999493511344,+0000.0957064104924809
+0000.0000001284708042,+0000.0000000000000000,+0000.0000000000000000,+0000.0000000000000000,+0000.1472455813937857,+0000.7570367533555917,+0000.0957175367798183
+0000.0000001081712096,+0000.0000000000000000,+0000.0000000000000000,+0000.0000000000000000,+0000.1472989071377695,+0000.7569745958562760,+0000.0957263888347449
+0000.0000000910754786,+0000.0000000000000000,+0000.0000000000000000,+0000.0000000000000000,+0000.1473385160534752,+0000.7569339423488950,+0000.0957274505221512
+0000.0000000766738581,+0000.0000000000000000,+0000.0000000000000000,+0000.0000000000000000,+0000.1473552483472513,+0000.7569262697018768,+0000.0957184052770139
+0000.0000000645422013,+0000.0000000000000000,+0000.0000000000000000,+0000.0000000000000000,+0000.1473480163920020,+0000.7569508371908922,+0000.0957010818749045
+0000.0000000543256180,+0000.0000000000000000,+0000.0000000000000000,+0000.0000000000000000,+0000.1473230075518408,+0000.7569962999000965,+0000.0956806382224443
+0000.0000000457251116,+0000.0000000000000000,+0000.0000000000000000,+0000.0000000000000000,+0000.1472905391830540,+0000.7570459281028377,+0000.0956634869889966
+0000.0000000384874158,+0000.0000000000000000,+0000.0000000000000000,+0000.0000000000000000,+0000.1472610354968439,+0000.7570840350564064,+0000.0956548909593338
+0000.0000000323975439,+0000.0000000000000000,+0000.0000000000000000,+0000.0000000000000000,+0000.1472416718929623,+0000.7571011313298230,+0000.0956571643796706
+0000.0000000272732443,+0000.0000000000000000,+0000.0000000000000000,+0000.0000000000000000,+0000.1472347329367636,+0000.7570961667416871,+0000.0956690730483050
+0000.0000000229605786,+0000.0000000000000000,+0000.0000000000000000,+0000.0000000000000000,+0000.1472379460653034,+0000.7570755137123246,+0000.0956865172617932
+0000.0000000193300772,+0000.0000000000000000,+0000.0000000000000000,+0000.0000000000000000,+0000.1472463158921160,+0000.7570495483454893,+0000.0957041164323173
+0000.0000000162732055,+0000.0000000000000000,+0000.0000000000000000,+0000.0000000000000000,+0000.1472545395483305,+0000.7570283980205752,+0000.0957170461578890
+0000.0000000136990924,+0000.0000000000000000,+0000.0000000000000000,+0000.0000000000000000,+0000.1472590351810149,+0000.7570184792038961,+0000.0957224719159967
+0000.0000000115315848,+0000.0000000000000000,+0000.0000000000000000,+0000.0000000000000000,+0000.1472589192662332,+0000.7570209216947272,+0000.0957201475074546
+0000.0000000097067069,+0000.0000000000000000,+0000.0000000000000000,+0000.0000000000000000,+0000.1472557639993315,+0000.7570321327420201,+0000.0957120935519415
+0000.0000000081705596,+0000.0000000000000000,+0000.0000000000000000,+0000.0000000000000000,+0000.1472524443526277,+0000.7570459466068972,+0000.0957016008699157
+0000.0000000068776374,+0000.0000000000000000,+0000.0000000000000000,+0000.0000000000000000,+0000.1472516703046409,+0000.7570563249853798,+0000.0956919978323421
+0000.0000000057894938,+0000.0000000000000000,+0000.0000000000000000,+0000.0000000000000000,+0000.1472548174175066,+0000.7570595470713772,+0000.0956856297216225
+0000.0000000048736696,+0000.0000000000000000,+0000.0000000000000000,+0000.0000000000000000,+0000.1472614568207113,+0000.7570551889849615,+0000.0956833493206577
+0000.0000000041028056,+0000.0000000000000000,+0000.0000000000000000,+0000.0000000000000000,+0000.1472696609156522,+0000.7570457434593728,+0000.0956845915221692
+0000.0000000034538845,+0000.0000000000000000,+0000.0000000000000000,+0000.0000000000000000,+0000.1472768606253742,+0000.7570352425633253,+0000.0956878933574162
+0000.0000000029075673,+0000.0000000000000000,+0000.0000000000000000,+0000.0000000000000000,+0000.1472808580418371,+0000.7570275443520521,+0000.0956915946985436
+0000.0000000024476136,+0000.0000000000000000,+0000.0000000000000000,+0000.0000000000000000,+0000.1472805968309089,+0000.7570249579798793,+0000.0956944427415981
+0000.0000000020603784,+0000.0000000000000000,+0000.0000000000000000,+0000.0000000000000000,+0000.1472764370378059,+0000.7570276507150752,+0000.0956959101867405
+0000.0000000017343843,+0000.0000000000000000,+0000.0000000000000000,+0000.0000000000000000,+0000.1472698973531290,+0000.7570339253249387,+0000.0956961755875482
+0000.0000000014599661,+0000.0000000000000000,+0000.0000000000000000,+0000.0000000000000000,+0000.1472630266303862,+0000.7570411256817170,+0000.0956958462279305
+0000.0000000012289768,+0000.0000000000000000,+0000.0000000000000000,+0000.0000000000000000,+0000.1472576770378719,+0000.7570467394037630,+0000.0956955823293881
+0000.0000000010345479,+0000.0000000000000000,+0000.0000000000000000,+0000.0000000000000000,+0000.1472549465712037,+0000.7570492653731103,+0000.0956957870211382
+0000.0000000008708903,+0000.0000000000000000,+0000.0000000000000000,+0000.0000000000000000,+0000.1472549584931236,+0000.7570485704387802,+0000.0956964701972061
+0000.0000000007331283,+0000.0000000000000000,+0000.0000000000000000,+0000.0000000000000000,+0000.1472570009305258,+0000.7570456904225425,+0000.0956973079138031
+0000.0000000006171589,+0000.0000000000000000,+0000.0000000000000000,+0000.0000000000000000,+0000.1472599200003193,+0000.7570422398369125,+0000.0956978395456096
+0000.0000000005195311,+0000.0000000000000000,+0000.0000000000000000,+0000.0000000000000000,+0000.1472625882901297,+0000.7570397104813676,+0000.0956977007089717
+0000.0000000004373429,+0000.0000000000000000,+0000.0000000000000000,+0000.0000000000000000,+0000.1472642734530938,+0000.7570389344872177,+0000.0956967916223454
+0000.0000000003681531,+0000.0000000000000000,+0000.0000000000000000,+0000.0000000000000000,+0000.1472647963329654,+0000.7570398830391311,+0000.0956953202597507
+0000.0000000003099077,+0000.0000000000000000,+0000.0000000000000000,+0000.0000000000000000,+0000.1472644615780506,+0000.7570418214294707,+0000.0956937166825708
+0000.0000000002608770,+0000.0000000000000000,+0000.0000000000000000,+0000.0000000000000000,+0000.1472638279078805,+0000.7570437065495719,+0000.0956924652816707
+0000.0000000002196042,+0000.0000000000000000,+0000.0000000000000000,+0000.0000000000000000,+0000.1472634311615610,+0000.7570446412430809,+0000.0956919273757541
+0000.0000000001848622,+0000.0000000000000000,+0000.0000000000000000,+0000.0000000000000000,+0000.1472635705950925,+0000.7570442075899447,+0000.0956922216301004
+0000.0000000001556174,+0000.0000000000000000,+0000.0000000000000000,+0000.0000000000000000,+0000.1472642266132632,+0000.7570425728889418,+0000.0956932003421778
+0000.0000000001309995,+0000.0000000000000000,+0000.0000000000000000,+0000.0000000000000000,+0000.1472651181250314,+0000.7570403616338186,+0000.0956945201101507
+0000.0000000001102762,+0000.0000000000000000,+0000.0000000000000000,+0000.0000000000000000,+0000.1472658546849872,+0000.7570383735837447,+0000.0956957716209920
+0000.0000000000928310,+0000.0000000000000000,+0000.0000000000000000,+0000.0000000000000000,+0000.1472661106376447,+0000.7570372725783632,+0000.0956966166911614
+0000.0000000000781452,+0000.0000000000000000,+0000.0000000000000000,+0000.0000000000000000,+0000.1472657517396976,+0000.7570373633522814,+0000.0956968848298754
+0000.0000000000657825,+0000.0000000000000000,+0000.0000000000000000,+0000.0000000000000000,+0000.1472648730563751,+0000.7570385248057270,+0000.0956966020721151
+0000.0000000000553755,+0000.0000000000000000,+0000.0000000000000000,+0000.0000000000000000,+0000.1472637460309966,+0000.7570403018980789,+0000.0956959520155492
+0000.0000000000466149,+0000.0000000000000000,+0000.0000000000000000,+0000.0000000000000000,+0000.1472627065240976,+0000.7570421011734694,+0000.0956951922558181
+0000.0000000000392403,+0000.0000000000000000,+0000.0000000000000000,+0000.0000000000000000,+0000.1472620327115410,+0000.7570434061546666,+0000.0956945610945517
+0000.0000000000330325,+0000.0000000000000000,+0000.0000000000000000,+0000.0000000000000000,+0000.1472618583738128,+0000.7570439344497865,+0000.0956942071433685
+0000.0000000000278068,+0000.0000000000000000,+0000.0000000000000000,+0000.0000000000000000,+0000.1472621476880104,+0000.7570436910385738,+0000.0956941612456091
+0000.0000000000234078,+0000.0000000000000000,+0000.0000000000000000,+0000.0000000000000000,+0000.1472627316881194,+0000.7570429159070881,+0000.0956943523813845
+0000.0000000000197048,+0000.0000000000000000,+0000.0000000000000000,+0000.0000000000000000,+0000.1472633844896471,+0000.7570419616054445,+0000.0956946538852034
+0000.0000000000165875,+0000.0000000000000000,+0000.0000000000000000,+0000.0000000000000000,+0000.1472639065496368,+0000.7570411550655078,+0000.0956949383682677
+0000.0000000000139634,+0000.0000000000000000,+0000.0000000000000000,+0000.0000000000000000,+0000.1472641848121556,+0000.7570406944314108,+0000.0956951207424703
+0000.0000000000117543,+0000.0000000000000000,+0000.0000000000000000,+0000.0000000000000000,+0000.1472642125615841,+0000.7570406106183443,+0000.0956951768083175
+0000.0000000000098948,+0000.0000000000000000,+0000.0000000000000000,+0000.0000000000000000,+0000.1472640688788301,+0000.7570407951971285,+0000.0956951359141463
+0000.0000000000083294,+0000.0000000000000000,+0000.0000000000000000,+0000.0000000000000000,+0000.1472638719775718,+0000.7570410722560657,+0000.0956950557580332
+0000.0000000000070117,+0000.0000000000000000,+0000.0000000000000000,+0000.0000000000000000,+0000.1472637276363568,+0000.7570412800455273,+0000.0956949923111042
+0000.0000000000059024,+0000.0000000000000000,+0000.0000000000000000,+0000.0000000000000000,+0000.1472636921279755,+0000.7570413307305267,+0000.0956949771355954
+0000.0000000000049687,+0000.0000000000000000,+0000.0000000000000000,+0000.0000000000000000,+0000.1472637605426289,+0000.7570412301592023,+0000.0956950092932002
+0000.0000000000041826,+0000.0000000000000000,+0000.0000000000000000,+0000.0000000000000000,+0000.1472638803560350,+0000.7570410574319395,+0000.0956950622078425
+0000.0000000000035209,+0000.0000000000000000,+0000.0000000000000000,+0000.0000000000000000,+0000.1472639809099092,+0000.7570409190093582,+0000.0956951000772116
+0000.0000000000029639,+0000.0000000000000000,+0000.0000000000000000,+0000.0000000000000000,+0000.1472640051742292,+0000.7570408991492582,+0000.0956950956735487
+0000.0000000000024950,+0000.0000000000000000,+0000.0000000000000000,+0000.0000000000000000,+0000.1472639315223922,+0000.7570410263159455,+0000.0956950421591672
+0000.0000000000021003,+0000.0000000000000000,+0000.0000000000000000,+0000.0000000000000000,+0000.1472637788736729,+0000.7570412661250410,+0000.0956949549991855
+0000.0000000000017681,+0000.0000000000000000,+0000.0000000000000000,+0000.0000000000000000,+0000.1472635957211416,+0000.7570415398097547,+0000.0956948644673357
+0000.0000000000014883,+0000.0000000000000000,+0000.0000000000000000,+0000.0000000000000000,+0000.1472634394175799,+0000.7570417577699680,+0000.0956948028109641
+0000.0000000000012529,+0000.0000000000000000,+0000.0000000000000000,+0000.0000000000000000,+0000.1472633547123660,+0000.7570418536259081,+0000.0956947916604728
+0000.0000000000010547,+0000.0000000000000000,+0000.0000000000000000,+0000.0000000000000000,+0000.1472633594719652,+0000.7570418060542713,+0000.0956948344727091
+0000.0000000000008878,+0000.0000000000000000,+0000.0000000000000000,+0000.0000000000000000,+0000.1472634417350418,+0000.7570416419452011,+0000.0956949163188695
+0000.0000000000007474,+0000.0000000000000000,+0000.0000000000000000,+0000.0000000000000000,+0000.1472635675455308,+0000.7570414221305424,+0000.0956950103231794
+0000.0000000000006291,+0000.0000000000000000,+0000.0000000000000000,+0000.0000000000000000,+0000.1472636952216543,+0000.7570412170691031,+0000.0956950877086135
+0000.0000000000005296,+0000.0000000000000000,+0000.0000000000000000,+0000.0000000000000000,+0000.1472637900800939,+0000.7570410824417995,+0000.0956951274775771
+0000.0000000000004458,+0000.0000000000000000,+0000.0000000000000000,+0000.0000000000000000,+0000.1472638343983215,+0000.7570410432150440,+0000.0956951223861886
+0000.0000000000003753,+0000.0000000000000000,+0000.0000000000000000,+0000.0000000000000000,+0000.1472638299123136,+0000.7570410904748349,+0000.0956950796124763
+0000.0000000000003159,+0000.0000000000000000,+0000.0000000000000000,+0000.0000000000000000,+0000.1472637932301083,+0000.7570411901819322,+0000.0956950165876437
+0000.0000000000002659,+0000.0000000000000000,+0000.0000000000000000,+0000.0000000000000000,+0000.1472637469937966,+0000.7570412989363727,+0000.0956949540695647
+0000.0000000000002239,+0000.0000000000000000,+0000.0000000000000000,+0000.0000000000000000,+0000.1472637106617112,+0000.7570413801537326,+0000.0956949091843321
+0000.0000000000001885,+0000.0000000000000000,+0000.0000000000000000,+0000.0000000000000000,+0000.1472636942617025,+0000.7570414149775450,+0000.0956948907605637
+0000.0000000000001586,+0000.0000000000000000,+0000.0000000000000000,+0000.0000000000000000,+0000.1472636968253934,+0000.7570414050405972,+0000.0956948981338506
+0000.0000000000001335,+0000.0000000000000000,+0000.0000000000000000,+0000.0000000000000000,+0000.1472637092264297,+0000.7570413675483418,+0000.0956949232250951
+0000.0000000000001124,+0000.0000000000000000,+0000.0000000000000000,+0000.0000000000000000,+0000.1472637195880287,+0000.7570413257969567,+0000.0956949546149020
+0000.0000000000000946,+0000.0000000000000000,+0000.0000000000000000,+0000.0000000000000000,+0000.1472637187918104,+0000.7570412993292464,+0000.0956949818788482
+0000.0000000000000797,+0000.0000000000000000,+0000.0000000000000000,+0000.0000000000000000,+0000.1472637039916712,+0000.7570412973355745,+0000.0956949986726748
+0000.0000000000000671,+0000.0000000000000000,+0000.0000000000000000,+0000.0000000000000000,+0000.1472636791163191,+0000.7570413171151469,+0000.0956950037684667
+0000.0000000000000565,+0000.0000000000000000,+0000.0000000000000000,+0000.0000000000000000,+0000.1472636526250152,+0000.7570413472671012,+0000.0956950001078275
+0000.0000000000000475,+0000.0000000000000000,+0000.0000000000000000,+0000.0000000000000000,+0000.1472636337633912,+0000.7570413736138791,+0000.0956949926226824
+0000.0000000000000400,+0000.0000000000000000,+0000.0000000000000000,+0000.0000000000000000,+0000.1472636289378991,+0000.7570413851958790,+0000.0956949858661817
+0000.0000000000000337,+0000.0000000000000000,+0000.0000000000000000,+0000.0000000000000000,+0000.1472636395478089,+0000.7570413780924620,+0000.0956949823596952
+0000.0000000000000283,+0000.0000000000000000,+0000.0000000000000000,+0000.0000000000000000,+0000.1472636618854434,+0000.7570413559926161,+0000.0956949821219122
+0000.0000000000000239,+0000.0000000000000000,+0000.0000000000000000,+0000.0000000000000000,+0000.1472636888727863,+0000.7570413278113513,+0000.0956949833158386
+0000.0000000000000201,+0000.0000000000000000,+0000.0000000000000000,+0000.0000000000000000,+0000.1472637127695948,+0000.7570413036915832,+0000.0956949835388019
+0000.0000000000000169,+0000.0000000000000000,+0000.0000000000000000,+0000.0000000000000000,+0000.1472637277623282,+0000.7570412911175951,+0000.0956949811200600
+0000.0000000000000142,+0000.0000000000000000,+0000.0000000000000000,+0000.0000000000000000,+0000.1472637315441082,+0000.7570412925586039,+0000.0956949758972738
+0000.0000000000000120,+0000.0000000000000000,+0000.0000000000000000,+0000.0000000000000000,+0000.1472637254857076,+0000.7570413052815282,+0000.0956949692327523
+0000.0000000000000101,+0000.0000000000000000,+0000.0000000000000000,+0000.0000000000000000,+0000.1472637135554650,+0000.7570413230795581,+0000.0956949633649670
+0000.0000000000000085,+0000.0000000000000000,+0000.0000000000000000,+0000.0000000000000000,+0000.1472637005611308,+0000.7570413390010517,+0000.0956949604378089
+0000.0000000000000071,+0000.0000000000000000,+0000.0000000000000000,+0000.0000000000000000,+0000.1472636904325177,+0000.7570413479372284,+0000.0956949616302465
+0000.0000000000000060,+0000.0000000000000000,+0000.0000000000000000,+0000.0000000000000000,+0000.1472636851308092,+0000.7570413481518165,+0000.0956949667173686
+0000.0000000000000051,+0000.0000000000000000,+0000.0000000000000000,+0000.0000000000000000,+0000.1472636844506915,+0000.7570413413596591,+0000.0956949741896442
+0000.0000000000000043,+0000.0000000000000000,+0000.0000000000000000,+0000.0000000000000000,+0000.1472636866197440,+0000.7570413315475747,+0000.0956949818326771
+0000.0000000000000036,+0000.0000000000000000,+0000.0000000000000000,+0000.0000000000000000,+0000.1472636893323419,+0000.7570413231568854,+0000.0956949875107692
+0000.0000000000000030,+0000.0000000000000000,+0000.0000000000000000,+0000.0000000000000000,+0000.1472636907632410,+0000.7570413193832077,+0000.0956949898535485
+0000.0000000000000025,+0000.0000000000000000,+0000.0000000000000000,+0000.0000000000000000,+0000.1472636901934190,+0000.7570413211907059,+0000.0956949886158727
+0000.0000000000000021,+0000.0000000000000000,+0000.0000000000000000,+0000.0000000000000000,+0000.1472636880865325,+0000.7570413272880416,+0000.0956949846254238
+0000.0000000000000018,+0000.0000000000000000,+0000.0000000000000000,+0000.0000000000000000,+0000.1472636856844702,+0000.7570413349279019,+0000.0956949793876261
+0000.0000000000000015,+0000.0000000000000000,+0000.0000000000000000,+0000.0000000000000000,+0000.1472636843573177,+0000.7570413411160407,+0000.0956949745266398
+0000.0000000000000013,+0000.0000000000000000,+0000.0000000000000000,+0000.0000000000000000,+0000.1472636849960831,+0000.7570413437318424,+0000.0956949712720732
+0000.0000000000000011,+0000.0000000000000000,+0000.0000000000000000,+0000.0000000000000000,+0000.1472636876747674,+0000.7570413421708979,+0000.0956949701543337
+0000.0000000000000009,+0000.0000000000000000,+0000.0000000000000000,+0000.0000000000000000,+0000.1472636916727415,+0000.7570413373518745,+0000.0956949709753833
+0000.0000000000000008,+0000.0000000000000000,+0000.0000000000000000,+0000.0000000000000000,+0000.1472636958002610,+0000.7570413311822541,+0000.0956949730174839
+0000.0000000000000006,+0000.0000000000000000,+0000.0000000000000000,+0000.0000000000000000,+0000.1472636988655235,+0000.7570413257563541,+0000.0956949753781218
+0000.0000000000000005,+0000.0000000000000000,+0000.0000000000000000,+0000.0000000000000000,+0000.1472637000923857,+0000.7570413226116577,+0000.0956949772959564
+0000.0000000000000005,+0000.0000000000000000,+0000.0000000000000000,+0000.0000000000000000,+0000.1472636993428789,+0000.7570413222969952,+0000.0956949783601257
+0000.0000000000000004,+0000.0000000000000000,+0000.0000000000000000,+0000.0000000000000000,+0000.1472636970902101,+0000.7570413243544063,+0000.0956949785553832
+0000.0000000000000003,+0000.0000000000000000,+0000.0000000000000000,+0000.0000000000000000,+0000.1472636941856389,+0000.7570413276528045,+0000.0956949781615560
+0000.0000000000000003,+0000.0000000000000000,+0000.0000000000000000,+0000.0000000000000000,+0000.1472636915301089,+0000.7570413308965384,+0000.0956949775733524
+0000.0000000000000002,+0000.0000000000000000,+0000.0000000000000000,+0000.0000000000000000,+0000.1472636897789872,+0000.7570413330991088,+0000.0956949771219038
+0000.0000000000000002,+0000.0000000000000000,+0000.0000000000000000,+0000.0000000000000000,+0000.1472636891770959,+0000.7570413338601016,+0000.0956949769628026
+0000.0000000000000002,+0000.0000000000000000,+0000.0000000000000000,+0000.0000000000000000,+0000.1472636895601361,+0000.7570413333814719,+0000.0956949770583919
+0000.0000000000000001,+0000.0000000000000000,+0000.0000000000000000,+0000.0000000000000000,+0000.1472636904942050,+0000.7570413322640853,+0000.0956949772417097
+0000.0000000000000001,+0000.0000000000000000,+0000.0000000000000000,+0000.0000000000000000,+0000.1472636914810277,+0000.7570413311978853,+0000.0956949773210872
+0000.0000000000000001,+0000.0000000000000000,+0000.0000000000000000,+0000.0000000000000000,+0000.1472636921453485,+0000.7570413306783258,+0000.0956949771763256
+0000.0000000000000001,+0000.0000000000000000,+0000.0000000000000000,+0000.0000000000000000,+0000.1472636923414120,+0000.7570413308494450,+0000.0956949768091431
+0000.0000000000000001,+0000.0000000000000000,+0000.0000000000000000,+0000.0000000000000000,+0000.1472636921551546,+0000.7570413315103517,+0000.0956949763344934
+0000.0000000000000001,+0000.0000000000000000,+0000.0000000000000000,+0000.0000000000000000,+0000.1472636918202452,+0000.7570413322552476,+0000.0956949759245070
+0000.0000000000000000,+0000.0000000000000000,+0000.0000000000000000,+0000.0000000000000000,+0000.1472636915941939,+0000.7570413326722323,+0000.0956949757335740
+0000.0000000000000000,+0000.0000000000000000,+0000.0000000000000000,+0000.0000000000000000,+0000.1472636916474555,+0000.7570413325160364,+0000.0956949758365080
+0000.0000000000000000,+0000.0000000000000000,+0000.0000000000000000,+0000.0000000000000000,+0000.1472636920048121,+0000.7570413317926488,+0000.0956949762025392
+0000.0000000000000000,+0000.0000000000000000,+0000.0000000000000000,+0000.0000000000000000,+0000.1472636925525974,+0000.7570413307360145,+0000.0956949767113880
+0000.0000000000000000,+0000.0000000000000000,+0000.0000000000000000,+0000.0000000000000000,+0000.1472636930987996,+0000.7570413297001276,+0000.0956949772010730
+0000.0000000000000000,+0000.0000000000000000,+0000.0000000000000000,+0000.0000000000000000,+0000.1472636934555466,+0000.7570413290178916,+0000.0956949775265622
+0000.0000000000000000,+0000.0000000000000000,+0000.0000000000000000,+0000.0000000000000000,+0000.1472636935098833,+0000.7570413288831799,+0000.0956949776069370
+0000.0000000000000000,+0000.0000000000000000,+0000.0000000000000000,+0000.0000000000000000,+0000.1472636932582007,+0000.7570413292961722,+0000.0956949774456273
+0000.0000000000000000,+0000.0000000000000000,+0000.0000000000000000,+0000.0000000000000000,+0000.1472636927966819,+0000.7570413300834817,+0000.0956949771198363
+0000.0000000000000000,+0000.0000000000000000,+0000.0000000000000000,+0000.0000000000000000,+0000.1472636922773147,+0000.7570413309760273,+0000.0956949767466583
+0000.0000000000000000,+0000.0000000000000000,+0000.0000000000000000,+0000.0000000000000000,+0000.1472636918501082,+0000.7570413317093627,+0000.0956949764405290
+0000.0000000000000000,+0000.0000000000000000,+0000.0000000000000000,+0000.0000000000000000,+0000.1472636916140663,+0000.7570413321083201,+0000.0956949762776136
+0000.0000000000000000,+0000.0000000000000000,+0000.0000000000000000,+0000.0000000000000000,+0000.1472636915929358,+0000.7570413321289871,+0000.0956949762780772
+0000.0000000000000000,+0000.0000000000000000,+0000.0000000000000000,+0000.0000000000000000,+0000.1472636917404524,+0000.7570413318501455,+0000.0956949764094023
+0000.0000000000000000,+0000.0000000000000000,+0000.0000000000000000,+0000.0000000000000000,+0000.1472636919685631,+0000.7570413314252107,+0000.0956949766062262
+0000.0000000000000000,+0000.0000000000000000,+0000.0000000000000000,+0000.0000000000000000,+0000.1472636921849682,+0000.7570413310177651,+0000.0956949767972672
+0000.0000000000000000,+0000.0000000000000000,+0000.0000000000000000,+0000.0000000000000000,+0000.1472636923252183,+0000.7570413307457067,+0000.0956949769290750
+0000.0000000000000000,+0000.0000000000000000,+0000.0000000000000000,+0000.0000000000000000,+0000.1472636923689749,+0000.7570413306518154,+0000.0956949769792097
+0000.0000000000000000,+0000.0000000000000000,+0000.0000000000000000,+0000.0000000000000000,+0000.1472636923374307,+0000.7570413307061654,+0000.0956949769564038
+0000.0000000000000000,+0000.0000000000000000,+0000.0000000000000000,+0000.0000000000000000,+0000.1472636922761654,+0000.7570413308336215,+0000.0956949768902130
+0000.0000000000000000,+0000.0000000000000000,+0000.0000000000000000,+0000.0000000000000000,+0000.1472636922322484,+0000.7570413309519035,+0000.0956949768158481
+0000.0000000000000000,+0000.0000000000000000,+0000.0000000000000000,+0000.0000000000000000,+0000.1472636922350116,+0000.7570413310044976,+0000.0956949767604910
+0000.0000000000000000,+0000.0000000000000000,+0000.0000000000000000,+0000.0000000000000000,+0000.1472636922870039,+0000.7570413309773406,+0000.0956949767356557
+0000.0000000000000000,+0000.0000000000000000,+0000.0000000000000000,+0000.0000000000000000,+0000.1472636923668278,+0000.7570413308960775,+0000.0956949767370948
+0000.0000000000000000,+0000.0000000000000000,+0000.0000000000000000,+0000.0000000000000000,+0000.1472636924409023,+0000.7570413308083833,+0000.0956949767507145
+0000.0000000000000000,+0000.0000000000000000,+0000.0000000000000000,+0000.0000000000000000,+0000.1472636924783608,+0000.7570413307606099,+0000.0956949767610296
