+0001.0000000000000000,+0000.0000000000000000,+0000.0000000000000000,+0000.0000000000000000,+0000.0000000000000000
+0000.9999836143872043,+0000.0000009638232901,+0000.0000154211726412,+0000.0000000000362861,+0000.0000000005805784
+0000.9999344555387504,+0000.0000038552299723,+0000.0000616836795569,+0000.0000000003265718,+0000.0000000052251485
+0000.9998525192764494,+0000.0000086740304138,+0000.0001387844866200,+0000.0000000013062657,+0000.0000000209002511
+0000.9997377998745736,+0000.0000154199083534,+0000.0002467185336543,+0000.0000000036284364,+0000.0000000580549824
+0000.9995902900655718,+0000.0000240924206198,+0000.0003854787299170,+0000.0000000081637583,+0000.0000001306201331
+0000.9994099810477662,+0000.0000346909967504,+0000.0005550559480064,+0000.0000000160004398,+0000.0000002560070372
+0000.9991968624950325,+0000.0000472149385123,+0000.0007554390161972,+0000.0000000284441328,+0000.0000004551061253
+0000.9989509225684647,+0000.0000616634193254,+0000.0009866147092062,+0000.0000000470178237,+0000.0000007522851799
+0000.9986721479300265,+0000.0000780354835872,+0000.0012485677373949,+0000.0000000734617054,+0000.0000011753872860
+0000.9983605237581855,+0000.0000963300459008,+0000.0015412807344126,+0000.0000001097330295,+0000.0000017557284715
+0000.9980160337655383,+0000.0001165458902054,+0000.0018647342432870,+0000.0000001580059394,+0000.0000025280950300
+0000.9976386602184191,+0000.0001386816688106,+0000.0022189067009690,+0000.0000002206712824,+0000.0000035307405188
+0000.9972283839585028,+0000.0001627359013337,+0000.0026037744213398,+0000.0000003003364014,+0000.0000048053824223
+0000.9967851844263921,+0000.0001887069735430,+0000.0030193115766884,+0000.0000003998249045,+0000.0000063971984720
+0000.9963090396872004,+0000.0002165931361043,+0000.0034654901776693,+0000.0000005221764133,+0000.0000083548226127
+0000.9957999264581239,+0000.0002463925032344,+0000.0039422800517510,+0000.0000006706462877,+0000.0000107303406030
+0000.9952578201380089,+0000.0002781030512603,+0000.0044496488201653,+0000.0000008487053274,+0000.0000135792852377
+0000.9946826948389126,+0000.0003117226170857,+0000.0049875618733718,+0000.0000010600394488,+0000.0000169606311810
+0000.9940745234196560,+0000.0003472488965655,+0000.0055559823450474,+0000.0000013085493371,+0000.0000209367893942
+0000.9934332775213772,+0000.0003846794427886,+0000.0061548710846178,+0000.0000015983500715,+0000.0000255736011447
+0000.9927589276050801,+0000.0004240116642715,+0000.0067841866283440,+0000.0000019337707238,+0000.0000309403315807
+0000.9920514429911753,+0000.0004652428230612,+0000.0074438851689794,+0000.0000023193539285,+0000.0000371096628557
+0000.9913107919010247,+0000.0005083700327510,+0000.0081339205240163,+0000.0000027598554240,+0000.0000441576867841
+0000.9905369415004791,+0000.0005533902564085,+0000.0088542441025365,+0000.0000032602435633,+0000.0000521638970125
+0000.9897298579454142,+0000.0006003003044180,+0000.0096048048706879,+0000.0000038256987929,+0000.0000612111806869
+0000.9888895064292638,+0000.0006490968322377,+0000.0103855493158038,+0000.0000044616130997,+0000.0000713858095952
+0000.9880158512325459,+0000.0006997763380743,+0000.0111964214091886,+0000.0000051735894230,+0000.0000827774307681
+0000.9871088557743893,+0000.0007523351604744,+0000.0120373625675897,+0000.0000059674410322,+0000.0000954790565145
+0000.9861684826660462,+0000.0008067694758362,+0000.0129083116133793,+0000.0000068491908670,+0000.0001095870538714
+0000.9851946937664008,+0000.0008630752958419,+0000.0138092047334707,+0000.0000078250708404,+0000.0001252011334462
+0000.9841874502394652,+0000.0009212484648121,+0000.0147399754369930,+0000.0000089015211017,+0000.0001424243376279
+0000.9831467126138607,+0000.0009812846569845,+0000.0157005545117524,+0000.0000100851892590,+0000.0001613630281436
+0000.9820724408442798,+0000.0010431793737191,+0000.0166908699795056,+0000.0000113829295586,+0000.0001821268729370
+0000.9809645943749298,+0000.0011069279406298,+0000.0177108470500760,+0000.0000128018020215,+0000.0002048288323432
+0000.9798231322049440,+0000.0011725255046464,+0000.0187604080743416,+0000.0000143490715334,+0000.0002295851445345
+0000.9786480129557671,+0000.0012399670310078,+0000.0198394724961254,+0000.0000160322068882,+0000.0002565153102115
+0000.9774391949404938,+0000.0013092473001889,+0000.0209479568030223,+0000.0000178588797820,+0000.0002857420765127
+0000.9761966362351691,+0000.0013803609047622,+0000.0220857744761955,+0000.0000198369637572,+0000.0003173914201159
+0000.9749202947520286,+0000.0014533022461985,+0000.0232528359391765,+0000.0000219745330939,+0000.0003515925295026
+0000.9736101283146787,+0000.0015280655316067,+0000.0244490485057075,+0000.0000242798616475,+0000.0003884777863594
+0000.9722660947352058,+0000.0016046447704164,+0000.0256743163266622,+0000.0000267614216303,+0000.0004281827460852
+0000.9708881518931964,+0000.0016830337710053,+0000.0269285403360843,+0000.0000294278823361,+0000.0004708461173777
+0000.9694762578166684,+0000.0017632261372741,+0000.0282116181963858,+0000.0000322881088042,+0000.0005166097408677
+0000.9680303707648859,+0000.0018452152651716,+0000.0295234442427454,+0000.0000353511604233,+0000.0005656185667736
+0000.9665504493130608,+0000.0019289943391720,+0000.0308639094267520,+0000.0000386262894715,+0000.0006180206315437
+0000.9650364524389060,+0000.0020145563287086,+0000.0322329012593368,+0000.0000421229395911,+0000.0006739670334578
+0000.9634883396110392,+0000.0021018939845652,+0000.0336303037530424,+0000.0000458507441973,+0000.0007336119071561
+0000.9619060708792133,+0000.0021909998352297,+0000.0350559973636747,+0000.0000498195248166,+0000.0007971123970658
+0000.9602896069663502,+0000.0022818661832119,+0000.0365098589313892,+0000.0000540392893558,+0000.0008646286296928
+0000.9586389093623640,+0000.0023744851013289,+0000.0379917616212615,+0000.0000585202302968,+0000.0009363236847489
+0000.9569539404197444,+0000.0024688484289622,+0000.0395015748633944,+0000.0000632727228176,+0000.0010123635650814
+0000.9552346634508826,+0000.0025649477682886,+0000.0410391642926168,+0000.0000683073228360,+0000.0010929171653760
+0000.9534810428271070,+0000.0026627744804894,+0000.0426043916878300,+0000.0000736347649749,+0000.0011781562395986
+0000.9516930440794071,+0000.0027623196819411,+0000.0441971149110575,+0000.0000792659604467,+0000.0012682553671475
+0000.9498706340008118,+0000.0028635742403912,+0000.0458171878462587,+0000.0000852119948552,+0000.0013633919176828
+0000.9480137807503951,+0000.0029665287711230,+0000.0474644603379667,+0000.0000914841259127,+0000.0014637460146027
+0000.9461224539588697,+0000.0030711736331133,+0000.0491387781298114,+0000.0000980937810709,+0000.0015695004971350
+0000.9441966248357428,+0000.0031774989251871,+0000.0508399828029929,+0000.0001050525550634,+0000.0016808408810137
+0000.9422362662779904,+0000.0032854944821732,+0000.0525679117147702,+0000.0001123722073568,+0000.0017979553177095
+0000.9402413529802082,+0000.0033951498710645,+0000.0543223979370311,+0000.0001200646595115,+0000.0019210345521847
+0000.9382118615462096,+0000.0035064543871884,+0000.0561032701950136,+0000.0001281419924464,+0000.0020502718791420
+0000.9361477706020145,+0000.0036193970503906,+0000.0579103528062480,+0000.0001366164436086,+0000.0021858630977382
+0000.9340490609101926,+0000.0037339666012370,+0000.0597434656197907,+0000.0001455004040459,+0000.0023280064647339
+0000.9319157154855064,+0000.0038501514972391,+0000.0616024239558248,+0000.0001548064153782,+0000.0024769026460514
+0000.9297477197118125,+0000.0039679399091063,+0000.0634870385457004,+0000.0001645471666695,+0000.0026327546667114
+0000.9275450614601565,+0000.0040873197170309,+0000.0653971154724929,+0000.0001747354911953,+0000.0027957678591243
+0000.9253077312080213,+0000.0042082785070097,+0000.0673324561121548,+0000.0001853843631067,+0000.0029661498097074
+0000.9230357221596568,+0000.0043308035672090,+0000.0692928570753429,+0000.0001965068939877,+0000.0031441103038037
+0000.9207290303674422,+0000.0044548818843751,+0000.0712781101499996,+0000.0002081163293049,+0000.0033298612688782
+0000.9183876548542145,+0000.0045805001402983,+0000.0732880022447719,+0000.0002202260447480,+0000.0035236167159673
+0000.9160115977364953,+0000.0047076447083345,+0000.0753223153333510,+0000.0002328495424600,+0000.0037255926793593
+0000.9136008643485540,+0000.0048363016499887,+0000.0773808263998171,+0000.0002460004471553,+0000.0039360071544847
+0000.9111554633672347,+0000.0049664567115674,+0000.0794633073850772,+0000.0002596925021247,+0000.0041550800339958
+0000.9086754069374714,+0000.0050980953209051,+0000.0815695251344807,+0000.0002739395651260,+0000.0043830330420165
+0000.9061607107984218,+0000.0052312025841691,+0000.0836992413467044,+0000.0002887556041591,+0000.0046200896665458
+0000.9036113944101343,+0000.0053657632827497,+0000.0858522125239942,+0000.0003041546931248,+0000.0048664750899968
+0000.9010274810806779,+0000.0055017618702411,+0000.0880281899238563,+0000.0003201510073662,+0000.0051224161178587
+0000.8984089980936363,+0000.0056391824695181,+0000.0902269195122876,+0000.0003367588190916,+0000.0053881411054661
+0000.8957559768358974,+0000.0057780088699152,+0000.0924481419186415,+0000.0003539924926792,+0000.0056638798828668
+0000.8930684529256325,+0000.0059182245245137,+0000.0946915923922175,+0000.0003718664798610,+0000.0059498636777752
+0000.8903464663403878,+0000.0060598125475423,+0000.0969570007606753,+0000.0003903953147879,+0000.0062463250366063
+0000.8875900615451845,+0000.0062027557118978,+0000.0992440913903632,+0000.0004095936089738,+0000.0065534977435810
+0000.8847992876205303,+0000.0063470364467913,+0000.1015525831486591,+0000.0004294760461188,+0000.0068716167379007
+0000.8819741983902532,+0000.0064926368355265,+0000.1038821893684211,+0000.0004500573768117,+0000.0072009180289876
+0000.8791148525490405,+0000.0066395386134152,+0000.1062326178146414,+0000.0004713524131119,+0000.0075416386097908
+0000.8762213137895882,+0000.0067877231658379,+0000.1086035706534035,+0000.0004933760230100,+0000.0078940163681602
+0000.8732936509292482,+0000.0069371715264526,+0000.1109947444232389,+0000.0005161431247683,+0000.0082582899962922
+0000.8703319380360665,+0000.0070878643755613,+0000.1134058300089787,+0000.0005396686811408,+0000.0086346988982531
+0000.8673362545540969,+0000.0072397820386377,+0000.1158365126182008,+0000.0005639676934744,+0000.0090234830955901
+0000.8643066854278786,+0000.0073929044850232,+0000.1182864717603677,+0000.0005890551956900,+0000.0094248831310406
+0000.8612433212259530,+0000.0075472113267971,+0000.1207553812287507,+0000.0006149462481470,+0000.0098391399703521
+0000.8581462582633105,+0000.0077026818178277,+0000.1232429090852403,+0000.0006416559313895,+0000.0102664949022321
+0000.8550155987226343,+0000.0078592948530086,+0000.1257487176481351,+0000.0006691993397778,+0000.0107071894364440
+0000.8518514507742283,+0000.0080170289676882,+0000.1282724634830077,+0000.0006975915750045,+0000.0111614652000716
+0000.8486539286944891,+0000.0081758623372963,+0000.1308137973967381,+0000.0007268477394986,+0000.0116295638319778
+0000.8454231529828102,+0000.0083357727771760,+0000.1333723644348134,+0000.0007569829297177,+0000.0121117268754829
+0000.8421592504767720,+0000.0084967377426240,+0000.1359478038819803,+0000.0007880122293308,+0000.0126081956692930
+0000.8388623544654992,+0000.0086587343291469,+0000.1385397492663464,+0000.0008199507022946,+0000.0131192112367132
+0000.8355326048010430,+0000.0088217392729387,+0000.1411478283670162,+0000.0008528133858237,+0000.0136450141731787
+0000.8321701480076574,+0000.0089857289515848,+0000.1437716632253531,+0000.0008866152832591,+0000.0141858445321454
+0000.8287751373888349,+0000.0091506793849972,+0000.1464108701599511,+0000.0009213713568363,+0000.0147419417093808
+0000.8253477331319550,+0000.0093165662365878,+0000.1490650597854014,+0000.0009570965203562,+0000.0153135443256996
+0000.8218881024104209,+0000.0094833648146839,+0000.1517338370349377,+0000.0009938056317622,+0000.0159008901081951
+0000.8183964194831326,+0000.0096510500741901,+0000.1544168011870377,+0000.0010315134856259,+0000.0165042157700136
+0000.8148728657911596,+0000.0098195966185040,+0000.1571135458960600,+0000.0010702348055457,+0000.0171237568887308
+0000.8113176300514757,+0000.0099889787016872,+0000.1598236592269908,+0000.0011099842364616,+0000.0177597477833846
+0000.8077309083476114,+0000.0101591702308986,+0000.1625467236943738,+0000.0011507763368892,+0000.0184124213902272
+0000.8041129042170789,+0000.0103301447690934,+0000.1652823163054892,+0000.0011926255710788,+0000.0190820091372597
+0000.8004638287354371,+0000.0105018755379911,+0000.1680300086078525,+0000.0012355463011011,+0000.0197687408176179
+0000.7967839005968437,+0000.0106743354213186,+0000.1707893667410921,+0000.0012795527788674,+0000.0204728444618784
+0000.7930733461909610,+0000.0108474969683294,+0000.1735599514932651,+0000.0013246591380850,+0000.0211945462093597
+0000.7893323996760730,+0000.0110213323976047,+0000.1763413183616706,+0000.0013708793861560,+0000.0219340701784959
+0000.7855613030482715,+0000.0111958136011382,+0000.1791330176182059,+0000.0014182273960226,+0000.0226916383363617
+0000.7817603062065742,+0000.0113709121487078,+0000.1819345943793195,+0000.0014667168979647,+0000.0234674703674340
+0000.7779296670138347,+0000.0115465992925377,+0000.1847455886805984,+0000.0015163614713547,+0000.0242617835416745
+0000.7740696513533117,+0000.0117228459722525,+0000.1875655355560338,+0000.0015671745363766,+0000.0250747925820253
+0000.7701805331807599,+0000.0118996228201251,+0000.1903939651219954,+0000.0016191693457130,+0000.0259067095314068
+0000.7662625945719077,+0000.0120769001666220,+0000.1932304026659456,+0000.0016723589762074,+0000.0267577436193172
+0000.7623161257651980,+0000.0122546480462453,+0000.1960743687399191,+0000.0017267563205081,+0000.0276281011281292
+0000.7583414251996553,+0000.0124328362036745,+0000.1989253792587852,+0000.0017823740786992,+0000.0285179852591861
+0000.7543387995477580,+0000.0126114341002072,+0000.2017829456033085,+0000.0018392247499251,+0000.0294275959988013
+0000.7503085637431960,+0000.0127904109205015,+0000.2046465747280174,+0000.0018973206240168,+0000.0303571299842686
+0000.7462510410033849,+0000.0129697355796181,+0000.2075157692738822,+0000.0019566737731245,+0000.0313067803699905
+0000.7421665628466312,+0000.0131493767303630,+0000.2103900276858015,+0000.0020172960433650,+0000.0322767366938393
+0000.7380554691038277,+0000.0133293027709310,+0000.2132688443348883,+0000.0020791990464914,+0000.0332671847438616
+0000.7339181079245751,+0000.0135094818528468,+0000.2161517096455423,+0000.0021423941515904,+0000.0342783064254455
+0000.7297548357776225,+0000.0136898818892059,+0000.2190381102272875,+0000.0022068924768168,+0000.0353102796290675
+0000.7255660174455304,+0000.0138704705632098,+0000.2219275290113490,+0000.0022727048811713,+0000.0363632780987396
+0000.7213520260134568,+0000.0140512153369965,+0000.2248194453919370,+0000.0023398419563300,+0000.0374374713012797
+0000.7171132428519785,+0000.0142320834607628,+0000.2277133353721972,+0000.0024083140185331,+0000.0385330242965283
+0000.7128500575938613,+0000.0144130419821746,+0000.2306086717147856,+0000.0024781311005400,+0000.0396500976086386
+0000.7085628681047010,+0000.0145940577560636,+0000.2335049240970100,+0000.0025493029436604,+0000.0407888470985652
+0000.7042520804473582,+0000.0147750974544059,+0000.2364015592704868,+0000.0026218389898677,+0000.0419494238378815
+0000.6999181088401233,+0000.0149561275765781,+0000.2392980412252413,+0000.0026957483740034,+0000.0431319739840539
+0000.6955613756085438,+0000.0151371144598870,+0000.2421938313581838,+0000.0027710399160816,+0000.0443366386573041
+0000.6911823111308625,+0000.0153180242903681,+0000.2450883886458811,+0000.0028477221136994,+0000.0455635538191891
+0000.6867813537770193,+0000.0154988231138466,+0000.2479811698215369,+0000.0029258031345646,+0000.0468128501530326
+0000.6823589498411682,+0000.0156794768472564,+0000.2508716295560926,+0000.0030052908091461,+0000.0480846529463369
+0000.6779155534676783,+0000.0158599512902096,+0000.2537592206433451,+0000.0030861926234570,+0000.0493790819753101
+0000.6734516265705934,+0000.0160402121368118,+0000.2566433941889788,+0000.0031685157119775,+0000.0506962513916382
+0000.6689676387465250,+0000.0162202249877131,+0000.2595235998033996,+0000.0032522668507273,+0000.0520362696116353
+0000.6644640671809640,+0000.0163999553623911,+0000.2623992857982484,+0000.0033374524504940,+0000.0533992392079025
+0000.6599413965480178,+0000.0165793687116553,+0000.2652698993864747,+0000.0034240785502267,+0000.0547852568036256
+0000.6554001189035590,+0000.0167584304303651,+0000.2681348868858317,+0000.0035121508106027,+0000.0561944129696418
+0000.6508407335718084,+0000.0169371058703543,+0000.2709936939256583,+0000.0036016745077753,+0000.0576267921244035
+0000.6462637470253689,+0000.0171153603535509,+0000.2738457656568040,+0000.0036926545273105,+0000.0590824724369657
+0000.6416696727587313,+0000.0172931591852844,+0000.2766905469645407,+0000.0037850953583203,+0000.0605615257331232
+0000.6370590311552972,+0000.0174704676677701,+0000.2795274826843103,+0000.0038790010878014,+0000.0620640174048209
+0000.6324323493479556,+0000.0176472511137596,+0000.2823560178201419,+0000.0039743753951850,+0000.0635900063229582
+0000.6277901610732683,+0000.0178234748603487,+0000.2851755977655688,+0000.0040712215471068,+0000.0651395447537074
+0000.6231330065193286,+0000.0179991042829304,+0000.2879856685268748,+0000.0041695423924040,+0000.0667126782784622
+0000.6184614321673547,+0000.0181741048092812,+0000.2907856769484872,+0000.0042693403573458,+0000.0683094457175310
+0000.6137759906271059,+0000.0183484419337715,+0000.2935750709403320,+0000.0043706174411054,+0000.0699298790576851
+0000.6090772404662024,+0000.0185220812316859,+0000.2963532997069616,+0000.0044733752114795,+0000.0715740033836704
+0000.6043657460334479,+0000.0186949883736421,+0000.2991198139782619,+0000.0045776148008618,+0000.0732418368137860
+0000.5996420772762564,+0000.0188671291400969,+0000.3018740662415374,+0000.0046833369024771,+0000.0749333904396320
+0000.5949068095522990,+0000.0190384694359241,+0000.3046155109747725,+0000.0047905417668827,+0000.0766486682701213
+0000.5901605234354924,+0000.0192089753050547,+0000.3073436048808619,+0000.0048992291987408,+0000.0783876671798502
+0000.5854038045164542,+0000.0193786129451632,+0000.3100578071225977,+0000.0050093985538698,+0000.0801503768619150
+0000.5806372431975723,+0000.0195473487223884,+0000.3127575795582007,+0000.0051210487365789,+0000.0819367797852597
+0000.5758614344828248,+0000.0197151491860744,+0000.3154423869771779,+0000.0052341781972897,+0000.0837468511566331
+0000.5710769777625135,+0000.0198819810835186,+0000.3181116973362844,+0000.0053487849304521,+0000.0855805588872312
+0000.5662844765930680,+0000.0200478113747115,+0000.3207649819953709,+0000.0054648664727560,+0000.0874378635640937
+0000.5614845384720927,+0000.0202126072470563,+0000.3234017159528870,+0000.0055824199016451,+0000.0893187184263187
+0000.5566777746088374,+0000.0203763361300521,+0000.3260213780808201,+0000.0057014418341349,+0000.0912230693461556
+0000.5518647996902695,+0000.0205389657099280,+0000.3286234513588340,+0000.0058219284259395,+0000.0931508548150290
+0000.5470462316429499,+0000.0207004639442126,+0000.3312074231073872,+0000.0059438753709090,+0000.0951020059345416
+0000.5422226913909016,+0000.0208607990762255,+0000.3337727852195934,+0000.0060672779007813,+0000.0970764464124980
+0000.5373948026096873,+0000.0210199396494760,+0000.3363190343916007,+0000.0061921307852494,+0000.0990740925639864
+0000.5325631914768982,+0000.0211778545219543,+0000.3388456723512533,+0000.0063184283323469,+0000.1010948533175471
+0000.5277284864192802,+0000.0213345128803017,+0000.3413522060848120,+0000.0064461643891535,+0000.1031386302264526
+0000.5228913178567181,+0000.0214898842538447,+0000.3438381480614999,+0000.0065753323428200,+0000.1052053174851171
+0000.5180523179433083,+0000.0216439385284791,+0000.3463030164556504,+0000.0067059251219156,+0000.1072948019506462
+0000.5132121203057537,+0000.0217966459603902,+0000.3487463353662277,+0000.0068379351980960,+0000.1094069631695326
+0000.5083713597793196,+0000.0219479771895945,+0000.3511676350334957,+0000.0069713545880937,+0000.1115416734094962
+0000.5035306721416011,+0000.0220979032532897,+0000.3535664520526190,+0000.0071061748560291,+0000.1136987976964610
+0000.4986906938443378,+0000.0222463955989991,+0000.3559423295839682,+0000.0072423871160411,+0000.1158781938566538
+0000.4938520617435394,+0000.0223934260974962,+0000.3582948175599214,+0000.0073799820352381,+0000.1180797125638050
+0000.4890154128281694,+0000.0225389670554977,+0000.3606234728879453,+0000.0075189498369642,+0000.1203031973914235
+0000.4841813839476490,+0000.0226829912281103,+0000.3629278596497472,+0000.0076592803043822,+0000.1225484848701115
+0000.4793506115384375,+0000.0228254718310196,+0000.3652075492962951,+0000.0078009627843678,+0000.1248154045498801
+0000.4745237313499561,+0000.0229663825524077,+0000.3674621208385046,+0000.0079439861917139,+0000.1271037790674179
+0000.4697013781701133,+0000.0231056975645884,+0000.3696911610333967,+0000.0080883390136415,+0000.1294134242182600
+0000.4648841855507034,+0000.0232433915353474,+0000.3718942645655392,+0000.0082340093146126,+0000.1317441490337975
+0000.4600727855329381,+0000.0233794396389751,+0000.3740710342235830,+0000.0083809847414417,+0000.1340957558630623
+0000.4552678083733814,+0000.0235138175669836,+0000.3762210810717189,+0000.0085292525287012,+0000.1364680404592150
+0000.4504698822705516,+0000.0236465015384937,+0000.3783440246158801,+0000.0086787995044164,+0000.1388607920706580
+0000.4456796330924584,+0000.0237774683102840,+0000.3804394929645241,+0000.0088296120960435,+0000.1412737935366902
+0000.4408976841053350,+0000.0239066951864909,+0000.3825071229838352,+0000.0089816763367261,+0000.1437068213876129
+0000.4361246557038349,+0000.0240341600279511,+0000.3845465604471970,+0000.0091349778718248,+0000.1461596459491922
+0000.4313611651429499,+0000.0241598412611754,+0000.3865574601787857,+0000.0092895019657114,+0000.1486320314513774
+0000.4266078262719094,+0000.0242837178869482,+0000.3885394861911509,+0000.0094452335088234,+0000.1511237361411680
+0000.4218652492703192,+0000.0244057694885420,+0000.3904923118166509,+0000.0096021570249702,+0000.1536345123995179
+0000.4171340403867907,+0000.0245259762395402,+0000.3924156198326219,+0000.0097602566788855,+0000.1561641068621617
+0000.4124148016803134,+0000.0246443189112618,+0000.3943091025801677,+0000.0099195162840155,+0000.1587122605442417
+0000.4077081307646125,+0000.0247607788797802,+0000.3961724620764621,+0000.0100799193105383,+0000.1612787089686069
+0000.4030146205557374,+0000.0248753381325307,+0000.3980054101204696,+0000.0102414488936040,+0000.1638631822976581
+0000.3983348590231156,+0000.0249879792745010,+0000.3998076683919937,+0000.0104040878417880,+0000.1664654054686017
+0000.3936694289443041,+0000.0250986855339997,+0000.4015789685439729,+0000.0105678186457488,+0000.1690850983319743
+0000.3890189076636664,+0000.0252074407679986,+0000.4033190522879559,+0000.0107326234870815,+0000.1717219757932975
+0000.3843838668551930,+0000.0253142294670445,+0000.4050276714726898,+0000.0108984842473576,+0000.1743757479577149
+0000.3797648722896834,+0000.0254190367597371,+0000.4067045881557712,+0000.0110653825173421,+0000.1770461202774662
+0000.3751624836064943,+0000.0255218484167711,+0000.4083495746683145,+0000.0112332996063781,+0000.1797327937020419
+0000.3705772540900587,+0000.0256226508545391,+0000.4099624136726031,+0000.0114022165519298,+0000.1824354648308693
+0000.3660097304513670,+0000.0257214311382949,+0000.4115428982126953,+0000.0115721141292735,+0000.1851538260683691
+0000.3614604526146011,+0000.0258181769848746,+0000.4130908317579707,+0000.0117429728613271,+0000.1878875657812262
+0000.3569299535090971,+0000.0259128767649769,+0000.4146060282396064,+0000.0119147730286075,+0000.1906363684577122
+0000.3524187588668107,+0000.0260055195050005,+0000.4160883120799843,+0000.0120874946793066,+0000.1933999148688977
+0000.3479273870254492,+0000.0260960948884416,+0000.4175375182150424,+0000.0122611176394750,+0000.1961778822315915
+0000.3434563487374237,+0000.0261845932568504,+0000.4189534921095824,+0000.0124356215233030,+0000.1989699443728403
+0000.3390061469847701,+0000.0262710056103495,+0000.4203360897655671,+0000.0126109857434895,+0000.2017757718958240
+0000.3345772768001768,+0000.0263553236077165,+0000.4216851777234397,+0000.0127871895216868,+0000.2045950323469803
+0000.3301702250942501,+0000.0264375395660335,+0000.4230006330565112,+0000.0129642118990126,+0000.2074273903841926
+0000.3257854704891347,+0000.0265176464599058,+0000.4242823433584679,+0000.0131420317466177,+0000.2102725079458740
+0000.3214234831586049,+0000.0265956379202553,+0000.4255302067240595,+0000.0133206277762994,+0000.2131300444207810
+0000.3170847246747272,+0000.0266715082326915,+0000.4267441317230383,+0000.0134999785511501,+0000.2159996568183927
+0000.3127696478611889,+0000.0267452523354656,+0000.4279240373674246,+0000.0136800624962312,+0000.2188809999396895
+0000.3084786966533753,+0000.0268168658170130,+0000.4290698530721829,+0000.0138608579092611,+0000.2217737265481678
+0000.3042123059652725,+0000.0268863449130893,+0000.4301815186094022,+0000.0140423429713086,+0000.2246774875409275
+0000.2999709015632616,+0000.0269536865035065,+0000.4312589840560773,+0000.0142244957574802,+0000.2275919321196743
+0000.2957548999468591,+0000.0270188881084766,+0000.4323022097355986,+0000.0144072942475927,+0000.2305167079614733
+0000.2915647082364515,+0000.0270819478845679,+0000.4333111661530604,+0000.0145907163368194,+0000.2334514613891007
+0000.2874007240680652,+0000.0271428646202837,+0000.4342858339245118,+0000.0147747398463029,+0000.2363958375408365
+0000.2832633354951938,+0000.0272016377312685,+0000.4352262037002683,+0000.0149593425337223,+0000.2393494805395470
+0000.2791529208977115,+0000.0272582672551531,+0000.4361322760824217,+0000.0151445021038073,+0000.2423120336609066
+0000.2750698488978747,+0000.0273127538460442,+0000.4370040615366794,+0000.0153301962187890,+0000.2452831395006128
+0000.2710144782834211,+0000.0273650987686692,+0000.4378415802986800,+0000.0155164025087789,+0000.2482624401404509
+0000.2669871579377543,+0000.0274153038921847,+0000.4386448622749275,+0000.0157030985820673,+0000.2512495773130660
+0000.2629882267772016,+0000.0274633716836580,+0000.4394139469385000,+0000.0158902620353324,+0000.2542441925653079
+0000.2590180136953192,+0000.0275093052012320,+0000.4401488832196832,+0000.0160778704637516,+0000.2572459274200142
+0000.2550768375142142,+0000.0275531080869828,+0000.4408497293916951,+0000.0162659014710070,+0000.2602544235361009
+0000.2511650069428421,+0000.0275947845594807,+0000.4415165529516624,+0000.0164543326791781,+0000.2632693228668371
+0000.2472828205422306,+0000.0276343394060652,+0000.4421494304970133,+0000.0166431417385119,+0000.2662902678161788
+0000.2434305666975771,+0000.0276717779748435,+0000.4427484475974650,+0000.0168323063370663,+0000.2693169013930481
+0000.2396085235971516,+0000.0277071061664249,+0000.4433136986627676,+0000.0170218042102158,+0000.2723488673634400
+0000.2358169592179384,+0000.0277403304254014,+0000.4438452868063916,+0000.0172116131500165,+0000.2753858104002521
+0000.2320561313179363,+0000.0277714577315850,+0000.4443433237053289,+0000.0174017110144213,+0000.2784273762307286
+0000.2283262874350337,+0000.0278004955910138,+0000.4448079294561901,+0000.0175920757363397,+0000.2814732117814224
+0000.2246276648923674,+0000.0278274520267383,+0000.4452392324277807,+0000.0177826853325369,+0000.2845229653205769
+0000.2209604908100655,+0000.0278523355693978,+0000.4456373691103336,+0000.0179735179123657,+0000.2875762865978372
+0000.2173249821232753,+0000.0278751552476013,+0000.4460024839615884,+0000.0181645516863264,+0000.2906328269812086
+0000.2137213456063622,+0000.0278959205781204,+0000.4463347292498948,+0000.0183557649744492,+0000.2936922395911731
+0000.2101497779031677,+0000.0279146415559102,+0000.4466342648945304,+0000.0185471362144945,+0000.2967541794318975
+0000.2066104655632050,+0000.0279313286439652,+0000.4469012583034114,+0000.0187386439699666,+0000.2998183035194518
+0000.2031035850836696,+0000.0279459927630263,+0000.4471358842083877,+0000.0189302669379371,+0000.3028842710069793
+0000.1996293029571325,+0000.0279586452811457,+0000.4473383244982986,+0000.0191219839566728,+0000.3059517433067504
+0000.1961877757247835,+0000.0279692980031257,+0000.4475087680499777,+0000.0193137740130663,+0000.3090203842090465
+0000.1927791500350887,+0000.0279779631598388,+0000.4476474105573869,+0000.0195056162498647,+0000.3120898599978207
+0000.1894035627077164,+0000.0279846533974433,+0000.4477544543590592,+0000.0196974899726939,+0000.3151598395630871
+0000.1860611408025913,+0000.0279893817665041,+0000.4478301082640321,+0000.0198893746568758,+0000.3182299945099971
+0000.1827520016939244,+0000.0279921617110300,+0000.4478745873764457,+0000.0200812499540362,+0000.3212999992645638
+0000.1794762531490719,+0000.0279930070574387,+0000.4478881129189854,+0000.0202730956985012,+0000.3243695311760031
+0000.1762339934120647,+0000.0279919320034607,+0000.4478709120553371,+0000.0204648919134796,+0000.3274382706156579
+0000.1730253112916582,+0000.0279889511069916,+0000.4478232177118307,+0000.0206566188170315,+0000.3305059010724882
+0000.1698502862537391,+0000.0279840792749045,+0000.4477452683984363,+0000.0208482568278198,+0000.3335721092451004
+0000.1667089885179348,+0000.0279773317518322,+0000.4476373080292808,+0000.0210397865706452,+0000.3366365851303071
+0000.1636014791582595,+0000.0279687241089301,+0000.4474995857428472,+0000.0212311888817635,+0000.3396990221081995
+0000.1605278102076396,+0000.0279582722326281,+0000.4473323557220149,+0000.0214224448139844,+0000.3427591170237329
+0000.1574880247661518,+0000.0279459923133833,+0000.4471358770140973,+0000.0216135356415520,+0000.3458165702648155
+0000.1544821571128115,+0000.0279319008344417,+0000.4469104133510310,+0000.0218044428648078,+0000.3488710858369080
+0000.1515102328207489,+0000.0279160145606186,+0000.4466562329698626,+0000.0219951482146346,+0000.3519223714341357
+0000.1485722688756056,+0000.0278983505271072,+0000.4463736084336800,+0000.0221856336566838,+0000.3549701385069236
+0000.1456682737969910,+0000.0278789260283230,+0000.4460628164531321,+0000.0223758813953866,+0000.3580141023261676
+0000.1427982477628317,+0000.0278577586067941,+0000.4457241377086693,+0000.0225658738777484,+0000.3610539820439563
+0000.1399621827364534,+0000.0278348660421050,+0000.4453578566736431,+0000.0227555937969304,+0000.3640895007508680
+0000.1371600625962313,+0000.0278102663399017,+0000.4449642614383904,+0000.0229450240956174,+0000.3671203855298593
+0000.1343918632676479,+0000.0277839777209667,+0000.4445436435354311,+0000.0231341479691749,+0000.3701463675067792
+0000.1316575528575993,+0000.0277560186103710,+0000.4440962977658990,+0000.0233229488685970,+0000.3731671818975338
+0000.1289570917907885,+0000.0277264076267098,+0000.4436225220273199,+0000.0235114105032471,+0000.3761825680519347
+0000.1262904329480528,+0000.0276951635714307,+0000.4431226171428543,+0000.0236995168433930,+0000.3791922694942690
+0000.1236575218064656,+0000.0276623054182591,+0000.4425968866921083,+0000.0238872521225404,+0000.3821960339606265
+0000.1210582965810613,+0000.0276278523027284,+0000.4420456368436179,+0000.0240746008395654,+0000.3851936134330268
+0000.1184926883680330,+0000.0275918235118215,+0000.4414691761891069,+0000.0242615477606505,+0000.3881847641703879
+0000.1159606212892506,+0000.0275542384737280,+0000.4408678155796107,+0000.0244480779210253,+0000.3911692467363851
+0000.1134620126379564,+0000.0275151167477247,+0000.4402418679635583,+0000.0246341766265165,+0000.3941468260242438
+0000.1109967730254915,+0000.0274744780141834,+0000.4395916482268964,+0000.0248198294549088,+0000.3971172712785198
+0000.1085648065289119,+0000.0274323420647111,+0000.4389174730353396,+0000.0250050222571211,+0000.4000803561139165
+0000.1061660108393561,+0000.0273887287924285,+0000.4382196606788192,+0000.0251897411582010,+0000.4030358585311951
+0000.1038002774110291,+0000.0273436581823904,+0000.4374985309182086,+0000.0253739725581408,+0000.4059835609302314
+0000.1014674916106669,+0000.0272971503021516,+0000.4367544048343884,+0000.0255577031325185,+0000.4089232501202743
+0000.0991675328673558,+0000.0272492252924848,+0000.4359876046797189,+0000.0257409198329684,+0000.4118547173274724
+0000.0969002748225759,+0000.0271999033582508,+0000.4351984537319747,+0000.0259236098874836,+0000.4147777581997151
+0000.0946655854803483,+0000.0271492047594277,+0000.4343872761508047,+0000.0261057608005554,+0000.4176921728088638
+0000.0924633273573647,+0000.0270971498022998,+0000.4335543968367589,+0000.0262873603531529,+0000.4205977656504236
+0000.0902933576329820,+0000.0270437588308109,+0000.4327001412929364,+0000.0264683966025467,+0000.4234943456407239
+0000.0881555282989696,+0000.0269890522180833,+0000.4318248354892943,+0000.0266488578819810,+0000.4263817261116720
+0000.0860496863088990,+0000.0269330503581059,+0000.4309288057296567,+0000.0268287328001977,+0000.4292597248031405
+0000.0839756737270694,+0000.0268757736575937,+0000.4300123785214608,+0000.0270080102408176,+0000.4321281638530583
+0000.0819333278768657,+0000.0268172425280191,+0000.4290758804482684,+0000.0271866793615807,+0000.4349868697852664
+0000.0799224814884508,+0000.0267574773778193,+0000.4281196380450715,+0000.0273647295934519,+0000.4378356734952067
+0000.0779429628456953,+0000.0266964986047786,+0000.4271439776764188,+0000.0275421506395960,+0000.4406744102335115
+0000.0759945959322522,+0000.0266343265885885,+0000.4261492254173782,+0000.0277189324742239,+0000.4435029195875574
+0000.0740772005766896,+0000.0265709816835871,+0000.4251357069373553,+0000.0278950653413173,+0000.4463210454610509
+0000.0721905925965939,+0000.0265064842116763,+0000.4241037473867819,+0000.0280705397532337,+0000.4491286360517142
+0000.0703345839415631,+0000.0264408544554201,+0000.4230536712866830,+0000.0282453464891976,+0000.4519255438271362
+0000.0685089828350132,+0000.0263741126513230,+0000.4219858024211294,+0000.0284194765936800,+0000.4547116254988545
+0000.0667135939147211,+0000.0263062789832887,+0000.4209004637325804,+0000.0285929213746727,+0000.4574867419947374
+0000.0649482183720341,+0000.0262373735762598,+0000.4197979772201180,+0000.0287656724018597,+0000.4602507584297283
+0000.0632126540896795,+0000.0261674164900380,+0000.4186786638405698,+0000.0289377215046905,+0000.4630035440750221
+0000.0615066957781075,+0000.0260964277132846,+0000.4175428434125151,+0000.0291090607703600,+0000.4657449723257326
+0000.0598301351103100,+0000.0260244271577004,+0000.4163908345231683,+0000.0292796825416970,+0000.4684749206671245
+0000.0581827608550549,+0000.0259514346523854,+0000.4152229544381282,+0000.0294495794149681,+0000.4711932706394630
+0000.0565643590084845,+0000.0258774699383764,+0000.4140395190139834,+0000.0296187442375990,+0000.4738999078015566
+0000.0549747129240254,+0000.0258025526633619,+0000.4128408426137525,+0000.0297871701058169,+0000.4765947216930432
+0000.0534136034405633,+0000.0257267023765743,+0000.4116272380251508,+0000.0299548503622199,+0000.4792776057954916
+0000.0518808090088384,+0000.0256499385238559,+0000.4103990163816558,+0000.0301217785932752,+0000.4819484574923749
+0000.0503761058160194,+0000.0255722804428997,+0000.4091564870863560,+0000.0302879486267502,+0000.4846071780279748
+0000.0488992679084193,+0000.0254937473586622,+0000.4078999577385560,+0000.0304533545290818,+0000.4872536724652806
+0000.0474500673123160,+0000.0254143583789471,+0000.4066297340631149,+0000.0306179906026853,+0000.4898878496429368
+0000.0460282741528470,+0000.0253341324901579,+0000.4053461198424875,+0000.0307818513832080,+0000.4925096221312998
+0000.0446336567709474,+0000.0252530885532177,+0000.4040494168514452,+0000.0309449316367305,+0000.4951189061876590
+0000.0432659818383065,+0000.0251712452996550,+0000.4027399247944409,+0000.0311072263569192,+0000.4977156217106786
+0000.0419250144703166,+0000.0250886213278516,+0000.4014179412455866,+0000.0312687307621338,+0000.5002996921941115
+0000.0406105183369946,+0000.0250052350994535,+0000.4000837615912162,+0000.0314294402924921,+0000.5028710446798437
+0000.0393222557718571,+0000.0249211049359393,+0000.3987376789749902,+0000.0315893506068966,+0000.5054296097103168
+0000.0380599878787325,+0000.0248362490153470,+0000.3973799842455135,+0000.0317484575800257,+0000.5079753212803810
+0000.0368234746364970,+0000.0247506853691541,+0000.3960109659064263,+0000.0319067572992913,+0000.5105081167886313
+0000.0356124750017226,+0000.0246644318793106,+0000.3946309100689298,+0000.0320642460617687,+0000.5130279369882683
+0000.0344267470092275,+0000.0245775062754219,+0000.3932401004067110,+0000.0322209203710982,+0000.5155347259375411
+0000.0332660478705239,+0000.0244899261320788,+0000.3918388181132215,+0000.0323767769343651,+0000.5180284309498110
+0000.0321301340701555,+0000.0244017088663321,+0000.3904273418612749,+0000.0325318126589570,+0000.5205090025432806
+0000.0310187614599249,+0000.0243128717353099,+0000.3890059477649188,+0000.0326860246494046,+0000.5229763943904421
+0000.0299316853510081,+0000.0242234318339737,+0000.3875749093435393,+0000.0328394102042065,+0000.5254305632672722
+0000.0288686606039583,+0000.0241334060930123,+0000.3861344974881576,+0000.0329919668126414,+0000.5278714690022303
+0000.0278294417166016,+0000.0240428112768694,+0000.3846849804298715,+0000.0331436921515700,+0000.5302990744250875
+0000.0268137829098292,+0000.0239516639819027,+0000.3832266237104037,+0000.0332945840822292,+0000.5327133453156352
+0000.0258214382112937,+0000.0238599806346718,+0000.3817596901547088,+0000.0334446406470211,+0000.5351142503523045
+0000.0248521615370156,+0000.0237677774903523,+0000.3802844398455971,+0000.0335938600662981,+0000.5375017610607371
+0000.0239057067709116,+0000.0236750706312730,+0000.3788011301003287,+0000.0337422407351482,+0000.5398758517623385
+0000.0229818278422545,+0000.0235818759655735,+0000.3773100154491367,+0000.0338897812201805,+0000.5422364995228546
+0000.0220802788010780,+0000.0234882092259794,+0000.3758113476156313,+0000.0340364802563144,+0000.5445836841009968
+0000.0212008138915394,+0000.0233940859686926,+0000.3743053754990413,+0000.0341823367435742,+0000.5469173878971526
+0000.0203431876232561,+0000.0232995215723931,+0000.3727923451582490,+0000.0343273497438904,+0000.5492375959022117
+0000.0195071548406323,+0000.0232045312373508,+0000.3712724997975727,+0000.0344715184779105,+0000.5515442956465337
+0000.0186924707901923,+0000.0231091299846433,+0000.3697460797542523,+0000.0346148423218204,+0000.5538374771490917
+0000.0178988911859399,+0000.0230133326554771,+0000.3682133224875942,+0000.0347573208041779,+0000.5561171328668106
+0000.0171261722727638,+0000.0229171539106106,+0000.3666744625697292,+0000.0348989536027607,+0000.5583832576441357
+0000.0163740708879080,+0000.0228206082298738,+0000.3651297316779407,+0000.0350397405414302,+0000.5606358486628477
+0000.0156423445205298,+0000.0227237099117850,+0000.3635793585885190,+0000.0351796815870119,+0000.5628749053921545
+0000.0149307513693679,+0000.0226264730732587,+0000.3620235691720990,+0000.0353187768461947,+0000.5651004295390796
+0000.0142390503985422,+0000.0225289116494047,+0000.3604625863904347,+0000.0354570265624503,+0000.5673124249991685
+0000.0135670013915106,+0000.0224310393934131,+0000.3588966302945698,+0000.0355944311129731,+0000.5695108978075333
+0000.0129143650032062,+0000.0223328698765253,+0000.3573259180243645,+0000.0357309910056436,+0000.5716958560902603
+0000.0122809028103800,+0000.0222344164880856,+0000.3557506638093291,+0000.0358667068760143,+0000.5738673100161911
+0000.0116663773601755,+0000.0221356924356731,+0000.3541710789707292,+0000.0360015794843212,+0000.5760252717491010
+0000.0110705522169606,+0000.0220367107453099,+0000.3525873719249185,+0000.0361356097125205,+0000.5781697554002904
