+0001.0000000000000000,+0000.0000000000000000,+0000.0000000000000000,+0000.0000000000000000,+0000.0000000000000000,+0000.0000000000000000,+0000.0000000000000000,+0000.0000000000000000,+0000.0000000000000000,+0000.0000000000000000,+0000.0000000000000000,+0000.0000000000000000
+0000.9999595197188320,+0000.0000240947384695,+0000.0000154210041975,+0000.0000000001451496,+0000.0000000005805846,+0000.0000000000000002,+0000.0000000000000040,+0000.0000000000000000,+0000.0000000000000002,+0000.0000009638127623,+0000.0000000000000000,+0000.0000000000000000
+0000.9998461040308911,+0000.0000963673259281,+0000.0000499613828940,+0000.0000000018810875,+0000.0000000092884714,+0000.0000000000000129,+0000.0000000000002421,+0000.0000000000000010,+0000.0000000000000184,+0000.0000075560904536,+0000.0000000000000000,+0000.0000000000000000
+0000.9996649029584886,+0000.0002167828346653,+0000.0000917968304193,+0000.0000000081205719,+0000.0000000470156172,+0000.0000000000001191,+0000.0000000000025347,+0000.0000000000000124,+0000.0000000000002566,+0000.0000264622373139,+0000.0000000000000001,+0000.0000000000000009
+0000.9994155319351478,+0000.0003852811687105,+0000.0001343437362294,+0000.0000000222573491,+0000.0000001485602898,+0000.0000000000005447,+0000.0000000000130126,+0000.0000000000000749,+0000.0000000000017084,+0000.0000646723269145,+0000.0000000000000009,+0000.0000000000000173
+0000.9990950121712570,+0000.0006017737641222,+0000.0001741756274055,+0000.0000000475781757,+0000.0000003625927864,+0000.0000000000016999,+0000.0000000000453294,+0000.0000000000002969,+0000.0000000000074465,+0000.0001286282113193,+0000.0000000000000071,+0000.0000000000001545
+0000.9986994279219343,+0000.0008661403759969,+0000.0002097292686163,+0000.0000000869898041,+0000.0000007516038518,+0000.0000000000041721,+0000.0000000001237433,+0000.0000000000008960,+0000.0000000000246422,+0000.0002238636854244,+0000.0000000000000373,+0000.0000000000008813
+0000.9982248150826666,+0000.0011782265698437,+0000.0002405082060180,+0000.0000001429225627,+0000.0000013918338962,+0000.0000000000086884,+0000.0000000002857875,+0000.0000000000022325,+0000.0000000000672005,+0000.0003549150172265,+0000.0000000000001463,+0000.0000000000037311
+0000.9976675982964101,+0000.0015378420292283,+0000.0002665982401280,+0000.0000002173279310,+0000.0000023731820875,+0000.0000000000160627,+0000.0000000005844386,+0000.0000000000048280,+0000.0000000001588053,+0000.0005253701468635,+0000.0000000000004641,+0000.0000000000127526
+0000.9970247702020075,+0000.0019447595835274,+0000.0002883774167471,+0000.0000003117217787,+0000.0000037990951851,+0000.0000000000271431,+0000.0000000010897921,+0000.0000000000093652,+0000.0000000003361423,+0000.0007379804799517,+0000.0000000000012560,+0000.0000000000371038
+0000.9962939295350732,+0000.0023987147967523,+0000.0003063464564362,+0000.0000004272457823,+0000.0000057864364792,+0000.0000000000427653,+0000.0000000018902956,+0000.0000000000166707,+0000.0000000006520929,+0000.0009947928294369,+0000.0000000000030022,+0000.0000000000952130
+0000.9954732472313059,+0000.0028994059606111,+0000.0003210330484656,+0000.0000005647320615,+0000.0000084653354507,+0000.0000000000637174,+0000.0000000030936115,+0000.0000000000276862,+0000.0000000011787345,+0000.0012972791009184,+0000.0000000000064980,+0000.0000000002209394
+0000.9945614005193500,+0000.0034464943617955,+0000.0003329408581293,+0000.0000007247634749,+0000.0000119790188541,+0000.0000000000907159,+0000.0000000048271754,+0000.0000000000434307,+0000.0000000020100342,+0000.0016464530219302,+0000.0000000000129685,+0000.0000000004721411
+0000.9935574973044488,+0000.0040396047255950,+0000.0003425251075647,+0000.0000009077262797,+0000.0000164836239189,+0000.0000000001243915,+0000.0000000072385144,+0000.0000000000649618,+0000.0000000032641714,+0000.0020429698539395,+0000.0000000000241937,+0000.0000000009420207
+0000.9924610025778826,+0000.0046783257670746,+0000.0003501835298430,+0000.0000011138542266,+0000.0000221479943125,+0000.0000000001652836,+0000.0000000104953768,+0000.0000000000933384,+0000.0000000050854606,+0000.0024872086209963,+0000.0000000000426394,+0000.0000000017735657
+0000.9912716724060251,+0000.0053622108044322,+0000.0003562558538108,+0000.0000013432644032,+0000.0000291534594507,+0000.0000000002138412,+0000.0000000147857177,+0000.0000000001295873,+0000.0000000076458802,+0000.0029793381879183,+0000.0000000000715865,+0000.0000000031773471
+0000.9899894975466563,+0000.0060907784065321,+0000.0003610277004545,+0000.0000015959857128,+0000.0000376935976848,+0000.0000000002704270,+0000.0000000203175717,+0000.0000000001746769,+0000.0000000111462258,+0000.0035193692859198,+0000.0000000001152573,+0000.0000000054528811
+0000.9886146568446150,+0000.0068635130588074,+0000.0003647364625136,+0000.0000018719810880,+0000.0000479739838570,+0000.0000000003353256,+0000.0000000273188418,+0000.0000000002294975,+0000.0000000158169265,+0000.0041071947758919,+0000.0000000001789317,+0000.0000000090137041
+0000.9871474796155018,+0000.0076798658398415,+0000.0003675777799276,+0000.0000021711645397,+0000.0000602119216897,+0000.0000000004087521,+0000.0000000360370209,+0000.0000000002948480,+0000.0000000219185607,+0000.0047426203339995,+0000.0000000002690531,+0000.0000000144162654
+0000.9855884158311257,+0000.0085392551060227,+0000.0003697118568070,+0000.0000024934140494,+0000.0000746361614677,+0000.0000000004908614,+0000.0000000467388627,+0000.0000000003714285,+0000.0000000297421149,+0000.0054253875012452,+0000.0000000003933214,+0000.0000000223926933
+0000.9839380128287807,+0000.0094410671846258,+0000.0003712692443425,+0000.0000028385811801,+0000.0000914866034715,+0000.0000000005817572,+0000.0000000597100112,+0000.0000000004598390,+0000.0000000396090246,+0000.0061551907487394,+0000.0000000005607720,+0000.0000000338874558
+0000.9821968973321109,+0000.0103846570771762,+0000.0003723559352274,+0000.0000032064981347,+0000.0001110139876336,+0000.0000000006815003,+0000.0000000752545977,+0000.0000000005605805,+0000.0000000518710332,+0000.0069316899222600,+0000.0000000007818408,+0000.0000000500979043
+0000.9803657617089264,+0000.0113693491755396,+0000.0003730577396807,+0000.0000035969828599,+0000.0001334795699031,+0000.0000000007901169,+0000.0000000936948089,+0000.0000000006740604,+0000.0000000669099019,+0000.0077545191671259,+0000.0000000010684164,+0000.0000000725186600
+0000.9784453535527401,+0000.0123944379931804,+0000.0003734439791859,+0000.0000040098426700,+0000.0001591547858260,+0000.0000000009076042,+0000.0000001153704318,+0000.0000000008005991,+0000.0000000851369965,+0000.0086232932071041,+0000.0000000014338794,+0000.0000001029897826
+0000.9764364678342015,+0000.0134591889137282,+0000.0003735705653503,+0000.0000044448767677,+0000.0001883209018690,+0000.0000000010339368,+0000.0000001406383772,+0000.0000000009404385,+0000.0000001069927755,+0000.0095376116607855,+0000.0000000018931298,+0000.0000001437486400
+0000.9743399410134168,+0000.0145628389585229,+0000.0003734825425201,+0000.0000049018779512,+0000.0002212686550342,+0000.0000000011690715,+0000.0000001698721838,+0000.0000000010937503,+0000.0000001329461965,+0000.0104970619233628,+0000.0000000024626051,+0000.0000001974853847
+0000.9721566466293803,+0000.0157045975742897,+0000.0003732161729211,+0000.0000053806337340,+0000.0002582978813345,+0000.0000000013129506,+0000.0000002034615045,+0000.0000000012606449,+0000.0000001634940578,+0000.0115012210169667,+0000.0000000031602889,+0000.0000002674019269
+0000.9698874919875459,+0000.0168836474415899,+0000.0003728006375216,+0000.0000058809270439,+0000.0002997171337152,+0000.0000000014655058,+0000.0000002418115755,+0000.0000000014411801,+0000.0000001991602847,+0000.0125496567140378,+0000.0000000040057117,+0000.0000003572742883
+0000.9675334156522565,+0000.0180991453042287,+0000.0003722594177134,+0000.0000064025366320,+0000.0003458432900253,+0000.0000000016266600,+0000.0000002853426701,+0000.0000000016353686,+0000.0000002404951726,+0000.0136419281611206,+0000.0000000050199453,+0000.0000004715182068
+0000.9650953855195950,+0000.0193502228193978,+0000.0003716114140904,+0000.0000069452372834,+0000.0003970011516553,+0000.0000000017963301,+0000.0000003344895369,+0000.0000000018431855,+0000.0000002880745918,+0000.0147775861708829,+0000.0000000062255922,+0000.0000006152578587
+0000.9625743973007160,+0000.0206359874279930,+0000.0003708718500447,+0000.0000075087999013,+0000.0004535230334694,+0000.0000000019744279,+0000.0000003897008235,+0000.0000000020645747,+0000.0000003424991605,+0000.0159561733045620,+0000.0000000076467697,+0000.0000007943975575
+0000.9599714732884255,+0000.0219555232442720,+0000.0003700530000951,+0000.0000080929915123,+0000.0005157483456708,+0000.0000000021608615,+0000.0000004514384867,+0000.0000000022994544,+0000.0000004043933898,+0000.0171772238324586,+0000.0000000093090913,+0000.0000010156962819
+0000.9572876613128227,+0000.0233078919637978,+0000.0003691647759924,+0000.0000086975752309,+0000.0005840231682436,+0000.0000000023555364,+0000.0000005201771891,+0000.0000000025477220,+0000.0000004744048054,+0000.0184402636341320,+0000.0000000112396439,+0000.0000012868448841
+0000.9545240338172098,+0000.0246921337884470,+0000.0003682151977588,+0000.0000093223102056,+0000.0006586998186216,+0000.0000000025583556,+0000.0000005964036837,+0000.0000000028092584,+0000.0000005532030459,+0000.0197448100806289,+0000.0000000134669637,+0000.0000016165458208
+0000.9516816870048098,+0000.0261072683671358,+0000.0003672107718462,+0000.0000099669515646,+0000.0007401364132363,+0000.0000000027692208,+0000.0000006806161869,+0000.0000000030839311,+0000.0000006414789419,+0000.0210903719268662,+0000.0000000160210099,+0000.0000020145952505
+0000.9487617400213807,+0000.0275522957508257,+0000.0003661567944591,+0000.0000106312503716,+0000.0008286964235960,+0000.0000000029880320,+0000.0000007733237403,+0000.0000000033715971,+0000.0000007399435774,+0000.0224764492319486,+0000.0000000189331363,+0000.0000024919673349
+0000.9457653341497386,+0000.0290261973603119,+0000.0003650575946731,+0000.0000113149535987,+0000.0009247482275503,+0000.0000000032146882,+0000.0000008750455628,+0000.0000000036721056,+0000.0000008493273328,+0000.0239025333177960,+0000.0000000222360626,+0000.0000030609005791
+0000.9426936320002494,+0000.0305279369652564,+0000.0003639167291716,+0000.0000120178041183,+0000.0010286646563871,+0000.0000000034490873,+0000.0000009863103931,+0000.0000000039852992,+0000.0000009703789137,+0000.0253681067712341,+0000.0000000259638438,+0000.0000037349860459
+0000.9395478166872691,+0000.0320564616729115,+0000.0003627371381429,+0000.0000127395407185,+0000.0011408225384084,+0000.0000000036911265,+0000.0000011076558244,+0000.0000000043110160,+0000.0000011038643646,+0000.0268726434911052,+0000.0000000301518400,+0000.0000045292572732
+0000.9363290909857930,+0000.0336107029249710,+0000.0003615212700196,+0000.0000134798981383,+0000.0012616022396231,+0000.0000000039407017,+0000.0000012396276312,+0000.0000000046490902,+0000.0000012505660686,+0000.0284156087795525,+0000.0000000348366839,+0000.0000054602817272
+0000.9330386764656042,+0000.0351895775009966,+0000.0003602711812392,+0000.0000142386071254,+0000.0013913872021900,+0000.0000000041977082,+0000.0000013827790898,+0000.0000000049993533,+0000.0000014112817359,+0000.0299964594750915,+0000.0000000400562496,+0000.0000065462536164
+0000.9296778126023600,+0000.0367919885268808,+0000.0003589886159900,+0000.0000150153945126,+0000.0015305634812315,+0000.0000000044620404,+0000.0000015376702930,+0000.0000000053616347,+0000.0000015868233803,+0000.0316146441241599,+0000.0000000458496195,+0000.0000078070878976
+0000.9262477558664943,+0000.0384168264868289,+0000.0003576750699256,+0000.0000158099833116,+0000.0016795192806338,+0000.0000000047335917,+0000.0000017048674602,+0000.0000000057357623,+0000.0000017780162853,+0000.0332696031873576,+0000.0000000522570517,+0000.0000092645152971
+0000.9227497787917747,+0000.0400629702373755,+0000.0003563318410463,+0000.0000166220928234,+0000.0018386444884324,+0000.0000000050122547,+0000.0000018849422433,+0000.0000000061215623,+0000.0000019856979626,+0000.0349607692764014,+0000.0000000593199469,+0000.0000109421781765
+0000.9191851690259433,+0000.0417292880219775,+0000.0003549600703062,+0000.0000174514387619,+0000.0020083302123757,+0000.0000000052979210,+0000.0000020784710306,+0000.0000000065188601,+0000.0000022107171010,+0000.0366875674178409,+0000.0000000670808145,+0000.0000128657270676
+0000.9155552283662128,+0000.0434146384847663,+0000.0003535607740018,+0000.0000182977333894,+0000.0021889683162389,+0000.0000000055904813,+0000.0000022860342474,+0000.0000000069274803,+0000.0000024539325100,+0000.0384494153397288,+0000.0000000755832391,+0000.0000150629177039
+0000.9118612717825445,+0000.0451178716820790,+0000.0003521348695836,+0000.0000191606856625,+0000.0023809509574534,+0000.0000000058898255,+0000.0000025082156564,+0000.0000000073472464,+0000.0000027162120572,+0000.0402457237776690,+0000.0000000848718469,+0000.0000175637083755
+0000.9081046264316579,+0000.0468378300904291,+0000.0003506831962099,+0000.0000200400013863,+0000.0025846701265958,+0000.0000000061958422,+0000.0000027456016577,+0000.0000000077779815,+0000.0000029984316023,+0000.0420758967969314,+0000.0000000949922706,+0000.0000204003574352
+0000.9042866306646848,+0000.0485733496096208,+0000.0003492065310944,+0000.0000209353833752,+0000.0028005171892675,+0000.0000000065084196,+0000.0000029987805887,+0000.0000000082195077,+0000.0000033014739271,+0000.0439393321276129,+0000.0000001059911160,+0000.0000236075207852
+0000.9004086330312597,+0000.0503232605597560,+0000.0003477056024924,+0000.0000218465316194,+0000.0030288824308782,+0000.0000000068274445,+0000.0000032683420264,+0000.0000000086716464,+0000.0000036262276647,+0000.0458354215101108,+0000.0000001179159271,+0000.0000272223491745
+0000.8964719912827044,+0000.0520863886709282,+0000.0003461810999999,+0000.0000227731434559,+0000.0032701546048297,+0000.0000000071528032,+0000.0000035548760912,+0000.0000000091342186,+0000.0000039735862276,+0000.0477635510484514,+0000.0000001308151511,+0000.0000312845851387
+0000.8924780713768130,+0000.0538615560644460,+0000.0003446336827061,+0000.0000237149137419,+0000.0035247204845772,+0000.0000000074843808,+0000.0000038589727539,+0000.0000000096070442,+0000.0000043444467369,+0000.0497231015692795,+0000.0000001447381042,+0000.0000358366594161
+0000.8884282464865662,+0000.0556475822244746,+0000.0003430639856300,+0000.0000246715350309,+0000.0037929644200265,+0000.0000000078220618,+0000.0000041812211468,+0000.0000000100899425,+0000.0000047397089530,+0000.0517134489845555,+0000.0000001597349367,+0000.0000409237866759
+0000.8843238960149455,+0000.0574432849590370,+0000.0003414726247887,+0000.0000256426977495,+0000.0040752678987091,+0000.0000000081657299,+0000.0000045222088787,+0000.0000000105827323,+0000.0000051602742096,+0000.0537339646562264,+0000.0000001758565974,+0000.0000465940603963
+0000.8801664046178632,+0000.0592474813493621,+0000.0003398602011716,+0000.0000266280903752,+0000.0043720091121540,+0000.0000000085152678,+0000.0000048825213555,+0000.0000000110852312,+0000.0000056070443520,+0000.0557840157613357,+0000.0000001931547995,+0000.0000528985467322
+0000.8759571612370474,+0000.0610589886866195,+0000.0003382273038425,+0000.0000276273996131,+0000.0046835625278571,+0000.0000000088705579,+0000.0000052627411072,+0000.0000000115972566,+0000.0000060809206804,+0000.0578629656562164,+0000.0000002116819850,+0000.0000598913772168
+0000.8716975581445935,+0000.0628766253951320,+0000.0003365745123467,+0000.0000286403105723,+0000.0050102984672301,+0000.0000000092314815,+0000.0000056634471203,+0000.0000000121186247,+0000.0000065828029001,+0000.0599701742385670,+0000.0000002314912900,+0000.0000676298401416
+0000.8673889900007437,+0000.0646992119412070,+0000.0003349023985634,+0000.0000296665069409,+0000.0053525826898883,+0000.0000000095979195,+0000.0000060852141783,+0000.0000000126491513,+0000.0000071135880790,+0000.0621049983063562,+0000.0000002526365094,+0000.0000761744704634
+0000.8630328529263250,+0000.0665255717267800,+0000.0003332115281172,+0000.0000307056711585,+0000.0057107759846189,+0000.0000000099697524,+0000.0000065286122099,+0000.0000000131886513,+0000.0000076741696133,+0000.0642667919126208,+0000.0000002751720625,+0000.0000855891380903
+0000.8586305435911642,+0000.0683545319671154,+0000.0003315024614389,+0000.0000317574845868,+0000.0060852337673489,+0000.0000000103468597,+0000.0000069942056454,+0000.0000000137369393,+0000.0000082654362028,+0000.0664549067153399,+0000.0000002991529575,+0000.0000959411344011
+0000.8541834583196581,+0000.0701849245518602,+0000.0003297757545482,+0000.0000328216276774,+0000.0064763056864140,+0000.0000000107291210,+0000.0000074825527820,+0000.0000000142938288,+0000.0000088882708375,+0000.0686686923216592,+0000.0000003246347571,+0000.0001073012568564
+0000.8496929922146035,+0000.0720155868887989,+0000.0003280319596146,+0000.0000338977801364,+0000.0068843352354079,+0000.0000000111164151,+0000.0000079942051586,+0000.0000000148591332,+0000.0000095435497940,+0000.0709074966258328,+0000.0000003516735441,+0000.0001197438915610
+0000.8451605383002615,+0000.0738453627297080,+0000.0003262716253453,+0000.0000349856210861,+0000.0073096593738728,+0000.0000000115086206,+0000.0000085297069403,+0000.0000000154326651,+0000.0000102321416451,+0000.0731706661403245,+0000.0000003803258862,+0000.0001333470936445
+0000.8405874866855526,+0000.0756731029777598,+0000.0003244952972344,+0000.0000360848292226,+0000.0077526081560716,+0000.0000000119056158,+0000.0000090895943139,+0000.0000000160142367,+0000.0000109549062825,+0000.0754575463195817,+0000.0000004106488022,+0000.0001481926653262
+0000.8359752237481800,+0000.0774976664759756,+0000.0003227035177050,+0000.0000371950829697,+0000.0082135043680640,+0000.0000000123072787,+0000.0000096743948933,+0000.0000000166036599,+0000.0000117126939521,+0000.0777674818760574,+0000.0000004426997277,+0000.0001643662315363
+0000.8313251313404024,+0000.0793179207762761,+0000.0003208968261664,+0000.0000383160606294,+0000.0086926631732892,+0000.0000000127134872,+0000.0000102846271367,+0000.0000000172007460,+0000.0000125063443055,+0000.0800998170881117,+0000.0000004765364810,+0000.0001819573129684
+0000.8266385860170866,+0000.0811327428887276,+0000.0003190757590063,+0000.0000394474405275,+0000.0091903917668386,+0000.0000000131241190,+0000.0000109207997752,+0000.0000000178053063,+0000.0000133366854651,+0000.0824538960994763,+0000.0000005122172294,+0000.0002010593964421
+0000.8219169582866086,+0000.0829410200106301,+0000.0003172408495329,+0000.0000405889011555,+0000.0097069890385875,+0000.0000000135390517,+0000.0000115834112533,+0000.0000000184171516,+0000.0000142045331056,+0000.0848290632100112,+0000.0000005498004557,+0000.0002217700024564
+0000.8171616118850844,+0000.0847416502351378,+0000.0003153926278779,+0000.0000417401213079,+0000.0102427452453317,+0000.0000000139581630,+0000.0000122729491810,+0000.0000000190360929,+0000.0000151106895525,+0000.0872246631575254,+0000.0000005893449249,+0000.0002441907498208
+0000.8123739030743532,+0000.0865335432391516,+0000.0003135316208725,+0000.0000429007802149,+0000.0107979416920634,+0000.0000000143813305,+0000.0000129898897996,+0000.0000000196619407,+0000.0000160559428961,+0000.0896400413904739,+0000.0000006309096511,+0000.0002684274172523
+0000.8075551799640663,+0000.0883156209502652,+0000.0003116583519010,+0000.0000440705576711,+0000.0113728504225015,+0000.0000000148084318,+0000.0000137346974593,+0000.0000000202945057,+0000.0000170410661245,+0000.0920745443313775,+0000.0000006745538650,+0000.0002945900018310
+0000.8027067818581700,+0000.0900868181925900,+0000.0003097733407411,+0000.0000452491341587,+0000.0119677339189764,+0000.0000000152393448,+0000.0000145078241099,+0000.0000000209335988,+0000.0000180668162738,+0000.0945275196308461,+0000.0000007203369809,+0000.0003227927742097
+0000.7978300386260175,+0000.0918460833113267,+0000.0003078771033937,+0000.0000464361909670,+0000.0125828448117547,+0000.0000000156739475,+0000.0000153097088046,+0000.0000000215790305,+0000.0000191339335961,+0000.0969983164121188,+0000.0000007683185649,+0000.0003531543304780
+0000.7929262700982782,+0000.0935923787759906,+0000.0003059701519075,+0000.0000476314103065,+0000.0132184255978747,+0000.0000000161121181,+0000.0000161407772180,+0000.0000000222306121,+0000.0000202431407478,+0000.0994862855060612,+0000.0000008185583029,+0000.0003857976405824
+0000.7879967854877655,+0000.0953246817622376,+0000.0003040529942004,+0000.0000488344754188,+0000.0138747083695488,+0000.0000000165537349,+0000.0000170014411764,+0000.0000000228881546,+0000.0000213951419954,+0000.1019907796765892,+0000.0000008711159692,+0000.0004208500932092
+0000.7830428828352463,+0000.0970419847122732,+0000.0003021261338815,+0000.0000500450706817,+0000.0145519145521797,+0000.0000000169986769,+0000.0000178920982025,+0000.0000000235514696,+0000.0000225906224417,+0000.1045111538365125,+0000.0000009260513946,+0000.0004584435370395
+0000.7780658484802514,+0000.0987432958738653,+0000.0003001900700741,+0000.0000512628817091,+0000.0152502546520187,+0000.0000000174468230,+0000.0000188131310741,+0000.0000000242203689,+0000.0000238302472718,+0000.1070467652538184,+0000.0000009834244362,+0000.0004987143182889
+0000.7730669565568484,+0000.1004276398180118,+0000.0002982452972429,+0000.0000524875954472,+0000.0159699280134902,+0000.0000000178980528,+0000.0000197649073956,+0000.0000000248946650,+0000.0000251146610184,+0000.1095969737484346,+0000.0000010432949461,+0000.0005418033144471
+0000.7680474685143046,+0000.1020940579353504,+0000.0002962923050257,+0000.0000537189002654,+0000.0167111225861900,+0000.0000000183522460,+0000.0000207477791852,+0000.0000000255741704,+0000.0000264444868481,+0000.1121611418795354,+0000.0000011057227415,+0000.0005878559641372
+0000.7630086326625158,+0000.1037416089114247,+0000.0002943315780696,+0000.0000549564860426,+0000.0174740147015586,+0000.0000000188092830,+0000.0000217620824743,+0000.0000000262586986,+0000.0000278203258679,+0000.1147386351234739,+0000.0000011707675742,+0000.0006370222930165
+0000.7579516837420360,+0000.1053693691809516,+0000.0002923635958754,+0000.0000562000442491,+0000.0182587688592192,+0000.0000000192690447,+0000.0000228081369227,+0000.0000000269480635,+0000.0000292427564517,+0000.1173288220424414,+0000.0000012384891013,+0000.0006894569356432
+0000.7528778425185093,+0000.1069764333612604,+0000.0002903888326472,+0000.0000574492680245,+0000.0190655375229639,+0000.0000000197314124,+0000.0000238862454462,+0000.0000000276420795,+0000.0000307123335888,+0000.1199310744439741,+0000.0000013089468558,+0000.0007453191532378
+0000.7477883154012631,+0000.1085619146651014,+0000.0002884077571503,+0000.0000587038522503,+0000.0198944609263614,+0000.0000000201962679,+0000.0000249966938602,+0000.0000000283405619,+0000.0000322295882523,+0000.1225447675314451,+0000.0000013822002169,+0000.0008047728472691
+0000.7426842940857881,+0000.1101249452930431,+0000.0002864208325761,+0000.0000599634936189,+0000.0207456668879551,+0000.0000000206634936,+0000.0000261397505362,+0000.0000000290433267,+0000.0000337950267888,+0000.1251692800456919,+0000.0000014583083821,+0000.0008679865687993
+0000.7375669552198001,+0000.1116646768056984,+0000.0002844285164154,+0000.0000612278906977,+0000.0216192706360119,+0000.0000000211329728,+0000.0000273156660724,+0000.0000000297501906,+0000.0000354091303290,+0000.1278039943979491,+0000.0000015373303380,+0000.0009351335235247
+0000.7324374600925411,+0000.1131802804760420,+0000.0002824312603391,+0000.0000624967439899,+0000.0225153746427785,+0000.0000000216045889,+0000.0000285246729799,+0000.0000000304609711,+0000.0000370723542201,+0000.1304482967942665,+0000.0000016193248323,+0000.0010063915724507
+0000.7272969543469608,+0000.1146709476220979,+0000.0002804295100870,+0000.0000637697559905,+0000.0234340684681957,+0000.0000000220782265,+0000.0000297669853809,+0000.0000000311754868,+0000.0000387851274785,+0000.1331015773516069,+0000.0000017043503462,+0000.0010819432281428
+0000.7221465677143757,+0000.1161358899202917,+0000.0002784237053651,+0000.0000650466312385,+0000.0243754286130177,+0000.0000000225537704,+0000.0000310427987230,+0000.0000000318935569,+0000.0000405478522642,+0000.1357632302058308,+0000.0000017924650663,+0000.0011619756464996
+0000.7169874137711976,+0000.1175743396997787,+0000.0002764142797504,+0000.0000663270763655,+0000.0253395183812809,+0000.0000000230311065,+0000.0000323522895063,+0000.0000000326150018,+0000.0000423609033765,+0000.1384326536117841,+0000.0000018837268577,+0000.0012466806139939
+0000.7118205897172795,+0000.1189855502180691,+0000.0002744016606034,+0000.0000676108001405,+0000.0263263877520613,+0000.0000000235101212,+0000.0000336956150251,+0000.0000000333396427,+0000.0000442246277704,+0000.1411092500357186,+0000.0000019781932368,+0000.0013362545303315
+0000.7066471761754261,+0000.1203687959182868,+0000.0002723862689896,+0000.0000688975135104,+0000.0273360732604598,+0000.0000000239907016,+0000.0000350729131234,+0000.0000000340673019,+0000.0000461393440951,+0000.1437924262402797,+0000.0000020759213444,+0000.0014308983864812
+0000.7014682370115831,+0000.1217233726684032,+0000.0002703685196069,+0000.0000701869296382,+0000.0283685978877535,+0000.0000000244727357,+0000.0000364843019642,+0000.0000000347978028,+0000.0000481053422525,+0000.1464815933623102,+0000.0000021769679192,+0000.0015308177380308
+0000.6962848191752045,+0000.1230485979827990,+0000.0002683488207224,+0000.0000714787639371,+0000.0294239709606459,+0000.0000000249561122,+0000.0000379298798128,+0000.0000000355309696,+0000.0000501228829782,+0000.1491761669837212,+0000.0000022813892716,+0000.0016362226738253
+0000.6910979525592902,+0000.1243438112265134,+0000.0002663275741157,+0000.0000727727341009,+0000.0305021880595548,+0000.0000000254407206,+0000.0000394097248343,+0000.0000000362666280,+0000.0000521921974425,+0000.1518755671956917,+0000.0000023892412577,+0000.0017473277798502
+0000.6859086498795580,+0000.1256083738025419,+0000.0002643051750291,+0000.0000740685601323,+0000.0316032309358704,+0000.0000000259264512,+0000.0000409238949039,+0000.0000000370046046,+0000.0000543134868731,+0000.1545792186564625,+0000.0000025005792534,+0000.0018643520983198
+0000.6807179065722146,+0000.1268416693225531,+0000.0002622820121260,+0000.0000753659643675,+0000.0327270674381216,+0000.0000000264131951,+0000.0000424724274318,+0000.0000000377447270,+0000.0000564869221986,+0000.1572865506429983,+0000.0000026154581288,+0000.0019875190819374
+0000.6755267007097758,+0000.1280431037613917,+0000.0002602584674552,+0000.0000766646714984,+0000.0338736514469850,+0000.0000000269008443,+0000.0000440553392012,+0000.0000000384868243,+0000.0000587126437132,+0000.1599969970967922,+0000.0000027339322228,+0000.0021170565432962
+0000.6703359929343676,+0000.1292121055957401,+0000.0002582349164223,+0000.0000779644085914,+0000.0350429228190777,+0000.0000000273892915,+0000.0000456726262199,+0000.0000000392307265,+0000.0000609907607623,+0000.1627099966640934,+0000.0000028560553182,+0000.0022531965993888
+0000.6651467264079556,+0000.1303481259273090,+0000.0002562117277676,+0000.0000792649051044,+0000.0362348073394703,+0000.0000000278784303,+0000.0000473242635859,+0000.0000000399762651,+0000.0000633213514485,+0000.1654249927308446,+0000.0000029818806164,+0000.0023961756112024
+0000.6599598267789121,+0000.1314506385909251,+0000.0002541892635502,+0000.0000805658929008,+0000.0374492166828647,+0000.0000000283681553,+0000.0000490102053654,+0000.0000000407232724,+0000.0000657044623591,+0000.1681414334526102,+0000.0000031114607128,+0000.0025462341183720
+0000.6547762021643576,+0000.1325191402478855,+0000.0002521678791383,+0000.0000818671062617,+0000.0386860483833795,+0000.0000000288583617,+0000.0000507303844851,+0000.0000000414715823,+0000.0000681401083143,+0000.1708587717797875,+0000.0000032448475723,+0000.0027036167688742
+0000.6495967431476889,+0000.1335531504649388,+0000.0002501479232049,+0000.0000831682818952,+0000.0399451858128903,+0000.0000000293489457,+0000.0000524847126375,+0000.0000000422210299,+0000.0000706282721353,+0000.1735764654783876,+0000.0000033820925048,+0000.0028685722437409
+0000.6444223227907107,+0000.1345522117792552,+0000.0002481297377299,+0000.0000844691589446,+0000.0412264981678744,+0000.0000000298398044,+0000.0000542730801994,+0000.0000000429714513,+0000.0000731689044345,+0000.1762939771466762,+0000.0000035232461412,+0000.0030413531767783
+0000.6392537966597888,+0000.1355158897497366,+0000.0002461136580069,+0000.0000857694789939,+0000.0425298404647129,+0000.0000000303308357,+0000.0000560953561634,+0000.0000000437226842,+0000.0000757619234251,+0000.1790107742279632,+0000.0000036683584088,+0000.0032222160692806
+0000.6340920028654429,+0000.1364437729950154,+0000.0002441000126556,+0000.0000870689860723,+0000.0438550535434064,+0000.0000000308219385,+0000.0000579513880832,+0000.0000000444745675,+0000.0000784072147515,+0000.1817263290198313,+0000.0000038174785081,+0000.0034114211997273
+0000.6289377621147961,+0000.1373354732184822,+0000.0002420891236390,+0000.0000883674266562,+0000.0452019640796636,+0000.0000000313130124,+0000.0000598410020313,+0000.0000000452269411,+0000.0000811046313412,+0000.1844401186800883,+0000.0000039706548884,+0000.0036092325284601
+0000.6237918777763017,+0000.1381906252206734,+0000.0002400813062854,+0000.0000896645496706,+0000.0465703846053250,+0000.0000000318039581,+0000.0000617640025700,+0000.0000000459796467,+0000.0000838539932761,+0000.1871516252297316,+0000.0000041279352249,+0000.0038159175973366
+0000.6186551359561741,+0000.1390088868993457,+0000.0002380768693151,+0000.0000909601064890,+0000.0479601135370900,+0000.0000000322946770,+0000.0000637201727360,+0000.0000000467325268,+0000.0000866550876845,+0000.1898603355532058,+0000.0000042893663946,+0000.0040317474243614
+0000.6135283055859559,+0000.1397899392375496,+0000.0002360761148707,+0000.0000922538509315,+0000.0493709352135147,+0000.0000000327850715,+0000.0000657092740368,+0000.0000000474854256,+0000.0000895076686544,+0000.1925657413962352,+0000.0000044549944535,+0000.0042569963933007
+0000.6084121385206499,+0000.1405334862800087,+0000.0002340793385528,+0000.0000935455392626,+0000.0508026199402564,+0000.0000000332750448,+0000.0000677310464614,+0000.0000000482381884,+0000.0000924114571663,+0000.1952673393615071,+0000.0000046248646133,+0000.0044919421382880
+0000.6033073696468663,+0000.1412392550981012,+0000.0002320868294582,+0000.0000948349301878,+0000.0522549240435410,+0000.0000000337645011,+0000.0000697852085033,+0000.0000000489906618,+0000.0000953661410471,+0000.1979646309024801,+0000.0000047990212181,+0000.0047368654234339
+0000.5982147170004266,+0000.1419069957437271,+0000.0002300988702228,+0000.0000961217848492,+0000.0537275899318325,+0000.0000000342533455,+0000.0000718714571962,+0000.0000000497426939,+0000.0000983713749437,+0000.2006571223155846,+0000.0000049775077220,+0000.0049920500174559
+0000.5931348818928883,+0000.1425364811923357,+0000.0002281157370673,+0000.0000974058668209,+0000.0552203461656908,+0000.0000000347414838,+0000.0000739894681630,+0000.0000000504941340,+0000.0001014267803182,+0000.2033443247310814,+0000.0000051603666661,+0000.0052577825633506
+0000.5880685490464503,+0000.1431275072753788,+0000.0002261376998462,+0000.0000986869421034,+0000.0567329075358024,+0000.0000000352288229,+0000.0000761388956783,+0000.0000000512448328,+0000.0001045319454627,+0000.2060257541028353,+0000.0000053476396560,+0000.0055343524431308
+0000.5830163867367192,+0000.1436798926024389,+0000.0002241650221008,+0000.0000999647791176,+0000.0582649751491762,+0000.0000000357152706,+0000.0000783193727422,+0000.0000000519946421,+0000.0001076864255345,+0000.2087009311972590,+0000.0000055393673394,+0000.0058220516376594
+0000.5779790469428160,+0000.1441934784732743,+0000.0002221979611136,+0000.0001012391486995,+0000.0598162365234944,+0000.0000000362007353,+0000.0000805305111690,+0000.0000000527434154,+0000.0001108897426126,+0000.2113693815816730,+0000.0000057355893836,+0000.0061211745816134
+0000.5729571655043239,+0000.1446681287800112,+0000.0002202367679661,+0000.0001025098240927,+0000.0613863656896170,+0000.0000000366851267,+0000.0000827719016872,+0000.0000000534910072,+0000.0001141413857741,+0000.2140306356123233,+0000.0000059363444537,+0000.0064320180136170
+0000.5679513622845802,+0000.1451037298996990,+0000.0002182816875995,+0000.0001037765809432,+0000.0629750233022352,+0000.0000000371683551,+0000.0000850431140534,+0000.0000000542372736,+0000.0001174408111912,+0000.2166842284222915,+0000.0000061416701902,+0000.0067548808215880
+0000.5629622413398304,+0000.1455001905774356,+0000.0002163329588769,+0000.0001050391972924,+0000.0645818567586741,+0000.0000000376503318,+0000.0000873436971789,+0000.0000000549820718,+0000.0001207874422492,+0000.2193296999095240,+0000.0000063516031877,+0000.0070900638833475
+0000.5579903910937738,+0000.1458574418002572,+0000.0002143908146480,+0000.0001062974535713,+0000.0662065003258465,+0000.0000000381309689,+0000.0000896731792691,+0000.0000000557252604,+0000.0001241806696848,+0000.2219665947252015,+0000.0000065661789727,+0000.0074378699025457
+0000.5530363845170433,+0000.1461754366619767,+0000.0002124554818155,+0000.0001075511325942,+0000.0678485752753604,+0000.0000000386101796,+0000.0000920310679760,+0000.0000000564666996,+0000.0001276198517449,+0000.2245944622626607,+0000.0000067854319826,+0000.0077986032399665
+0000.5481007793111694,+0000.1464541502191407,+0000.0002105271814036,+0000.0001088000195537,+0000.0695076900267828,+0000.0000000390878777,+0000.0000944168505640,+0000.0000000572062506,+0000.0001311043143669,+0000.2272128566470724,+0000.0000070093955440,+0000.0081725697402744
+0000.5431841180965989,+0000.1466935793382684,+0000.0002086061286277,+0000.0001100439020152,+0000.0711834402990659,+0000.0000000395639782,+0000.0000968299940879,+0000.0000000579437760,+0000.0001346333513792,+0000.2298213367260741,+0000.0000072381018521,+0000.0085600765542763
+0000.5382869286043450,+0000.1468937425345219,+0000.0002066925329658,+0000.0001112825699126,+0000.0728754092701401,+0000.0000000400383966,+0000.0000992699455851,+0000.0000000586791398,+0000.0001382062247222,+0000.2324194660615447,+0000.0000074715819493,+0000.0089614319567765
+0000.5334097238708612,+0000.1470546798019475,+0000.0002047865982310,+0000.0001125158155441,+0000.0745831677446761,+0000.0000000405110496,+0000.0001017361322797,+0000.0000000594122075,+0000.0001418221646914,+0000.2350068129226997,+0000.0000077098657050,+0000.0093769451601071
+0000.5285530024357439,+0000.1471764524354173,+0000.0002028885226454,+0000.0001137434335692,+0000.0763062743300227,+0000.0000000409818547,+0000.0001042279618004,+0000.0000000601428456,+0000.0001454803701999,+0000.2375829502806802,+0000.0000079529817948,+0000.0098069261234258
+0000.5237172485418848,+0000.1472591428443937,+0000.0002009984989141,+0000.0001149652210063,+0000.0780442756203212,+0000.0000000414507303,+0000.0001067448224115,+0000.0000000608709222,+0000.0001491800090634,+0000.2401474558047960,+0000.0000082009576807,+0000.0102516853578758
+0000.5189029323377030,+0000.1473028543586240,+0000.0001991167143015,+0000.0001161809772309,+0000.0797967063887982,+0000.0000000419175956,+0000.0001092860832567,+0000.0000000615963067,+0000.0001529202183050,+0000.2426999118605752,+0000.0000084538195909,+0000.0107115337277124
+0000.5141105100811025,+0000.1473077110258704,+0000.0001972433507067,+0000.0001173905039750,+0000.0815630897882350,+0000.0000000423823708,+0000.0001118510946159,+0000.0000000623188699,+0000.0001567001044818,+0000.2452399055097658,+0000.0000087115925002,+0000.0111867822475061
+0000.5093404243448164,+0000.1472738574017661,+0000.0001953785847405,+0000.0001185936053277,+0000.0833429375596113,+0000.0000000428449769,+0000.0001144391881758,+0000.0000000630384837,+0000.0001605187440326,+0000.2477670285124200,+0000.0000089743001111,+0000.0116777418755380
+0000.5045931042228082,+0000.1472014583318856,+0000.0001935225878026,+0000.0001197900877361,+0000.0851357502489153,+0000.0000000433053358,+0000.0001170496773130,+0000.0000000637550217,+0000.0001643751836462,+0000.2502808773311890,+0000.0000092419648341,+0000.0121847233035122
+0000.4998689655374189,+0000.1470906987261066,+0000.0001916755261589,+0000.0001209797600083,+0000.0869410174321114,+0000.0000000437633704,+0000.0001196818573905,+0000.0000000644683586,+0000.0001682684406516,+0000.2527810531379396,+0000.0000095146077696,+0000.0127080367427155
+0000.4951684110469574,+0000.1469417833253350,+0000.0001898375610187,+0000.0001221624333165,+0000.0887582179482491,+0000.0000000442190044,+0000.0001223350060676,+0000.0000000651783707,+0000.0001721975034290,+0000.2552671618227996,+0000.0000097922486893,+0000.0132479917067630
+0000.4904918306534499,+0000.1467549364606584,+0000.0001880088486133,+0000.0001233379212025,+0000.0905868201406970,+0000.0000000446721623,+0000.0001250083836221,+0000.0000000658849355,+0000.0001761613318422,+0000.2577388140057242,+0000.0000100749060185,+0000.0138048967910741
+0000.4858396016102756,+0000.1465304018049909,+0000.0001861895402726,+0000.0001245060395831,+0000.0924262821064755,+0000.0000000451227697,+0000.0001277012332867,+0000.0000000665879319,+0000.0001801588576918,+0000.2601956250506722,+0000.0000103625968183,+0000.0143790594492319
+0000.4812120887294240,+0000.1462684421172596,+0000.0001843797825034,+0000.0001256666067579,+0000.0942760519536589,+0000.0000000455707531,+0000.0001304127815980,+0000.0000000672872402,+0000.0001841889851904,+0000.2626372150824602,+0000.0000106553367687,+0000.0149707857663857
+0000.4766096445881339,+0000.1459693389791893,+0000.0001825797170662,+0000.0001268194434177,+0000.0961355680668128,+0000.0000000460160397,+0000.0001331422387580,+0000.0000000679827421,+0000.0001882505914583,+0000.2650632090063663,+0000.0000109531401518,+0000.0155803802298640
+0000.4720326097346758,+0000.1456333925247288,+0000.0001807894810522,+0000.0001279643726547,+0000.0980042593804207,+0000.0000000464585577,+0000.0001358887990097,+0000.0000000686743208,+0000.0001923425270407,+0000.2674732365305303,+0000.0000112560198357,+0000.0162081454971727
+0000.4674813128930587,+0000.1452609211621659,+0000.0001790092069604,+0000.0001291012199734,+0000.0998815456602536,+0000.0000000468982364,+0000.0001386516410248,+0000.0000000693618608,+0000.0001964636164456,+0000.2698669321912008,+0000.0000115639872591,+0000.0168543821615606
+0000.4629560711664518,+0000.1448522612889724,+0000.0001772390227729,+0000.0001302298133040,+0000.1017668377926221,+0000.0000000473350058,+0000.0001414299283049,+0000.0000000700452481,+0000.0002006126587035,+0000.2722439353808578,+0000.0000118770524153,+0000.0175193885153413
+0000.4584571902391301,+0000.1444077669994225,+0000.0001754790520311,+0000.0001313499830156,+0000.1036595380814466,+0000.0000000477687969,+0000.0001442228095948,+0000.0000000707243699,+0000.0002047884279475,+0000.2746038903792373,+0000.0000121952238387,+0000.0182034603111692
+0000.4539849645767541,+0000.1439278097850212,+0000.0001737294139101,+0000.0001324615619324,+0000.1055590405530706,+0000.0000000481995417,+0000.0001470294193095,+0000.0000000713991152,+0000.0002089896740141,+0000.2769464463872688,+0000.0000125185085899,+0000.0189068905214726
+0000.4495396776248189,+0000.1434127782277881,+0000.0001719902232933,+0000.0001335643853500,+0000.1074647312687328,+0000.0000000486271730,+0000.0001498488779727,+0000.0000000720693743,+0000.0002132151230653,+0000.2792712575639326,+0000.0000128469122426,+0000.0196299690962566
+0000.4451216020051109,+0000.1428630776864342,+0000.0001702615908455,+0000.0001346582910539,+0000.1093759886446057,+0000.0000000490516247,+0000.0001526802926689,+0000.0000000727350388,+0000.0002174634782307,+0000.2815779830660236,+0000.0000131804388707,+0000.0203729827194927
