+0001.0000000000000000,+0000.0000000000000000,+0000.0000000000000000,+0000.0000000000000000,+0000.0000000000000000
+0000.9320785659541801,+0000.0000000000000000,+0000.0000000000000000,+0000.0093684736614924,+0000.0585529603843274
+0000.7707850765333384,+0000.0000000000000000,+0000.0000000000000000,+0000.0316158515126430,+0000.1975990719540185
+0000.5967616660121117,+0000.0000000000000000,+0000.0000000000000000,+0000.0556190805500536,+0000.3476192534378351
+0000.4544100896851160,+0000.0000000000000000,+0000.0000000000000000,+0000.0752537807330875,+0000.4703361295817966
+0000.3502121907443281,+0000.0000000000000000,+0000.0000000000000000,+0000.0896259047249204,+0000.5601619045307517
+0000.2767005513932772,+0000.0000000000000000,+0000.0000000000000000,+0000.0997654411871342,+0000.6235340074195888
+0000.2251041916555158,+0000.0000000000000000,+0000.0000000000000000,+0000.1068821804613082,+0000.6680136278831760
+0000.1886795351015027,+0000.0000000000000000,+0000.0000000000000000,+0000.1119062710204824,+0000.6994141938780148
+0000.1628125324537752,+0000.0000000000000000,+0000.0000000000000000,+0000.1154741334546518,+0000.7217133340915731
+0000.1444649515247878,+0000.0000000000000000,+0000.0000000000000000,+0000.1180048342724431,+0000.7375302142027691
+0000.1316643033453436,+0000.0000000000000000,+0000.0000000000000000,+0000.1197704409178837,+0000.7485652557367726
+0000.1231488452997569,+0000.0000000000000000,+0000.0000000000000000,+0000.1209449868552060,+0000.7559061678450372
+0000.1181429306679931,+0000.0000000000000000,+0000.0000000000000000,+0000.1216354578388976,+0000.7602216114931093
+0000.1162233939132636,+0000.0000000000000000,+0000.0000000000000000,+0000.1219002215292050,+0000.7618763845575313
+0000.1172478315932978,+0000.0000000000000000,+0000.0000000000000000,+0000.1217589197802348,+0000.7609932486264676
+0000.1213265774214080,+0000.0000000000000000,+0000.0000000000000000,+0000.1211963341487713,+0000.7574770884298205
+0000.1288265696836882,+0000.0000000000000000,+0000.0000000000000000,+0000.1201618524574224,+0000.7510115778588894
+0000.1403938318455698,+0000.0000000000000000,+0000.0000000000000000,+0000.1185663680213008,+0000.7410398001331293
+0000.1569625363260838,+0000.0000000000000000,+0000.0000000000000000,+0000.1162810294722644,+0000.7267564342016520
+0000.1796569888167955,+0000.0000000000000000,+0000.0000000000000000,+0000.1131507601632007,+0000.7071922510200037
+0000.2093360850036528,+0000.0000000000000000,+0000.0000000000000000,+0000.1090570917236342,+0000.6816068232727133
+0000.2452497898769180,+0000.0000000000000000,+0000.0000000000000000,+0000.1041034772583562,+0000.6506467328647259
+0000.2822688880773438,+0000.0000000000000000,+0000.0000000000000000,+0000.0989973947479526,+0000.6187337171747036
+0000.3082248330595946,+0000.0000000000000000,+0000.0000000000000000,+0000.0954172644055732,+0000.5963579025348320
+0000.3080891113835267,+0000.0000000000000000,+0000.0000000000000000,+0000.0954359846367550,+0000.5964749039797184
+0000.2779719919714028,+0000.0000000000000000,+0000.0000000000000000,+0000.0995900700729100,+0000.6224379379556871
+0000.2307906474761150,+0000.0000000000000000,+0000.0000000000000000,+0000.1060978417274325,+0000.6631115107964527
+0000.1829662023458694,+0000.0000000000000000,+0000.0000000000000000,+0000.1126943169178112,+0000.7043394807363195
+0000.1431408119784308,+0000.0000000000000000,+0000.0000000000000000,+0000.1181874742098717,+0000.7386717138116975
+0000.1128340898357546,+0000.0000000000000000,+0000.0000000000000000,+0000.1223677117467925,+0000.7647981984174528
+0000.0905806063487533,+0000.0000000000000000,+0000.0000000000000000,+0000.1254371577449996,+0000.7839822359062472
+0000.0743902255512143,+0000.0000000000000000,+0000.0000000000000000,+0000.1276703137170739,+0000.7979394607317117
+0000.0625845389425031,+0000.0000000000000000,+0000.0000000000000000,+0000.1292986842837927,+0000.8081167767737042
+0000.0539291408925666,+0000.0000000000000000,+0000.0000000000000000,+0000.1304925322906805,+0000.8155783268167528
+0000.0475603810723544,+0000.0000000000000000,+0000.0000000000000000,+0000.1313709819210546,+0000.8210686370065907
+0000.0428841616793182,+0000.0000000000000000,+0000.0000000000000000,+0000.1320159776994045,+0000.8250998606212772
+0000.0394932914341973,+0000.0000000000000000,+0000.0000000000000000,+0000.1324836839401108,+0000.8280230246256919
+0000.0371084082050049,+0000.0000000000000000,+0000.0000000000000000,+0000.1328126333510339,+0000.8300789584439614
+0000.0355373492717174,+0000.0000000000000000,+0000.0000000000000000,+0000.1330293311349356,+0000.8314333195933471
+0000.0346468623064480,+0000.0000000000000000,+0000.0000000000000000,+0000.1331521569232486,+0000.8322009807703035
+0000.0343415309096078,+0000.0000000000000000,+0000.0000000000000000,+0000.1331942715986749,+0000.8324641974917175
+0000.0345457349925450,+0000.0000000000000000,+0000.0000000000000000,+0000.1331661055182697,+0000.8322881594891854
+0000.0351850743638092,+0000.0000000000000000,+0000.0000000000000000,+0000.1330779207774056,+0000.8317370048587850
+0000.0361644116969278,+0000.0000000000000000,+0000.0000000000000000,+0000.1329428397659411,+0000.8308927485371314
+0000.0373417870364106,+0000.0000000000000000,+0000.0000000000000000,+0000.1327804431673917,+0000.8298777697961977
+0000.0385030392411032,+0000.0000000000000000,+0000.0000000000000000,+0000.1326202704495030,+0000.8288766903093936
+0000.0393525082837736,+0000.0000000000000000,+0000.0000000000000000,+0000.1325031023056865,+0000.8281443894105400
+0000.0395458692689411,+0000.0000000000000000,+0000.0000000000000000,+0000.1324764318249737,+0000.8279776989060852
+0000.0387838806868180,+0000.0000000000000000,+0000.0000000000000000,+0000.1325815336983699,+0000.8286345856148120
+0000.0369409797850817,+0000.0000000000000000,+0000.0000000000000000,+0000.1328357269261956,+0000.8302232932887228
+0000.0341450670662453,+0000.0000000000000000,+0000.0000000000000000,+0000.1332213700598281,+0000.8326335628739264
+0000.0307346163892344,+0000.0000000000000000,+0000.0000000000000000,+0000.1336917770497607,+0000.8355736065610048
+0000.0271178938986443,+0000.0000000000000000,+0000.0000000000000000,+0000.1341906353243249,+0000.8386914707770309
+0000.0236356776322921,+0000.0000000000000000,+0000.0000000000000000,+0000.1346709410162356,+0000.8416933813514726
+0000.0204987191320268,+0000.0000000000000000,+0000.0000000000000000,+0000.1351036249473065,+0000.8443976559206665
+0000.0177958525320678,+0000.0000000000000000,+0000.0000000000000000,+0000.1354764341335078,+0000.8467277133344241
+0000.0155330697232264,+0000.0000000000000000,+0000.0000000000000000,+0000.1357885421071411,+0000.8486783881696326
+0000.0136724549589256,+0000.0000000000000000,+0000.0000000000000000,+0000.1360451786263551,+0000.8502823664147194
+0000.0121592069128384,+0000.0000000000000000,+0000.0000000000000000,+0000.1362539024947809,+0000.8515868905923809
+0000.0109367686312233,+0000.0000000000000000,+0000.0000000000000000,+0000.1364225146715554,+0000.8526407166972212
+0000.0099537681385144,+0000.0000000000000000,+0000.0000000000000000,+0000.1365581009464119,+0000.8534881309150738
+0000.0091662809437081,+0000.0000000000000000,+0000.0000000000000000,+0000.1366667198698334,+0000.8541669991864587
+0000.0085377607731542,+0000.0000000000000000,+0000.0000000000000000,+0000.1367534123071512,+0000.8547088269196945
+0000.0080379650921763,+0000.0000000000000000,+0000.0000000000000000,+0000.1368223496424585,+0000.8551396852653652
+0000.0076415467508480,+0000.0000000000000000,+0000.0000000000000000,+0000.1368770280343658,+0000.8554814252147861
+0000.0073266259678920,+0000.0000000000000000,+0000.0000000000000000,+0000.1369204653837390,+0000.8557529086483688
+0000.0070734940745226,+0000.0000000000000000,+0000.0000000000000000,+0000.1369553801276521,+0000.8559711257978252
+0000.0068635552461285,+0000.0000000000000000,+0000.0000000000000000,+0000.1369843372074305,+0000.8561521075464408
+0000.0066786335296036,+0000.0000000000000000,+0000.0000000000000000,+0000.1370098436510891,+0000.8563115228193071
+0000.0065008140641787,+0000.0000000000000000,+0000.0000000000000000,+0000.1370343704739064,+0000.8564648154619148
+0000.0063129901344382,+0000.0000000000000000,+0000.0000000000000000,+0000.1370602772228361,+0000.8566267326427257
+0000.0061001782659625,+0000.0000000000000000,+0000.0000000000000000,+0000.1370896305840051,+0000.8568101911500323
+0000.0058513959651535,+0000.0000000000000000,+0000.0000000000000000,+0000.1371239453841167,+0000.8570246586507300
+0000.0055615339348564,+0000.0000000000000000,+0000.0000000000000000,+0000.1371639263538128,+0000.8572745397113307
+0000.0052324165034562,+0000.0000000000000000,+0000.0000000000000000,+0000.1372093218615921,+0000.8575582616349517
+0000.0048723964172078,+0000.0000000000000000,+0000.0000000000000000,+0000.1372589798045230,+0000.8578686237782691
+0000.0044944188737026,+0000.0000000000000000,+0000.0000000000000000,+0000.1373111146381099,+0000.8581944664881876
+0000.0041131891114174,+0000.0000000000000000,+0000.0000000000000000,+0000.1373636980535974,+0000.8585231128349852
+0000.0037424206053225,+0000.0000000000000000,+0000.0000000000000000,+0000.1374148385371968,+0000.8588427408574809
+0000.0033929408034733,+0000.0000000000000000,+0000.0000000000000000,+0000.1374630426477966,+0000.8591440165487301
+0000.0030719167451425,+0000.0000000000000000,+0000.0000000000000000,+0000.1375073218282560,+0000.8594207614266012
+0000.0027830047786384,+0000.0000000000000000,+0000.0000000000000000,+0000.1375471717546704,+0000.8596698234666911
+0000.0025270280948479,+0000.0000000000000000,+0000.0000000000000000,+0000.1375824788834691,+0000.8598904930216832
+0000.0023028155818370,+0000.0000000000000000,+0000.0000000000000000,+0000.1376134047473326,+0000.8600837796708301
+0000.0021079685470338,+0000.0000000000000000,+0000.0000000000000000,+0000.1376402802004090,+0000.8602517512525572
+0000.0019394541462806,+0000.0000000000000000,+0000.0000000000000000,+0000.1376635235660302,+0000.8603970222876896
+0000.0017940123506086,+0000.0000000000000000,+0000.0000000000000000,+0000.1376835845033642,+0000.8605224031460273
+0000.0016684061148259,+0000.0000000000000000,+0000.0000000000000000,+0000.1377009095014032,+0000.8606306843837708
+0000.0015595571288396,+0000.0000000000000000,+0000.0000000000000000,+0000.1377159231546427,+0000.8607245197165179
+0000.0014646071212444,+0000.0000000000000000,+0000.0000000000000000,+0000.1377290197074144,+0000.8608063731713411
+0000.0013809369294645,+0000.0000000000000000,+0000.0000000000000000,+0000.1377405604235220,+0000.8608785026470136
+0000.0013061672794042,+0000.0000000000000000,+0000.0000000000000000,+0000.1377508734787027,+0000.8609429592418929
+0000.0012381580129035,+0000.0000000000000000,+0000.0000000000000000,+0000.1377602540671855,+0000.8610015879199109
+0000.0011750162520190,+0000.0000000000000000,+0000.0000000000000000,+0000.1377689632755834,+0000.8610560204723975
+0000.0011151179875206,+0000.0000000000000000,+0000.0000000000000000,+0000.1377772251051694,+0000.8611076569073101
+0000.0010571413167497,+0000.0000000000000000,+0000.0000000000000000,+0000.1377852218873447,+0000.8611576367959055
+0000.0010001033256798,+0000.0000000000000000,+0000.0000000000000000,+0000.1377930891964577,+0000.8612068074778626
+0000.0009433877745503,+0000.0000000000000000,+0000.0000000000000000,+0000.1378009120310962,+0000.8612557001943533
+0000.0008867493635339,+0000.0000000000000000,+0000.0000000000000000,+0000.1378087242257193,+0000.8613045264107471
+0000.0008302840250813,+0000.0000000000000000,+0000.0000000000000000,+0000.1378165125482644,+0000.8613532034266542
+0000.0007743631226029,+0000.0000000000000000,+0000.0000000000000000,+0000.1378242257761925,+0000.8614014111012047
+0000.0007195398329307,+0000.0000000000000000,+0000.0000000000000000,+0000.1378317876092507,+0000.8614486725578184
+0000.0006664441079551,+0000.0000000000000000,+0000.0000000000000000,+0000.1378391111575232,+0000.8614944447345219
+0000.0006156850787581,+0000.0000000000000000,+0000.0000000000000000,+0000.1378461124029297,+0000.8615382025183121
+0000.0005677760153877,+0000.0000000000000000,+0000.0000000000000000,+0000.1378527205496014,+0000.8615795034350110
+0000.0005230893007885,+0000.0000000000000000,+0000.0000000000000000,+0000.1378588842343737,+0000.8616180264648379
+0000.0004818408455102,+0000.0000000000000000,+0000.0000000000000000,+0000.1378645736764810,+0000.8616535854780086
+0000.0004440977085927,+0000.0000000000000000,+0000.0000000000000000,+0000.1378697796264007,+0000.8616861226650065
+0000.0004098003728038,+0000.0000000000000000,+0000.0000000000000000,+0000.1378745102934061,+0000.8617156893337902
+0000.0003787915889595,+0000.0000000000000000,+0000.0000000000000000,+0000.1378787873670398,+0000.8617424210440007
+0000.0003508457138859,+0000.0000000000000000,+0000.0000000000000000,+0000.1378826419704982,+0000.8617665123156157
+0000.0003256948590602,+0000.0000000000000000,+0000.0000000000000000,+0000.1378861110539224,+0000.8617881940870176
+0000.0003030502168857,+0000.0000000000000000,+0000.0000000000000000,+0000.1378892344528431,+0000.8618077153302712
+0000.0002826183567356,+0000.0000000000000000,+0000.0000000000000000,+0000.1378920526404500,+0000.8618253290028144
+0000.0002641130925157,+0000.0000000000000000,+0000.0000000000000000,+0000.1378946050906872,+0000.8618412818167973
+0000.0002472638563260,+0000.0000000000000000,+0000.0000000000000000,+0000.1378969291232651,+0000.8618558070204090
+0000.0002318215294787,+0000.0000000000000000,+0000.0000000000000000,+0000.1378990590993820,+0000.8618691193711392
+0000.0002175625159553,+0000.0000000000000000,+0000.0000000000000000,+0000.1379010258598680,+0000.8618814116241769
+0000.0002042915906655,+0000.0000000000000000,+0000.0000000000000000,+0000.1379028563323217,+0000.8618928520770128
+0000.0001918437838105,+0000.0000000000000000,+0000.0000000000000000,+0000.1379045732711983,+0000.8619035829449913
+0000.0001800853256646,+0000.0000000000000000,+0000.0000000000000000,+0000.1379061951274942,+0000.8619137195468410
+0000.0001689135165318,+0000.0000000000000000,+0000.0000000000000000,+0000.1379077360666850,+0000.8619233504167834
+0000.0001582553364956,+0000.0000000000000000,+0000.0000000000000000,+0000.1379092061604830,+0000.8619325385030214
+0000.0001480646799482,+0000.0000000000000000,+0000.0000000000000000,+0000.1379106117682826,+0000.8619413235517692
+0000.0001383182710694,+0000.0000000000000000,+0000.0000000000000000,+0000.1379119561005418,+0000.8619497256283889
+0000.0001290105365854,+0000.0000000000000000,+0000.0000000000000000,+0000.1379132399259879,+0000.8619577495374267
+0000.0001201479101523,+0000.0000000000000000,+0000.0000000000000000,+0000.1379144623572200,+0000.8619653897326277
+0000.0001117431526625,+0000.0000000000000000,+0000.0000000000000000,+0000.1379156216341152,+0000.8619726352132224
+0000.0001038102590875,+0000.0000000000000000,+0000.0000000000000000,+0000.1379167158263324,+0000.8619794739145801
+0000.0000963603924616,+0000.0000000000000000,+0000.0000000000000000,+0000.1379177433941429,+0000.8619858962133955
+0000.0000893990831863,+0000.0000000000000000,+0000.0000000000000000,+0000.1379187035747326,+0000.8619918973420810
+0000.0000829247167106,+0000.0000000000000000,+0000.0000000000000000,+0000.1379195965907982,+0000.8619974786924915
+0000.0000769281568115,+0000.0000000000000000,+0000.0000000000000000,+0000.1379204237025083,+0000.8620026481406798
+0000.0000713932442472,+0000.0000000000000000,+0000.0000000000000000,+0000.1379211871387241,+0000.8620074196170288
+0000.0000662978749338,+0000.0000000000000000,+0000.0000000000000000,+0000.1379218899482846,+0000.8620118121767817
+0000.0000616153828967,+0000.0000000000000000,+0000.0000000000000000,+0000.1379225358092552,+0000.8620158488078478
+0000.0000573160080180,+0000.0000000000000000,+0000.0000000000000000,+0000.1379231288264799,+0000.8620195551655023
+0000.0000533682950544,+0000.0000000000000000,+0000.0000000000000000,+0000.1379236733386128,+0000.8620229583663328
+0000.0000497403326120,+0000.0000000000000000,+0000.0000000000000000,+0000.1379241737472255,+0000.8620260859201624
+0000.0000464007900221,+0000.0000000000000000,+0000.0000000000000000,+0000.1379246343737896,+0000.8620289648361880
+0000.0000433197436784,+0000.0000000000000000,+0000.0000000000000000,+0000.1379250593456992,+0000.8620316209106225
+0000.0000404693036253,+0000.0000000000000000,+0000.0000000000000000,+0000.1379254525098445,+0000.8620340781865304
+0000.0000378240593321,+0000.0000000000000000,+0000.0000000000000000,+0000.1379258173711262,+0000.8620363585695414
+0000.0000353613645446,+0000.0000000000000000,+0000.0000000000000000,+0000.1379261570531659,+0000.8620384815822894
+0000.0000330614785797,+0000.0000000000000000,+0000.0000000000000000,+0000.1379264742788163,+0000.8620404642426041
+0000.0000309075783931,+0000.0000000000000000,+0000.0000000000000000,+0000.1379267713684972,+0000.8620423210531096
+0000.0000288856542413,+0000.0000000000000000,+0000.0000000000000000,+0000.1379270502545871,+0000.8620440640911717
+0000.0000269843027306,+0000.0000000000000000,+0000.0000000000000000,+0000.1379273125099679,+0000.8620457031873016
+0000.0000251944343709,+0000.0000000000000000,+0000.0000000000000000,+0000.1379275593883623,+0000.8620472461772667
+0000.0000235089174012,+0000.0000000000000000,+0000.0000000000000000,+0000.1379277918734616,+0000.8620486992091373
+0000.0000219221840587,+0000.0000000000000000,+0000.0000000000000000,+0000.1379280107332330,+0000.8620500670827085
+0000.0000204298280042,+0000.0000000000000000,+0000.0000000000000000,+0000.1379282165754474,+0000.8620513535965484
+0000.0000190282211438,+0000.0000000000000000,+0000.0000000000000000,+0000.1379284099005316,+0000.8620525618783246
+0000.0000177141742654,+0000.0000000000000000,+0000.0000000000000000,+0000.1379285911483769,+0000.8620536946773579
+0000.0000164846592819,+0000.0000000000000000,+0000.0000000000000000,+0000.1379287607366504,+0000.8620547546040678
+0000.0000153366026677,+0000.0000000000000000,+0000.0000000000000000,+0000.1379289190892869,+0000.8620557443080457
+0000.0000142667513720,+0000.0000000000000000,+0000.0000000000000000,+0000.1379290666549828,+0000.8620566665936451
+0000.0000132716054118,+0000.0000000000000000,+0000.0000000000000000,+0000.1379292039164946,+0000.8620575244780936
+0000.0000123474063641,+0000.0000000000000000,+0000.0000000000000000,+0000.1379293313922253,+0000.8620583212014106
+0000.0000114901683587,+0000.0000000000000000,+0000.0000000000000000,+0000.1379294496319502,+0000.8620590601996911
+0000.0000106957377229,+0000.0000000000000000,+0000.0000000000000000,+0000.1379295592085896,+0000.8620597450536877
+0000.0000099598686077,+0000.0000000000000000,+0000.0000000000000000,+0000.1379296607077779,+0000.8620603794236145
+0000.0000092783040861,+0000.0000000000000000,+0000.0000000000000000,+0000.1379297547166775,+0000.8620609669792364
+0000.0000086468547558,+0000.0000000000000000,+0000.0000000000000000,+0000.1379298418131368,+0000.8620615113321074
+0000.0000080614693544,+0000.0000000000000000,+0000.0000000000000000,+0000.1379299225559508,+0000.8620620159746948
+0000.0000075182940234,+0000.0000000000000000,+0000.0000000000000000,+0000.1379299974766862,+0000.8620624842292905
+0000.0000070137185237,+0000.0000000000000000,+0000.0000000000000000,+0000.1379300670733069,+0000.8620629192081696
+0000.0000065444089180,+0000.0000000000000000,+0000.0000000000000000,+0000.1379301318056662,+0000.8620633237854157
+0000.0000061073270624,+0000.0000000000000000,+0000.0000000000000000,+0000.1379301920928187,+0000.8620637005801189
+0000.0000056997378041,+0000.0000000000000000,+0000.0000000000000000,+0000.1379302483120268,+0000.8620640519501694
+0000.0000053192051548,+0000.0000000000000000,+0000.0000000000000000,+0000.1379303007992887,+0000.8620643799955566
+0000.0000049635789867,+0000.0000000000000000,+0000.0000000000000000,+0000.1379303498511739,+0000.8620646865698393
+0000.0000046309740108,+0000.0000000000000000,+0000.0000000000000000,+0000.1379303957277223,+0000.8620649732982667
+0000.0000043197429641,+0000.0000000000000000,+0000.0000000000000000,+0000.1379304386561425,+0000.8620652416008934
+0000.0000040284460342,+0000.0000000000000000,+0000.0000000000000000,+0000.1379304788350293,+0000.8620654927189364
+0000.0000037558185569,+0000.0000000000000000,+0000.0000000000000000,+0000.1379305164388193,+0000.8620657277426238
+0000.0000035007389176,+0000.0000000000000000,+0000.0000000000000000,+0000.1379305516222179,+0000.8620659476388648
+0000.0000032621983593,+0000.0000000000000000,+0000.0000000000000000,+0000.1379305845243638,+0000.8620661532772766
+0000.0000030392740616,+0000.0000000000000000,+0000.0000000000000000,+0000.1379306152725428,+0000.8620663454533957
+0000.0000028311064366,+0000.0000000000000000,+0000.0000000000000000,+0000.1379306439853187,+0000.8620665249082446
+0000.0000026368811454,+0000.0000000000000000,+0000.0000000000000000,+0000.1379306707750140,+0000.8620666923438405
+0000.0000024558159068,+0000.0000000000000000,+0000.0000000000000000,+0000.1379306957495298,+0000.8620668484345633
+0000.0000022871518086,+0000.0000000000000000,+0000.0000000000000000,+0000.1379307190135433,+0000.8620669938346480
+0000.0000021301485556,+0000.0000000000000000,+0000.0000000000000000,+0000.1379307406691644,+0000.8620671291822800
+0000.0000019840829199,+0000.0000000000000000,+0000.0000000000000000,+0000.1379307608161487,+0000.8620672551009316
+0000.0000018482495918,+0000.0000000000000000,+0000.0000000000000000,+0000.1379307795517801,+0000.8620673721986281
+0000.0000017219636384,+0000.0000000000000000,+0000.0000000000000000,+0000.1379307969705323,+0000.8620674810658294
+0000.0000016045638602,+0000.0000000000000000,+0000.0000000000000000,+0000.1379308131636051,+0000.8620675822725345
+0000.0000014954164429,+0000.0000000000000000,+0000.0000000000000000,+0000.1379308282184213,+0000.8620676763651356
+0000.0000013939184353,+0000.0000000000000000,+0000.0000000000000000,+0000.1379308422181465,+0000.8620677638634184
+0000.0000012995007127,+0000.0000000000000000,+0000.0000000000000000,+0000.1379308552412806,+0000.8620678452580066
+0000.0000012116302047,+0000.0000000000000000,+0000.0000000000000000,+0000.1379308673613506,+0000.8620679210084446
+0000.0000011298112656,+0000.0000000000000000,+0000.0000000000000000,+0000.1379308786467215,+0000.8620679915420129
+0000.0000010535861544,+0000.0000000000000000,+0000.0000000000000000,+0000.1379308891605300,+0000.8620680572533159
+0000.0000009825346515,+0000.0000000000000000,+0000.0000000000000000,+0000.1379308989607373,+0000.8620681185046112
+0000.0000009162728930,+0000.0000000000000000,+0000.0000000000000000,+0000.1379309081002902,+0000.8620681756268167
+0000.0000008544515372,+0000.0000000000000000,+0000.0000000000000000,+0000.1379309166273737,+0000.8620682289210888
+0000.0000007967534021,+0000.0000000000000000,+0000.0000000000000000,+0000.1379309245857371,+0000.8620682786608604
+0000.0000007428907254,+0000.0000000000000000,+0000.0000000000000000,+0000.1379309320150719,+0000.8620683250942027
+0000.0000006926022027,+0000.0000000000000000,+0000.0000000000000000,+0000.1379309389514199,+0000.8620683684463778
+0000.0000006456499510,+0000.0000000000000000,+0000.0000000000000000,+0000.1379309454275925,+0000.8620684089224564
+0000.0000006018165337,+0000.0000000000000000,+0000.0000000000000000,+0000.1379309514735811,+0000.8620684467098851
+0000.0000005609021586,+0000.0000000000000000,+0000.0000000000000000,+0000.1379309571169431,+0000.8620684819808981
+0000.0000005227221398,+0000.0000000000000000,+0000.0000000000000000,+0000.1379309623831527,+0000.8620685148947077
+0000.0000004871046803,+0000.0000000000000000,+0000.0000000000000000,+0000.1379309672959057,+0000.8620685455994139
+0000.0000004538890095,+0000.0000000000000000,+0000.0000000000000000,+0000.1379309718773775,+0000.8620685742336132
+0000.0000004229238782,+0000.0000000000000000,+0000.0000000000000000,+0000.1379309761484301,+0000.8620686009276917
+0000.0000003940663958,+0000.0000000000000000,+0000.0000000000000000,+0000.1379309801287726,+0000.8620686258048318
+0000.0000003671811745,+0000.0000000000000000,+0000.0000000000000000,+0000.1379309838370789,+0000.8620686489817466
+0000.0000003421397335,+0000.0000000000000000,+0000.0000000000000000,+0000.1379309872910707,+0000.8620686705691957
+0000.0000003188201129,+0000.0000000000000000,+0000.0000000000000000,+0000.1379309905075701,+0000.8620686906723170
+0000.0000002971066421,+0000.0000000000000000,+0000.0000000000000000,+0000.1379309935025316,+0000.8620687093908261
+0000.0000002768898138,+0000.0000000000000000,+0000.0000000000000000,+0000.1379309962910596,+0000.8620687268191267
+0000.0000002580662177,+0000.0000000000000000,+0000.0000000000000000,+0000.1379309988874177,+0000.8620687430463645
+0000.0000002405384980,+0000.0000000000000000,+0000.0000000000000000,+0000.1379310013050343,+0000.8620687581564678
+0000.0000002242153036,+0000.0000000000000000,+0000.0000000000000000,+0000.1379310035565094,+0000.8620687722281871
+0000.0000002090112119,+0000.0000000000000000,+0000.0000000000000000,+0000.1379310056536255,+0000.8620687853351627
+0000.0000001948466122,+0000.0000000000000000,+0000.0000000000000000,+0000.1379310076073633,+0000.8620687975460246
+0000.0000001816475414,+0000.0000000000000000,+0000.0000000000000000,+0000.1379310094279249,+0000.8620688089245339
+0000.0000001693454726,+0000.0000000000000000,+0000.0000000000000000,+0000.1379310111247619,+0000.8620688195297654
+0000.0000001578770588,+0000.0000000000000000,+0000.0000000000000000,+0000.1379310127066121,+0000.8620688294163288
+0000.0000001471838386,+0000.0000000000000000,+0000.0000000000000000,+0000.1379310141815390,+0000.8620688386346222
+0000.0000001372119144,+0000.0000000000000000,+0000.0000000000000000,+0000.1379310155569768,+0000.8620688472311087
+0000.0000001279116116,+0000.0000000000000000,+0000.0000000000000000,+0000.1379310168397772,+0000.8620688552486111
+0000.0000001192371302,+0000.0000000000000000,+0000.0000000000000000,+0000.1379310180362573,+0000.8620688627266122
+0000.0000001111461991,+0000.0000000000000000,+0000.0000000000000000,+0000.1379310191522479,+0000.8620688697015531
+0000.0000001035997421,+0000.0000000000000000,+0000.0000000000000000,+0000.1379310201931385,+0000.8620688762071193
+0000.0000000965615628,+0000.0000000000000000,+0000.0000000000000000,+0000.1379310211639218,+0000.8620688822745152
+0000.0000000899980547,+0000.0000000000000000,+0000.0000000000000000,+0000.1379310220692333,+0000.8620688879327119
+0000.0000000838779402,+0000.0000000000000000,+0000.0000000000000000,+0000.1379310229133870,+0000.8620688932086727
+0000.0000000781720405,+0000.0000000000000000,+0000.0000000000000000,+0000.1379310237004077,+0000.8620688981275521
+0000.0000000728530763,+0000.0000000000000000,+0000.0000000000000000,+0000.1379310244340579,+0000.8620689027128658
+0000.0000000678954984,+0000.0000000000000000,+0000.0000000000000000,+0000.1379310251178617,+0000.8620689069866398
+0000.0000000632753458,+0000.0000000000000000,+0000.0000000000000000,+0000.1379310257551242,+0000.8620689109695301
+0000.0000000589701278,+0000.0000000000000000,+0000.0000000000000000,+0000.1379310263489473,+0000.8620689146809248
+0000.0000000549587258,+0000.0000000000000000,+0000.0000000000000000,+0000.1379310269022442,+0000.8620689181390302
+0000.0000000512213126,+0000.0000000000000000,+0000.0000000000000000,+0000.1379310274177494,+0000.8620689213609380
+0000.0000000477392833,+0000.0000000000000000,+0000.0000000000000000,+0000.1379310278980294,+0000.8620689243626873
+0000.0000000444951957,+0000.0000000000000000,+0000.0000000000000000,+0000.1379310283454898,+0000.8620689271593145
+0000.0000000414727171,+0000.0000000000000000,+0000.0000000000000000,+0000.1379310287623834,+0000.8620689297648996
+0000.0000000386565744,+0000.0000000000000000,+0000.0000000000000000,+0000.1379310291508168,+0000.8620689321926087
+0000.0000000360325057,+0000.0000000000000000,+0000.0000000000000000,+0000.1379310295127574,+0000.8620689344547372
+0000.0000000335872129,+0000.0000000000000000,+0000.0000000000000000,+0000.1379310298500390,+0000.8620689365627479
+0000.0000000313083137,+0000.0000000000000000,+0000.0000000000000000,+0000.1379310301643700,+0000.8620689385273164
+0000.0000000291842922,+0000.0000000000000000,+0000.0000000000000000,+0000.1379310304573385,+0000.8620689403583692
+0000.0000000272044496,+0000.0000000000000000,+0000.0000000000000000,+0000.1379310307304202,+0000.8620689420651302
+0000.0000000253588533,+0000.0000000000000000,+0000.0000000000000000,+0000.1379310309849852,+0000.8620689436561614
+0000.0000000236382868,+0000.0000000000000000,+0000.0000000000000000,+0000.1379310312223047,+0000.8620689451394086
+0000.0000000220341996,+0000.0000000000000000,+0000.0000000000000000,+0000.1379310314435581,+0000.8620689465222423
+0000.0000000205386580,+0000.0000000000000000,+0000.0000000000000000,+0000.1379310316498397,+0000.8620689478115025
+0000.0000000191442979,+0000.0000000000000000,+0000.0000000000000000,+0000.1379310318421652,+0000.8620689490135368
+0000.0000000178442799,+0000.0000000000000000,+0000.0000000000000000,+0000.1379310320214780,+0000.8620689501342421
+0000.0000000166322464,+0000.0000000000000000,+0000.0000000000000000,+0000.1379310321886550,+0000.8620689511790985
+0000.0000000155022830,+0000.0000000000000000,+0000.0000000000000000,+0000.1379310323445121,+0000.8620689521532048
+0000.0000000144488816,+0000.0000000000000000,+0000.0000000000000000,+0000.1379310324898089,+0000.8620689530613096
+0000.0000000134669078,+0000.0000000000000000,+0000.0000000000000000,+0000.1379310326252536,+0000.8620689539078386
+0000.0000000125515713,+0000.0000000000000000,+0000.0000000000000000,+0000.1379310327515069,+0000.8620689546969219
+0000.0000000116983995,+0000.0000000000000000,+0000.0000000000000000,+0000.1379310328691857,+0000.8620689554324146
+0000.0000000109032139,+0000.0000000000000000,+0000.0000000000000000,+0000.1379310329788666,+0000.8620689561179197
+0000.0000000101621087,+0000.0000000000000000,+0000.0000000000000000,+0000.1379310330810880,+0000.8620689567568033
+0000.0000000094714329,+0000.0000000000000000,+0000.0000000000000000,+0000.1379310331763536,+0000.8620689573522137
+0000.0000000088277730,+0000.0000000000000000,+0000.0000000000000000,+0000.1379310332651343,+0000.8620689579070929
+0000.0000000082279384,+0000.0000000000000000,+0000.0000000000000000,+0000.1379310333478701,+0000.8620689584241917
+0000.0000000076689477,+0000.0000000000000000,+0000.0000000000000000,+0000.1379310334249722,+0000.8620689589060804
+0000.0000000071480162,+0000.0000000000000000,+0000.0000000000000000,+0000.1379310334968248,+0000.8620689593551589
+0000.0000000066625444,+0000.0000000000000000,+0000.0000000000000000,+0000.1379310335637865,+0000.8620689597736693
+0000.0000000062101071,+0000.0000000000000000,+0000.0000000000000000,+0000.1379310336261916,+0000.8620689601637010
+0000.0000000057884429,+0000.0000000000000000,+0000.0000000000000000,+0000.1379310336843522,+0000.8620689605272047
+0000.0000000053954448,+0000.0000000000000000,+0000.0000000000000000,+0000.1379310337385589,+0000.8620689608659965
+0000.0000000050291502,+0000.0000000000000000,+0000.0000000000000000,+0000.1379310337890822,+0000.8620689611817677
+0000.0000000046877322,+0000.0000000000000000,+0000.0000000000000000,+0000.1379310338361743,+0000.8620689614760932
+0000.0000000043694905,+0000.0000000000000000,+0000.0000000000000000,+0000.1379310338800697,+0000.8620689617504395
+0000.0000000040728435,+0000.0000000000000000,+0000.0000000000000000,+0000.1379310339209866,+0000.8620689620061699
+0000.0000000037963194,+0000.0000000000000000,+0000.0000000000000000,+0000.1379310339591279,+0000.8620689622445525
+0000.0000000035385494,+0000.0000000000000000,+0000.0000000000000000,+0000.1379310339946824,+0000.8620689624667683
+0000.0000000032982594,+0000.0000000000000000,+0000.0000000000000000,+0000.1379310340278259,+0000.8620689626739149
+0000.0000000030742642,+0000.0000000000000000,+0000.0000000000000000,+0000.1379310340587217,+0000.8620689628670141
+0000.0000000028654602,+0000.0000000000000000,+0000.0000000000000000,+0000.1379310340875222,+0000.8620689630470173
+0000.0000000026708195,+0000.0000000000000000,+0000.0000000000000000,+0000.1379310341143692,+0000.8620689632148111
+0000.0000000024893849,+0000.0000000000000000,+0000.0000000000000000,+0000.1379310341393948,+0000.8620689633712204
+0000.0000000023202638,+0000.0000000000000000,+0000.0000000000000000,+0000.1379310341627217,+0000.8620689635170145
+0000.0000000021626243,+0000.0000000000000000,+0000.0000000000000000,+0000.1379310341844651,+0000.8620689636529109
+0000.0000000020156904,+0000.0000000000000000,+0000.0000000000000000,+0000.1379310342047319,+0000.8620689637795778
+0000.0000000018787382,+0000.0000000000000000,+0000.0000000000000000,+0000.1379310342236218,+0000.8620689638976399
+0000.0000000017510923,+0000.0000000000000000,+0000.0000000000000000,+0000.1379310342412282,+0000.8620689640076797
+0000.0000000016321223,+0000.0000000000000000,+0000.0000000000000000,+0000.1379310342576377,+0000.8620689641102400
+0000.0000000015212400,+0000.0000000000000000,+0000.0000000000000000,+0000.1379310342729318,+0000.8620689642058280
+0000.0000000014178964,+0000.0000000000000000,+0000.0000000000000000,+0000.1379310342871861,+0000.8620689642949173
+0000.0000000013215793,+0000.0000000000000000,+0000.0000000000000000,+0000.1379310343004712,+0000.8620689643779493
+0000.0000000012318108,+0000.0000000000000000,+0000.0000000000000000,+0000.1379310343128531,+0000.8620689644553362
+0000.0000000011481451,+0000.0000000000000000,+0000.0000000000000000,+0000.1379310343243932,+0000.8620689645274617
+0000.0000000010701667,+0000.0000000000000000,+0000.0000000000000000,+0000.1379310343351488,+0000.8620689645946843
+0000.0000000009974881,+0000.0000000000000000,+0000.0000000000000000,+0000.1379310343451735,+0000.8620689646573383
+0000.0000000009297480,+0000.0000000000000000,+0000.0000000000000000,+0000.1379310343545170,+0000.8620689647157349
+0000.0000000008666100,+0000.0000000000000000,+0000.0000000000000000,+0000.1379310343632258,+0000.8620689647701646
+0000.0000000008077605,+0000.0000000000000000,+0000.0000000000000000,+0000.1379310343713429,+0000.8620689648208968
+0000.0000000007529074,+0000.0000000000000000,+0000.0000000000000000,+0000.1379310343789087,+0000.8620689648681836
+0000.0000000007017786,+0000.0000000000000000,+0000.0000000000000000,+0000.1379310343859610,+0000.8620689649122603
+0000.0000000006541210,+0000.0000000000000000,+0000.0000000000000000,+0000.1379310343925345,+0000.8620689649533444
+0000.0000000006096984,+0000.0000000000000000,+0000.0000000000000000,+0000.1379310343986618,+0000.8620689649916398
+0000.0000000005682910,+0000.0000000000000000,+0000.0000000000000000,+0000.1379310344043732,+0000.8620689650273359
+0000.0000000005296943,+0000.0000000000000000,+0000.0000000000000000,+0000.1379310344096968,+0000.8620689650606088
+0000.0000000004937175,+0000.0000000000000000,+0000.0000000000000000,+0000.1379310344146592,+0000.8620689650916233
+0000.0000000004601828,+0000.0000000000000000,+0000.0000000000000000,+0000.1379310344192847,+0000.8620689651205327
+0000.0000000004289248,+0000.0000000000000000,+0000.0000000000000000,+0000.1379310344235961,+0000.8620689651474789
+0000.0000000003997891,+0000.0000000000000000,+0000.0000000000000000,+0000.1379310344276149,+0000.8620689651725960
+0000.0000000003726319,+0000.0000000000000000,+0000.0000000000000000,+0000.1379310344313607,+0000.8620689651960072
+0000.0000000003473191,+0000.0000000000000000,+0000.0000000000000000,+0000.1379310344348522,+0000.8620689652178287
+0000.0000000003237256,+0000.0000000000000000,+0000.0000000000000000,+0000.1379310344381064,+0000.8620689652381679
+0000.0000000003017349,+0000.0000000000000000,+0000.0000000000000000,+0000.1379310344411396,+0000.8620689652571254
+0000.0000000002812382,+0000.0000000000000000,+0000.0000000000000000,+0000.1379310344439668,+0000.8620689652747949
+0000.0000000002621341,+0000.0000000000000000,+0000.0000000000000000,+0000.1379310344466019,+0000.8620689652912641
+0000.0000000002443281,+0000.0000000000000000,+0000.0000000000000000,+0000.1379310344490579,+0000.8620689653066143
+0000.0000000002277320,+0000.0000000000000000,+0000.0000000000000000,+0000.1379310344513469,+0000.8620689653209209
+0000.0000000002122637,+0000.0000000000000000,+0000.0000000000000000,+0000.1379310344534805,+0000.8620689653342559
+0000.0000000001978464,+0000.0000000000000000,+0000.0000000000000000,+0000.1379310344554691,+0000.8620689653466850
+0000.0000000001844086,+0000.0000000000000000,+0000.0000000000000000,+0000.1379310344573226,+0000.8620689653582689
+0000.0000000001718839,+0000.0000000000000000,+0000.0000000000000000,+0000.1379310344590501,+0000.8620689653690662
+0000.0000000001602100,+0000.0000000000000000,+0000.0000000000000000,+0000.1379310344606603,+0000.8620689653791296
+0000.0000000001493291,+0000.0000000000000000,+0000.0000000000000000,+0000.1379310344621612,+0000.8620689653885097
+0000.0000000001391873,+0000.0000000000000000,+0000.0000000000000000,+0000.1379310344635600,+0000.8620689653972528
+0000.0000000001297343,+0000.0000000000000000,+0000.0000000000000000,+0000.1379310344648639,+0000.8620689654054021
+0000.0000000001209232,+0000.0000000000000000,+0000.0000000000000000,+0000.1379310344660792,+0000.8620689654129977
+0000.0000000001127106,+0000.0000000000000000,+0000.0000000000000000,+0000.1379310344672120,+0000.8620689654200774
+0000.0000000001050556,+0000.0000000000000000,+0000.0000000000000000,+0000.1379310344682679,+0000.8620689654266765
+0000.0000000000979204,+0000.0000000000000000,+0000.0000000000000000,+0000.1379310344692520,+0000.8620689654328277
+0000.0000000000912697,+0000.0000000000000000,+0000.0000000000000000,+0000.1379310344701693,+0000.8620689654385610
+0000.0000000000850706,+0000.0000000000000000,+0000.0000000000000000,+0000.1379310344710244,+0000.8620689654439051
+0000.0000000000792925,+0000.0000000000000000,+0000.0000000000000000,+0000.1379310344718214,+0000.8620689654488862
+0000.0000000000739067,+0000.0000000000000000,+0000.0000000000000000,+0000.1379310344725643,+0000.8620689654535292
+0000.0000000000688867,+0000.0000000000000000,+0000.0000000000000000,+0000.1379310344732567,+0000.8620689654578566
+0000.0000000000642076,+0000.0000000000000000,+0000.0000000000000000,+0000.1379310344739021,+0000.8620689654618904
+0000.0000000000598463,+0000.0000000000000000,+0000.0000000000000000,+0000.1379310344745036,+0000.8620689654656499
+0000.0000000000557813,+0000.0000000000000000,+0000.0000000000000000,+0000.1379310344750643,+0000.8620689654691545
+0000.0000000000519923,+0000.0000000000000000,+0000.0000000000000000,+0000.1379310344755869,+0000.8620689654724205
+0000.0000000000484608,+0000.0000000000000000,+0000.0000000000000000,+0000.1379310344760740,+0000.8620689654754652
+0000.0000000000451691,+0000.0000000000000000,+0000.0000000000000000,+0000.1379310344765280,+0000.8620689654783027
+0000.0000000000421010,+0000.0000000000000000,+0000.0000000000000000,+0000.1379310344769513,+0000.8620689654809479
+0000.0000000000392414,+0000.0000000000000000,+0000.0000000000000000,+0000.1379310344773457,+0000.8620689654834126
+0000.0000000000365760,+0000.0000000000000000,+0000.0000000000000000,+0000.1379310344777134,+0000.8620689654857108
+0000.0000000000340917,+0000.0000000000000000,+0000.0000000000000000,+0000.1379310344780560,+0000.8620689654878525
+0000.0000000000317762,+0000.0000000000000000,+0000.0000000000000000,+0000.1379310344783753,+0000.8620689654898483
+0000.0000000000296179,+0000.0000000000000000,+0000.0000000000000000,+0000.1379310344786730,+0000.8620689654917089
+0000.0000000000276063,+0000.0000000000000000,+0000.0000000000000000,+0000.1379310344789506,+0000.8620689654934433
+0000.0000000000257313,+0000.0000000000000000,+0000.0000000000000000,+0000.1379310344792092,+0000.8620689654950595
+0000.0000000000239836,+0000.0000000000000000,+0000.0000000000000000,+0000.1379310344794502,+0000.8620689654965660
