+0000.0000000000000000,+0001.0000000000000000,+0000.0000000000000000,+0000.0000000000000000,+0000.0000000000000000
+0000.0001175187014900,+0000.9876887833267513,+0000.0000000091754353,+0000.0121936886830463,+0000.0000000001132770
+0000.0005022860072976,+0000.9473631244502483,+0000.0000001569045085,+0000.0521344295470275,+0000.0000000030909180
+0000.0011682097935304,+0000.8775059443569508,+0000.0000008013245483,+0000.1213250192657312,+0000.0000000252592395
+0000.0020708916484743,+0000.7826717119903152,+0000.0000024489261994,+0000.2152548313437840,+0000.0000001160912273
+0000.0031150197487737,+0000.6727397821061037,+0000.0000055661091100,+0000.3241392558731875,+0000.0000003761628250
+0000.0041865147360926,+0000.5595805903511951,+0000.0000104011780692,+0000.4362215327359934,+0000.0000009609986497
+0000.0051888133964619,+0000.4532735686569437,+0000.0000169246995449,+0000.5415186245203669,+0000.0000020687266827
+0000.0060627419819834,+0000.3600223790685211,+0000.0000248947044342,+0000.6338860629579932,+0000.0000039212870680
+0000.0067862870343136,+0000.2821633055886889,+0000.0000339717475488,+0000.7110096857680126,+0000.0000067498614361
+0000.0073633745153306,+0000.2193246092141994,+0000.0000438134764511,+0000.7732574146794103,+0000.0000107881146084
+0000.0078114077376252,+0000.1697215479646183,+0000.0000541247421155,+0000.8223966484584408,+0000.0000162710972002
+0000.0081522394413784,+0000.1310974882539134,+0000.0000646719899692,+0000.8606621638854952,+0000.0000234364292436
+0000.0084071134552278,+0000.1012529095305966,+0000.0000752786652685,+0000.8902321727826830,+0000.0000325255662242
+0000.0085944672636516,+0000.0782764376042699,+0000.0000858140272716,+0000.9129994968080731,+0000.0000437842967337
+0000.0087293658595520,+0000.0606054946747555,+0000.0000961817229044,+0000.9305114953533382,+0000.0000574623894499
+0000.0088237065491044,+0000.0470061239025603,+0000.0001063104403490,+0000.9439900465187561,+0000.0000738125892299
+0000.0088867064107984,+0000.0365229500536207,+0000.0001161469942203,+0000.9543811073402808,+0000.0000930892010794
+0000.0089254338126052,+0000.0284242524818798,+0000.0001256514650751,+0000.9624091157838424,+0000.0001155464565974
+0000.0089452851637873,+0000.0221525464529226,+0000.0001347938650162,+0000.9686259377169444,+0000.0001414368013298
+0000.0089503772959143,+0000.0172838297188064,+0000.0001435518641747,+0000.9734512319252828,+0000.0001710091958219
+0000.0089438562610637,+0000.0134954608483615,+0000.0001519092270718,+0000.9772042661724833,+0000.0002045074910197
+0000.0089281344171718,+0000.0105414638677588,+0000.0001598547132515,+0000.9801283780846418,+0000.0002421689171757
+0000.0089050699942786,+0000.0082337999877841,+0000.0001673812775485,+0000.9824095260292356,+0000.0002842227111532
+0000.0088761021510069,+0000.0064282630753378,+0000.0001744854626282,+0000.9841902604137073,+0000.0003308888973196
+0000.0088423522658952,+0000.0050138867537744,+0000.0001811669151643,+0000.9855802168348202,+0000.0003823772303457
+0000.0088046998896254,+0000.0039049896510951,+0000.0001874279825192,+0000.9866639961736382,+0000.0004388863031222
+0000.0087638397819768,+0000.0030351921150131,+0000.0001932733632803,+0000.9875070919206801,+0000.0005006028190497
+0000.0087203248545948,+0000.0023529035928776,+0000.0001987097955125,+0000.9881603607321903,+0000.0005677010248245
+0000.0086745986076055,+0000.0018179076644384,+0000.0002037457731915,+0000.9886634056574433,+0000.0006403422973215
+0000.0086270197201949,+0000.0013987679764124,+0000.0002083912853594,+0000.9890471461418550,+0000.0007186748761780
+0000.0085778807655054,+0000.0010708499370904,+0000.0002126575750020,+0000.9893357779902761,+0000.0008028337321259
+0000.0085274225107197,+0000.0008148059532532,+0000.0002165569160736,+0000.9895482740599775,+0000.0008929405599762
+0000.0084758448878834,+0000.0006154109993842,+0000.0002201024078711,+0000.9896995378204861,+0000.0009891038843753
+0000.0084233154445648,+0000.0004606640529423,+0000.0002233077863374,+0000.9898012934501502,+0000.0010914192660053
+0000.0083699758795371,+0000.0003410921402526,+0000.0002261872520045,+0000.9898627751324642,+0000.0011999695957414
+0000.0083159471178684,+0000.0002492094295486,+0000.0002287553142836,+0000.9898912626739180,+0000.0013148254643815
+0000.0082613332679249,+0000.0001790954552157,+0000.0002310266517285,+0000.9898924990292478,+0000.0014360455958831
+0000.0082062247194721,+0000.0001260652356667,+0000.0002330159877908,+0000.9898710167245308,+0000.0015636773325393
+0000.0081507005797672,+0000.0000864105400318,+0000.0002347379814646,+0000.9898303937375635,+0000.0016977571611727
+0000.0080948305977667,+0000.0000571964372663,+0000.0002362071321136,+0000.9897734545626762,+0000.0018383112701772
+0000.0080386766913196,+0000.0000361009427657,+0000.0002374376976795,+0000.9897024285401691,+0000.0019853561280664
+0000.0079822941655314,+0000.0000212883679444,+0000.0002384436254044,+0000.9896190747660535,+0000.0021388990750663
+0000.0079257326902069,+0000.0000113091023183,+0000.0002392384941465,+0000.9895247807931375,+0000.0022989389201906
+0000.0078690370888124,+0000.0000050201813361,+0000.0002398354673460,+0000.9894206407253707,+0000.0024654665371345
+0000.0078122479795608,+0000.0000015222395043,+0000.0002402472556886,+0000.9893075170720383,+0000.0026384654532078
+0000.0077554023001308,+0000.0000001094087158,+0000.0002404860885207,+0000.9891860897762552,+0000.0028179124263775
+0000.0076985337405268,+0000.0000002294645292,+0000.0002405636930969,+0000.9890568950955507,+0000.0030037780062962
+0000.0076416731031775,+0000.0000014520997737,+0000.0002404912807732,+0000.9889203564403318,+0000.0031960270759436
+0000.0075848486051815,+0000.0000034436539883,+0000.0002402795393009,+0000.9887768088303244,+0000.0033946193712052
+0000.0075280861343580,+0000.0000059469781518,+0000.0002399386304295,+0000.9886265182807163,+0000.0035995099763441
+0000.0074714094682313,+0000.0000087653891999,+0000.0002394781920771,+0000.9884696971566035,+0000.0038106497938882
+0000.0074148404631106,+0000.0000117498849934,+0000.0002389073443873,+0000.9883065163195460,+0000.0040279859879629
+0000.0073583992188904,+0000.0000147889607243,+0000.0002382346990462,+0000.9881371147207978,+0000.0042514624005413
+0000.0073021042239993,+0000.0000178005022831,+0000.0002374683712929,+0000.9879616069619601,+0000.0044810199404647
+0000.0072459724839868,+0000.0000207253386067,+0000.0002366159941124,+0000.9877800892378772,+0000.0047165969454171
+0000.0071900196365069,+0000.0000235221194993,+0000.0002356847341548,+0000.9875926439925308,+0000.0049581295173083
+0000.0071342600548837,+0000.0000261632525505,+0000.0002346813089753,+0000.9873993435518436,+0000.0052055518317473
+0000.0070787069419965,+0000.0000286316862051,+0000.0002336120052396,+0000.9872002529440893,+0000.0054587964224696
+0000.0070233724158711,+0000.0000309183686398,+0000.0002324826975848,+0000.9869954320761807,+0000.0057177944417235
+0000.0069682675880886,+0000.0000330202461019,+0000.0002312988678664,+0000.9867849374002143,+0000.0059824758977285
+0000.0069134026359111,+0000.0000349386915434,+0000.0002300656245611,+0000.9865688231775886,+0000.0062527698703958
+0000.0068587868688511,+0000.0000366782761207,+0000.0002287877221323,+0000.9863471424263495,+0000.0065286047065464
+0000.0068044287902837,+0000.0000382458135424,+0000.0002274695801924,+0000.9861199476200874,+0000.0068099081958942
+0000.0067503361545961,+0000.0000396496211896,+0000.0002261153023284,+0000.9858872911928229,+0000.0070966077290631
+0000.0066965160202868,+0000.0000408989531241,+0000.0002247286944794,+0000.9856492258932092,+0000.0073886304389004
+0000.0066429747993657,+0000.0000420035690637,+0000.0002233132827791,+0000.9854058050224673,+0000.0076859033263241
+0000.0065897183033532,+0000.0000429734106059,+0000.0002218723307943,+0000.9851570825833393,+0000.0079883533719072
+0000.0065367517861400,+0000.0000438183617538,+0000.0002204088561082,+0000.9849031133616366,+0000.0082959076343613
+0000.0064840799839352,+0000.0000445480754356,+0000.0002189256462109,+0000.9846439529573873,+0000.0086084933370311
+0000.0064317071525061,+0000.0000451718514272,+0000.0002174252736749,+0000.9843796577789345,+0000.0089260379434571
+0000.0063796371018924,+0000.0000456985540713,+0000.0002159101106000,+0000.9841102850104289,+0000.0092484692230073
+0000.0063278732287608,+0000.0000461365605777,+0000.0002143823423246,+0000.9838358925608164,+0000.0095757153075206
+0000.0062764185465535,+0000.0000464937326090,+0000.0002128439804064,+0000.9835565390005894,+0000.0099077047398414
+0000.0062252757135692,+0000.0000467774053870,+0000.0002112968748816,+0000.9832722834910927,+0000.0102443665150692
+0000.0061744470591092,+0000.0000469943897873,+0000.0002097427258177,+0000.9829831857100022,+0000.0105856301152838
+0000.0061239346078097,+0000.0000471509838665,+0000.0002081830941780,+0000.9826893057756941,+0000.0109314255384516
+0000.0060737401022755,+0000.0000472529910516,+0000.0002066194120200,+0000.9823907041724912,+0000.0112816833221618
+0000.0060238650241225,+0000.0000473057428437,+0000.0002050529920520,+0000.9820874416781948,+0000.0116363345627870
+0000.0059743106135301,+0000.0000473141243819,+0000.0002034850365727,+0000.9817795792949019,+0000.0119953109306134
+0000.0059250778874002,+0000.0000472826016090,+0000.0002019166458232,+0000.9814671781837336,+0000.0123585446814338
+0000.0058761676562125,+0000.0000472152490869,+0000.0002003488257765,+0000.9811502996038686,+0000.0127259686650557
+0000.0058275805396616,+0000.0000471157777572,+0000.0001987824953954,+0000.9808290048560562,+0000.0130975163311293
+0000.0057793169811567,+0000.0000469875621337,+0000.0001972184933845,+0000.9805033552306622,+0000.0134731217326631
+0000.0057313772612595,+0000.0000468336665605,+0000.0001956575844667,+0000.9801734119601572,+0000.0138527195275562
+0000.0056837615101328,+0000.0000466568702904,+0000.0001941004652087,+0000.9798392361759248,+0000.0142362449784433
+0000.0056364697190673,+0000.0000464596912224,+0000.0001925477694253,+0000.9795008888691700,+0000.0146236339511148
+0000.0055895017511489,+0000.0000462444082101,+0000.0001910000731862,+0000.9791584308557091,+0000.0150148229117460
+0000.0055428573511293,+0000.0000460130819007,+0000.0001894578994506,+0000.9788119227443749,+0000.0154097489231444
+0000.0054965361545526,+0000.0000457675741053,+0000.0001879217223550,+0000.9784614249087910,+0000.0158083496401961
+0000.0054505376961943,+0000.0000455095657280,+0000.0001863919711755,+0000.9781069974622288,+0000.0162105633046734
+0000.0054048614178596,+0000.0000452405733018,+0000.0001848690339868,+0000.9777487002353076,+0000.0166163287395440
+0000.0053595066755885,+0000.0000449619641909,+0000.0001833532610400,+0000.9773865927562763,+0000.0170255853429041
+0000.0053144727463116,+0000.0000446749705326,+0000.0001818449678767,+0000.9770207342336381,+0000.0174382730816409
+0000.0052697588339962,+0000.0000443807019910,+0000.0001803444382000,+0000.9766511835408953,+0000.0178543324849175
+0000.0052253640753212,+0000.0000440801574014,+0000.0001788519265187,+0000.9762779992032027,+0000.0182737046375558
+0000.0051812875449158,+0000.0000437742353840,+0000.0001773676605816,+0000.9759012393857327,+0000.0186963311733859
+0000.0051375282601959,+0000.0000434637440004,+0000.0001758918436172,+0000.9755209618835706,+0000.0191221542686161
+0000.0050940851858270,+0000.0000431494095307,+0000.0001744246563936,+0000.9751372241129774,+0000.0195511166352714
+0000.0050509572378442,+0000.0000428318844382,+0000.0001729662591118,+0000.9747500831038693,+0000.0199831615147367
+0000.0050081432874545,+0000.0000425117545914,+0000.0001715167931451,+0000.9743595954933710,+0000.0204182326714379
+0000.0049656421645462,+0000.0000421895458054,+0000.0001700763826369,+0000.9739658175203280,+0000.0208562743866838
+0000.0049234526609285,+0000.0000418657297622,+0000.0001686451359669,+0000.9735688050206539,+0000.0212972314526884
+0000.0048815735333221,+0000.0000415407293639,+0000.0001672231470972,+0000.9731686134234291,+0000.0217410491667877
+0000.0048400035061213,+0000.0000412149235707,+0000.0001658104968063,+0000.9727652977476405,+0000.0221876733258611
+0000.0047987412739437,+0000.0000408886517709,+0000.0001644072538212,+0000.9723589125995011,+0000.0226370502209632
+0000.0047577855039867,+0000.0000405622177247,+0000.0001630134758552,+0000.9719495121702632,+0000.0230891266321702
+0000.0047171348382048,+0000.0000402358931232,+0000.0001616292105584,+0000.9715371502344723,+0000.0235438498236412
+0000.0046767878953219,+0000.0000399099207971,+0000.0001602544963891,+0000.9711218801486003,+0000.0240011675388917
+0000.0046367432726931,+0000.0000395845176102,+0000.0001588893634114,+0000.9707037548500068,+0000.0244610279962786
+0000.0045969995480260,+0000.0000392598770666,+0000.0001575338340258,+0000.9702828268561932,+0000.0249233798846886
+0000.0045575552809757,+0000.0000389361716588,+0000.0001561879236380,+0000.9698591482643002,+0000.0253881723594272
+0000.0045184090146204,+0000.0000386135549839,+0000.0001548516412707,+0000.9694327707508269,+0000.0258553550382981
+0000.0044795592768303,+0000.0000382921636472,+0000.0001535249901239,+0000.9690037455715310,+0000.0263248779978675
+0000.0044410045815363,+0000.0000379721189773,+0000.0001522079680868,+0000.9685721235614957,+0000.0267966917699040
+0000.0044027434299074,+0000.0000376535285692,+0000.0001509005682071,+0000.9681379551353309,+0000.0272707473379852
+0000.0043647743114447,+0000.0000373364876724,+0000.0001496027791187,+0000.9677012902875022,+0000.0277469961342620
+0000.0043270957049978,+0000.0000370210804401,+0000.0001483145854346,+0000.9672621785927555,+0000.0282253900363717
+0000.0042897060797106,+0000.0000367073810534,+0000.0001470359681043,+0000.9668206692066411,+0000.0287058813644905
+0000.0042526038959015,+0000.0000363954547317,+0000.0001457669047421,+0000.9663768108661087,+0000.0291884228785160
+0000.0042157876058847,+0000.0000360853586416,+0000.0001445073699262,+0000.9659306518901769,+0000.0296729677753704
+0000.0041792556547355,+0000.0000357771427146,+0000.0001432573354724,+0000.9654822401806604,+0000.0301594696864170
+0000.0041430064810055,+0000.0000354708503817,+0000.0001420167706846,+0000.9650316232229493,+0000.0306478826749789
+0000.0041070385173911,+0000.0000351665192348,+0000.0001407856425832,+0000.9645788480868375,+0000.0311381612339532
+0000.0040713501913595,+0000.0000348641816203,+0000.0001395639161144,+0000.9641239614273930,+0000.0316302602835129
+0000.0040359399257350,+0000.0000345638651733,+0000.0001383515543408,+0000.9636670094858644,+0000.0321241351688864
+0000.0040008061392491,+0000.0000342655932979,+0000.0001371485186165,+0000.9632080380906256,+0000.0326197416582106
+0000.0039659472470572,+0000.0000339693855989,+0000.0001359547687466,+0000.9627470926581505,+0000.0331170359404469
+0000.0039313616612250,+0000.0000336752582692,+0000.0001347702631326,+0000.9622842181940170,+0000.0336159746233562
+0000.0038970477911856,+0000.0000333832244391,+0000.0001335949589067,+0000.9618194592939440,+0000.0341165147315247
+0000.0038630040441713,+0000.0000330932944897,+0000.0001324288120530,+0000.9613528601448507,+0000.0346186137044354
+0000.0038292288256209,+0000.0000328054763341,+0000.0001312717775192,+0000.9608844645259460,+0000.0351222293945796
+0000.0037957205395645,+0000.0000325197756715,+0000.0001301238093189,+0000.9604143158098427,+0000.0356273200656023
+0000.0037624775889882,+0000.0000322361962140,+0000.0001289848606245,+0000.9599424569636957,+0000.0361338443904773
+0000.0037294983761790,+0000.0000319547398919,+0000.0001278548838530,+0000.9594689305503687,+0000.0366417614497075
+0000.0036967813030527,+0000.0000316754070373,+0000.0001267338307436,+0000.9589937787296214,+0000.0371510307295448
+0000.0036643247714649,+0000.0000313981965494,+0000.0001256216524298,+0000.9585170432593279,+0000.0376616121202277
+0000.0036321271835073,+0000.0000311231060435,+0000.0001245182995046,+0000.9580387654967143,+0000.0381734659142303
+0000.0036001869417890,+0000.0000308501319841,+0000.0001234237220803,+0000.9575589863996243,+0000.0386865528045220
+0000.0035685024497057,+0000.0000305792698057,+0000.0001223378698438,+0000.9570777465278126,+0000.0392008338828321
+0000.0035370721116960,+0000.0000303105140203,+0000.0001212606921071,+0000.9565950860442574,+0000.0397162706379192
+0000.0035058943334865,+0000.0000300438583148,+0000.0001201921378532,+0000.9561110447165058,+0000.0402328249538398
+0000.0034749675223257,+0000.0000297792956381,+0000.0001191321557784,+0000.9556256619180413,+0000.0407504591082165
+0000.0034442900872092,+0000.0000295168182803,+0000.0001180806943319,+0000.9551389766296770,+0000.0412691357705015
+0000.0034138604390942,+0000.0000292564179426,+0000.0001170377017508,+0000.9546510274409777,+0000.0417888180002348
+0000.0033836769911056,+0000.0000289980858014,+0000.0001160031260934,+0000.9541618525517054,+0000.0423094692452944
+0000.0033537381587346,+0000.0000287418125652,+0000.0001149769152694,+0000.9536714897732931,+0000.0428310533401379
+0000.0033240423600287,+0000.0000284875885263,+0000.0001139590170676,+0000.9531799765303444,+0000.0433535345040332
+0000.0032945880157746,+0000.0000282354036069,+0000.0001129493791813,+0000.9526873498621601,+0000.0438768773392773
+0000.0032653735496744,+0000.0000279852474011,+0000.0001119479492323,+0000.9521936464242891,+0000.0444010468294030
+0000.0032363973885153,+0000.0000277371092121,+0000.0001109546747926,+0000.9516989024901092,+0000.0449260083373711
+0000.0032076579623327,+0000.0000274909780862,+0000.0001099695034040,+0000.9512031539524286,+0000.0454517276037485
+0000.0031791537045682,+0000.0000272468428431,+0000.0001089923825974,+0000.9507064363251204,+0000.0459781707448706
+0000.0031508830522210,+0000.0000270046921035,+0000.0001080232599090,+0000.9502087847447778,+0000.0465053042509890
+0000.0031228444459949,+0000.0000267645143137,+0000.0001070620828972,+0000.9497102339723926,+0000.0470330949844013
+0000.0030950363304403,+0000.0000265262977678,+0000.0001061087991563,+0000.9492108183950689,+0000.0475615101775664
+0000.0030674571540900,+0000.0000262900306281,+0000.0001051633563309,+0000.9487105720277502,+0000.0480905174312008
+0000.0030401053695925,+0000.0000260557009428,+0000.0001042257021279,+0000.9482095285149769,+0000.0486200847123600
+0000.0030129794338388,+0000.0000258232966626,+0000.0001032957843287,+0000.9477077211326683,+0000.0491501803525012
+0000.0029860778080866,+0000.0000255928056553,+0000.0001023735507998,+0000.9472051827899282,+0000.0496807730455299
+0000.0029593989580795,+0000.0000253642157192,+0000.0001014589495029,+0000.9467019460308694,+0000.0502118318458289
+0000.0029329413541623,+0000.0000251375145951,+0000.0001005519285046,+0000.9461980430364674,+0000.0507433261662706
+0000.0029067034713929,+0000.0000249126899773,+0000.0000996524359851,+0000.9456935056264321,+0000.0512752257762125
+0000.0028806837896505,+0000.0000246897295231,+0000.0000987604202463,+0000.9451883652611038,+0000.0518075007994762
+0000.0028548807937401,+0000.0000244686208620,+0000.0000978758297194,+0000.9446826530433688,+0000.0523401217123096
+0000.0028292929734933,+0000.0000242493516035,+0000.0000969986129723,+0000.9441763997205970,+0000.0528730593413339
+0000.0028039188238666,+0000.0000240319093445,+0000.0000961287187165,+0000.9436696356865983,+0000.0534062848614738
+0000.0027787568450358,+0000.0000238162816759,+0000.0000952660958127,+0000.9431623909836020,+0000.0539397697938736
+0000.0027538055424877,+0000.0000236024561887,+0000.0000944106932773,+0000.9426546953042488,+0000.0544734860037972
+0000.0027290634271083,+0000.0000233904204789,+0000.0000935624602877,+0000.9421465779936106,+0000.0550074056985145
+0000.0027045290152687,+0000.0000231801621531,+0000.0000927213461876,+0000.9416380680512179,+0000.0555415014251726
+0000.0026802008289076,+0000.0000229716688325,+0000.0000918873004919,+0000.9411291941331127,+0000.0560757460686551
+0000.0026560773956116,+0000.0000227649281571,+0000.0000910602728911,+0000.9406199845539137,+0000.0566101128494261
+0000.0026321572486919,+0000.0000225599277895,+0000.0000902402132558,+0000.9401104672888992,+0000.0571445753213635
+0000.0026084389272594,+0000.0000223566554179,+0000.0000894270716409,+0000.9396006699761033,+0000.0576791073695785
+0000.0025849209762965,+0000.0000221550987596,+0000.0000886207982893,+0000.9390906199184296,+0000.0582136832082249
+0000.0025616019467266,+0000.0000219552455636,+0000.0000878213436354,+0000.9385803440857782,+0000.0587482773782962
+0000.0025384803954812,+0000.0000217570836130,+0000.0000870286583089,+0000.9380698691171842,+0000.0592828647454128
+0000.0025155548855646,+0000.0000215606007275,+0000.0000862426931377,+0000.9375592213229713,+0000.0598174204975987
+0000.0024928239861161,+0000.0000213657847655,+0000.0000854633991512,+0000.9370484266869183,+0000.0603519201430490
+0000.0024702862724699,+0000.0000211726236259,+0000.0000846907275830,+0000.9365375108684325,+0000.0608863395078885
+0000.0024479403262133,+0000.0000209811052502,+0000.0000839246298740,+0000.9360264992047412,+0000.0614206547339213
+0000.0024257847352418,+0000.0000207912176236,+0000.0000831650576746,+0000.9355154167130866,+0000.0619548422763735
+0000.0024038180938126,+0000.0000206029487770,+0000.0000824119628473,+0000.9350042880929349,+0000.0624888789016280
+0000.0023820390025962,+0000.0000204162867880,+0000.0000816652974691,+0000.9344931377281944,+0000.0630227416849522
+0000.0023604460687252,+0000.0000202312197825,+0000.0000809250138336,+0000.9339819896894382,+0000.0635564080082204
+0000.0023390379058418,+0000.0000200477359355,+0000.0000801910644533,+0000.9334708677361394,+0000.0640898555576298
+0000.0023178131341430,+0000.0000198658234723,+0000.0000794634020612,+0000.9329597953189122,+0000.0646230623214114
+0000.0022967703804235,+0000.0000196854706696,+0000.0000787419796129,+0000.9324487955817573,+0000.0651560065875369
+0000.0022759082781179,+0000.0000195066658560,+0000.0000780267502886,+0000.9319378913643172,+0000.0656886669414203
+0000.0022552254673392,+0000.0000193293974135,+0000.0000773176674941,+0000.9314271052041359,+0000.0662210222636176
+0000.0022347205949173,+0000.0000191536537776,+0000.0000766146848630,+0000.9309164593389203,+0000.0667530517275218
+0000.0022143923144345,+0000.0000189794234381,+0000.0000759177562581,+0000.9304059757088128,+0000.0672847347970564
+0000.0021942392862595,+0000.0000188066949404,+0000.0000752268357725,+0000.9298956759586612,+0000.0678160512243663
+0000.0021742601775801,+0000.0000186354568850,+0000.0000745418777310,+0000.9293855814402965,+0000.0683469810475075
+0000.0021544536624338,+0000.0000184656979290,+0000.0000738628366916,+0000.9288757132148103,+0000.0688775045881354
+0000.0021348184217369,+0000.0000182974067861,+0000.0000731896674464,+0000.9283660920548380,+0000.0694076024491926
+0000.0021153531433115,+0000.0000181305722272,+0000.0000725223250229,+0000.9278567384468412,+0000.0699372555125969
+0000.0020960565219121,+0000.0000179651830810,+0000.0000718607646849,+0000.9273476725933931,+0000.0704664449369291
+0000.0020769272592491,+0000.0000178012282339,+0000.0000712049419334,+0000.9268389144154618,+0000.0709951521551214
+0000.0020579640640120,+0000.0000176386966309,+0000.0000705548125076,+0000.9263304835547012,+0000.0715233588721483
+0000.0020391656518903,+0000.0000174775772756,+0000.0000699103323857,+0000.9258223993757311,+0000.0720510470627174
+0000.0020205307455936,+0000.0000173178592306,+0000.0000692714577859,+0000.9253146809684265,+0000.0725781989689634
+0000.0020020580748697,+0000.0000171595316179,+0000.0000686381451664,+0000.9248073471502015,+0000.0731047970981443
+0000.0019837463765213,+0000.0000170025836189,+0000.0000680103512271,+0000.9243004164682924,+0000.0736308242203405
+0000.0019655943944220,+0000.0000168470044747,+0000.0000673880329092,+0000.9237939072020371,+0000.0741562633661569
+0000.0019476008795299,+0000.0000166927834866,+0000.0000667711473966,+0000.9232878373651575,+0000.0746810978244293
+0000.0019297645899009,+0000.0000165399100159,+0000.0000661596521156,+0000.9227822247080336,+0000.0752053111399340
+0000.0019120842906997,+0000.0000163883734843,+0000.0000655535047360,+0000.9222770867199772,+0000.0757288871111026
+0000.0018945587542106,+0000.0000162381633737,+0000.0000649526631712,+0000.9217724406315033,+0000.0762518097877412
+0000.0018771867598459,+0000.0000160892692271,+0000.0000643570855785,+0000.9212683034165940,+0000.0767740634687544
+0000.0018599670941541,+0000.0000159416806477,+0000.0000637667303595,+0000.9207646917949629,+0000.0772956326998759
+0000.0018428985508262,+0000.0000157953872999,+0000.0000631815561605,+0000.9202616222343103,+0000.0778165022714033
+0000.0018259799307011,+0000.0000156503789088,+0000.0000626015218724,+0000.9197591109525772,+0000.0783366572159404
+0000.0018092100417700,+0000.0000155066452606,+0000.0000620265866311,+0000.9192571739201929,+0000.0788560828061453
+0000.0017925876991792,+0000.0000153641762025,+0000.0000614567098175,+0000.9187558268623153,+0000.0793747645524851
+0000.0017761117252325,+0000.0000152229616427,+0000.0000608918510579,+0000.9182550852610686,+0000.0798926882009985
+0000.0017597809493916,+0000.0000150829915508,+0000.0000603319702234,+0000.9177549643577704,+0000.0804098397310640
+0000.0017435942082763,+0000.0000149442559571,+0000.0000597770274307,+0000.9172554791551579,+0000.0809262053531780
+0000.0017275503456636,+0000.0000148067449535,+0000.0000592269830416,+0000.9167566444196021,+0000.0814417715067391
+0000.0017116482124846,+0000.0000146704486927,+0000.0000586817976629,+0000.9162584746833187,+0000.0819565248578412
+0000.0016958866668225,+0000.0000145353573889,+0000.0000581414321467,+0000.9157609842465677,+0000.0824704522970744
+0000.0016802645739075,+0000.0000144014613170,+0000.0000576058475898,+0000.9152641871798499,+0000.0829835409373358
+0000.0016647808061123,+0000.0000142687508134,+0000.0000570750053339,+0000.9147680973260927,+0000.0834957781116477
+0000.0016494342429459,+0000.0000141372162753,+0000.0000565488669652,+0000.9142727283028274,+0000.0840071513709863
+0000.0016342237710469,+0000.0000140068481611,+0000.0000560273943143,+0000.9137780935043597,+0000.0845176484821183
+0000.0016191482841751,+0000.0000138776369898,+0000.0000555105494557,+0000.9132842061039306,+0000.0850272574254487
+0000.0016042066832040,+0000.0000137495733418,+0000.0000549982947079,+0000.9127910790558695,+0000.0855359663928769
+0000.0015893978761100,+0000.0000136226478579,+0000.0000544905926327,+0000.9122987250977362,+0000.0860437637856633
+0000.0015747207779634,+0000.0000134968512398,+0000.0000539874060353,+0000.9118071567524546,+0000.0865506382123068
+0000.0015601743109162,+0000.0000133721742498,+0000.0000534886979634,+0000.9113163863304390,+0000.0870565784864316
+0000.0015457574041911,+0000.0000132486077108,+0000.0000529944317071,+0000.9108264259317063,+0000.0875615736246848
+0000.0015314689940683,+0000.0000131261425061,+0000.0000525045707984,+0000.9103372874479820,+0000.0880656128446450
+0000.0015173080238725,+0000.0000130047695793,+0000.0000520190790109,+0000.9098489825647952,+0000.0885686855627420
+0000.0015032734439586,+0000.0000128844799344,+0000.0000515379203591,+0000.9093615227635613,+0000.0890707813921863
+0000.0014893642116971,+0000.0000127652646353,+0000.0000510610590980,+0000.9088749193236578,+0000.0895718901409116
+0000.0014755792914584,+0000.0000126471148059,+0000.0000505884597225,+0000.9083891833244866,+0000.0900720018095269
+0000.0014619176545969,+0000.0000125300216300,+0000.0000501200869669,+0000.9079043256475252,+0000.0905711065892811
+0000.0014483782794340,+0000.0000124139763510,+0000.0000496559058046,+0000.9074203569783710,+0000.0910691948600392
+0000.0014349601512408,+0000.0000122989702720,+0000.0000491958814468,+0000.9069372878087705,+0000.0915662571882697
+0000.0014216622622200,+0000.0000121849947553,+0000.0000487399793428,+0000.9064551284386375,+0000.0920622843250442
+0000.0014084836114874,+0000.0000120720412226,+0000.0000482881651784,+0000.9059738889780627,+0000.0925572672040489
+0000.0013954232050525,+0000.0000119601011545,+0000.0000478404048762,+0000.9054935793493084,+0000.0930511969396081
+0000.0013824800557988,+0000.0000118491660907,+0000.0000473966645941,+0000.9050142092887959,+0000.0935440648247204
+0000.0013696531834635,+0000.0000117392276295,+0000.0000469569107250,+0000.9045357883490758,+0000.0940358623291061
+0000.0013569416146163,+0000.0000116302774277,+0000.0000465211098964,+0000.9040583259007915,+0000.0945265810972682
+0000.0013443443826387,+0000.0000115223072006,+0000.0000460892289687,+0000.9035818311346271,+0000.0950162129465649
+0000.0013318605277014,+0000.0000114153087217,+0000.0000456612350357,+0000.9031063130632456,+0000.0955047498652955
+0000.0013194890967423,+0000.0000113092738223,+0000.0000452370954227,+0000.9026317805232142,+0000.0959921840107981
+0000.0013072291434434,+0000.0000112041943917,+0000.0000448167776865,+0000.9021582421769176,+0000.0964785077075608
+0000.0012950797282078,+0000.0000111000623767,+0000.0000444002496141,+0000.9016857065144566,+0000.0969637134453445
+0000.0012830399181355,+0000.0000109968697816,+0000.0000439874792223,+0000.9012141818555399,+0000.0974477938773206
+0000.0012711087869997,+0000.0000108946086676,+0000.0000435784347566,+0000.9007436763513570,+0000.0979307418182190
+0000.0012592854152216,+0000.0000107932711533,+0000.0000431730846903,+0000.9002741979864437,+0000.0984125502424912
+0000.0012475688898460,+0000.0000106928494137,+0000.0000427713977239,+0000.8998057545805315,+0000.0988932122824852
+0000.0012359583045152,+0000.0000105933356806,+0000.0000423733427841,+0000.8993383537903863,+0000.0993727212266340
+0000.0012244527594439,+0000.0000104947222419,+0000.0000419788890228,+0000.8988720031116350,+0000.0998510705176569
+0000.0012130513613924,+0000.0000103970014417,+0000.0000415880058165,+0000.8984067098805752,+0000.1003282537507741
+0000.0012017532236405,+0000.0000103001656801,+0000.0000412006627650,+0000.8979424812759801,+0000.1008042646719342
+0000.0011905574659606,+0000.0000102042074127,+0000.0000408168296908,+0000.8974793243208802,+0000.1012790971760558
+0000.0011794632145901,+0000.0000101091191506,+0000.0000404364766380,+0000.8970172458843407,+0000.1017527453052805
+0000.0011684696022046,+0000.0000100148934599,+0000.0000400595738716,+0000.8965562526832226,+0000.1022252032472411
+0000.0011575757678893,+0000.0000099215229618,+0000.0000396860918760,+0000.8960963512839307,+0000.1026964653333423
+0000.0011467808571116,+0000.0000098290003322,+0000.0000393160013546,+0000.8956375481041476,+0000.1031665260370539
+0000.0011360840216921,+0000.0000097373183014,+0000.0000389492732287,+0000.8951798494145591,+0000.1036353799722188
+0000.0011254844197764,+0000.0000096464696539,+0000.0000385858786364,+0000.8947232613405606,+0000.1041030218913726
+0000.0011149812158058,+0000.0000095564472282,+0000.0000382257889314,+0000.8942677898639559,+0000.1045694466840787
+0000.0011045735804886,+0000.0000094672439165,+0000.0000378689756826,+0000.8938134408246385,+0000.1050346493752739
+0000.0010942606907699,+0000.0000093788526644,+0000.0000375154106725,+0000.8933602199222631,+0000.1054986251236301
+0000.0010840417298029,+0000.0000092912664708,+0000.0000371650658965,+0000.8929081327179023,+0000.1059613692199273
+0000.0010739158869183,+0000.0000092044783875,+0000.0000368179135619,+0000.8924571846356912,+0000.1064228770854409
+0000.0010638823575945,+0000.0000091184815189,+0000.0000364739260864,+0000.8920073809644581,+0000.1068831442703421
+0000.0010539403434273,+0000.0000090332690221,+0000.0000361330760979,+0000.8915587268593417,+0000.1073421664521113
+0000.0010440890520994,+0000.0000089488341060,+0000.0000357953364327,+0000.8911112273433970,+0000.1077999394339649
+0000.0010343276973497,+0000.0000088651700318,+0000.0000354606801348,+0000.8906648873091878,+0000.1082564591432959
+0000.0010246554989427,+0000.0000087822701120,+0000.0000351290804547,+0000.8902197115203642,+0000.1087117216301265
+0000.0010150716826371,+0000.0000087001277106,+0000.0000348005108486,+0000.8897757046132284,+0000.1091657230655754
+0000.0010055754801549,+0000.0000086187362428,+0000.0000344749449769,+0000.8893328710982885,+0000.1096184597403369
+0000.0009961661291504,+0000.0000085380891747,+0000.0000341523567035,+0000.8888912153617972,+0000.1100699280631743
+0000.0009868428731779,+0000.0000084581800226,+0000.0000338327200947,+0000.8884507416672793,+0000.1105201245594254
+0000.0009776049616612,+0000.0000083790023535,+0000.0000335160094178,+0000.8880114541570455,+0000.1109690458695221
+0000.0009684516498610,+0000.0000083005497842,+0000.0000332021991403,+0000.8875733568536929,+0000.1114166887475219
+0000.0009593821988436,+0000.0000082228159814,+0000.0000328912639287,+0000.8871364536615924,+0000.1118630500596540
+0000.0009503958754489,+0000.0000081457946612,+0000.0000325831786477,+0000.8867007483683657,+0000.1123081267828764
+0000.0009414919522583,+0000.0000080694795890,+0000.0000322779183584,+0000.8862662446463462,+0000.1127519160034481
+0000.0009326697075628,+0000.0000079938645789,+0000.0000319754583181,+0000.8858329460540281,+0000.1131944149155120
+0000.0009239284253305,+0000.0000079189434941,+0000.0000316757739783,+0000.8854008560375042,+0000.1136356208196928
+0000.0009152673951744,+0000.0000078447102456,+0000.0000313788409843,+0000.8849699779318895,+0000.1140755311217061
+0000.0009066859123205,+0000.0000077711587930,+0000.0000310846351738,+0000.8845403149627314,+0000.1145141433309810
+0000.0008981832775748,+0000.0000076982831436,+0000.0000307931325758,+0000.8841118702474102,+0000.1149514550592954
+0000.0008897587972911,+0000.0000076260773520,+0000.0000305043094095,+0000.8836846467965233,+0000.1153874640194239
+0000.0008814117833387,+0000.0000075545355205,+0000.0000302181420831,+0000.8832586475152596,+0000.1158221680237981
+0000.0008731415530693,+0000.0000074836517979,+0000.0000299346071928,+0000.8828338752047599,+0000.1162555649831799
+0000.0008649474292851,+0000.0000074134203802,+0000.0000296536815217,+0000.8824103325634659,+0000.1166876529053471
+0000.0008568287402056,+0000.0000073438355095,+0000.0000293753420387,+0000.8819880221884552,+0000.1171184298937912
+0000.0008487848194352,+0000.0000072748914741,+0000.0000290995658972,+0000.8815669465767650,+0000.1175478941464283
+0000.0008408150059306,+0000.0000072065826083,+0000.0000288263304341,+0000.8811471081267056,+0000.1179760439543214
+0000.0008329186439680,+0000.0000071389032920,+0000.0000285556131687,+0000.8807285091391551,+0000.1184028777004160
+0000.0008250950831102,+0000.0000070718479502,+0000.0000282873918015,+0000.8803111518188504,+0000.1188283938582875
+0000.0008173436781743,+0000.0000070054110532,+0000.0000280216442132,+0000.8798950382756594,+0000.1192525909909002
+0000.0008096637891987,+0000.0000069395871158,+0000.0000277583484636,+0000.8794801705258428,+0000.1196754677493790
+0000.0008020547814107,+0000.0000068743706974,+0000.0000274974827902,+0000.8790665504933077,+0000.1200970228717937
+0000.0007945160251935,+0000.0000068097564017,+0000.0000272390256073,+0000.8786541800108432,+0000.1205172551819544
+0000.0007870468960535,+0000.0000067457388762,+0000.0000269829555049,+0000.8782430608213467,+0000.1209361635882185
+0000.0007796467745880,+0000.0000066823128118,+0000.0000267292512476,+0000.8778331945790416,+0000.1213537470823110
+0000.0007723150464524,+0000.0000066194729433,+0000.0000264778917733,+0000.8774245828506757,+0000.1217700047381551
+0000.0007650511023275,+0000.0000065572140480,+0000.0000262288561923,+0000.8770172271167167,+0000.1221849357107155
+0000.0007578543378871,+0000.0000064955309464,+0000.0000259821237858,+0000.8766111287725277,+0000.1225985392348527
+0000.0007507241537652,+0000.0000064344185013,+0000.0000257376740054,+0000.8762062891295385,+0000.1230108146241897
+0000.0007436599555241,+0000.0000063738716178,+0000.0000254954864715,+0000.8758027094163978,+0000.1234217612699889
+0000.0007366611536212,+0000.0000063138852431,+0000.0000252555409724,+0000.8754003907801216,+0000.1238313786400420
+0000.0007297271633773,+0000.0000062544543657,+0000.0000250178174629,+0000.8749993342872239,+0000.1242396662775701
+0000.0007228574049438,+0000.0000061955740159,+0000.0000247822960638,+0000.8745995409248407,+0000.1246466238001356
+0000.0007160513032708,+0000.0000061372392650,+0000.0000245489570601,+0000.8742010116018393,+0000.1250522508985651
+0000.0007093082880745,+0000.0000060794452251,+0000.0000243177809003,+0000.8738037471499160,+0000.1254565473358839
+0000.0007026277938055,+0000.0000060221870488,+0000.0000240887481953,+0000.8734077483246896,+0000.1258595129462609
+0000.0006960092596162,+0000.0000059654599292,+0000.0000238618397169,+0000.8730130158067723,+0000.1262611476339653
+0000.0006894521293293,+0000.0000059092590994,+0000.0000236370363975,+0000.8726195502028403,+0000.1266614513723336
+0000.0006829558514056,+0000.0000058535798320,+0000.0000234143193281,+0000.8722273520466868,+0000.1270604242027474
+0000.0006765198789123,+0000.0000057984174394,+0000.0000231936697579,+0000.8718364218002677,+0000.1274580662336230
+0000.0006701436694910,+0000.0000057437672731,+0000.0000229750690925,+0000.8714467598547332,+0000.1278543776394102
+0000.0006638266853262,+0000.0000056896247235,+0000.0000227584988939,+0000.8710583665314537,+0000.1282493586596032
+0000.0006575683931137,+0000.0000056359852195,+0000.0000225439408781,+0000.8706712420830280,+0000.1286430095977607
+0000.0006513682640292,+0000.0000055828442288,+0000.0000223313769152,+0000.8702853866942886,+0000.1290353308205380
+0000.0006452257736966,+0000.0000055301972569,+0000.0000221207890276,+0000.8699008004832905,+0000.1294263227567281
+0000.0006391404021568,+0000.0000054780398472,+0000.0000219121593890,+0000.8695174835022932,+0000.1298159858963139
+0000.0006331116338366,+0000.0000054263675809,+0000.0000217054703236,+0000.8691354357387285,+0000.1302043207895303
+0000.0006271389575176,+0000.0000053751760762,+0000.0000215007043050,+0000.8687546571161641,+0000.1305913280459371
+0000.0006212218663050,+0000.0000053244609887,+0000.0000212978439549,+0000.8683751474952504,+0000.1309770083335012
+0000.0006153598575969,+0000.0000052742180105,+0000.0000210968720421,+0000.8679969066746610,+0000.1313613623776893
+0000.0006095524330532,+0000.0000052244428704,+0000.0000208977714817,+0000.8676199343920238,+0000.1317443909605708
+0000.0006037990985652,+0000.0000051751313334,+0000.0000207005253338,+0000.8672442303248378,+0000.1321260949199295
+0000.0005980993642250,+0000.0000051262792006,+0000.0000205051168024,+0000.8668697940913852,+0000.1325064751483866
+0000.0005924527442950,+0000.0000050778823087,+0000.0000203115292346,+0000.8664966252516292,+0000.1328855325925323
+0000.0005868587571774,+0000.0000050299365299,+0000.0000201197461195,+0000.8661247233081062,+0000.1332632682520673
+0000.0005813169253842,+0000.0000049824377717,+0000.0000199297510869,+0000.8657540877068032,+0000.1336396831789544
+0000.0005758267755068,+0000.0000049353819766,+0000.0000197415279065,+0000.8653847178380316,+0000.1340147784765785
+0000.0005703878381864,+0000.0000048887651218,+0000.0000195550604870,+0000.8650166130372869,+0000.1343885552989177
+0000.0005649996480840,+0000.0000048425832187,+0000.0000193703328748,+0000.8646497725861009,+0000.1347610148497217
+0000.0005596617438503,+0000.0000047968323133,+0000.0000191873292531,+0000.8642841957128820,+0000.1351321583817009
+0000.0005543736680968,+0000.0000047515084852,+0000.0000190060339409,+0000.8639198815937524,+0000.1355019871957245
+0000.0005491349673655,+0000.0000047066078480,+0000.0000188264313919,+0000.8635568293533673,+0000.1358705026400272
+0000.0005439451921004,+0000.0000046621265484,+0000.0000186485061936,+0000.8631950380657324,+0000.1362377061094253
+0000.0005388038966173,+0000.0000046180607666,+0000.0000184722430662,+0000.8628345067550082,+0000.1366035990445417
+0000.0005337106390758,+0000.0000045744067155,+0000.0000182976268619,+0000.8624752343963072,+0000.1369681829310399
+0000.0005286649814494,+0000.0000045311606408,+0000.0000181246425634,+0000.8621172199164804,+0000.1373314592988660
+0000.0005236664894973,+0000.0000044883188208,+0000.0000179532752832,+0000.8617604621948973,+0000.1376934297215013
