+0001.0000000000000000,+0000.0000000000000000,+0000.0000000000000000,+0000.0000000000000000,+0000.0000000000000000,+0000.0000000000000000,+0000.0000000000000000,+0000.0000000000000000,+0000.0000000000000000,+0000.0000000000000000,+0000.0000000000000000,+0000.0000000000000000
+0000.9999540985208949,+0000.0000240946078419,+0000.0000217459075560,+0000.0000000001451489,+0000.0000000005805814,+0000.0000000000000004,+0000.0000000000000056,+0000.0000000000000000,+0000.0000000000000000,+0000.0000000602379711,+0000.0000000000000000,+0000.0000000000000000
+0000.9998204154456453,+0000.0000963653725010,+0000.0000826834854584,+0000.0000000022076260,+0000.0000000092882719,+0000.0000000000000213,+0000.0000000000003546,+0000.0000000000000001,+0000.0000000000000012,+0000.0000005242001201,+0000.0000000000000000,+0000.0000000000000000
+0000.9996042289981667,+0000.0002167740524986,+0000.0001769112239154,+0000.0000000107465931,+0000.0000000470134246,+0000.0000000000002310,+0000.0000000000039556,+0000.0000000000000011,+0000.0000000000000190,+0000.0000020279611949,+0000.0000000000000000,+0000.0000000000000000
+0000.9993099111503146,+0000.0003852585995272,+0000.0002991991500705,+0000.0000000327602659,+0000.0000001485491998,+0000.0000000000012344,+0000.0000000000217205,+0000.0000000000000082,+0000.0000000000001417,+0000.0000054497675172,+0000.0000000000000000,+0000.0000000000000001
+0000.9989410406271841,+0000.0006017340644972,+0000.0004449195479662,+0000.0000000772531030,+0000.0000003625571752,+0000.0000000000044785,+0000.0000000000809190,+0000.0000000000000389,+0000.0000000000006906,+0000.0000118658639465,+0000.0000000000000000,+0000.0000000000000008
+0000.9985005041902346,+0000.0008660930790468,+0000.0006099842196871,+0000.0000001548567707,+0000.0000007515209713,+0000.0000000000127219,+0000.0000000002359064,+0000.0000000000001407,+0000.0000000000025533,+0000.0000225118819622,+0000.0000000000000003,+0000.0000000000000048
+0000.9979905872432636,+0000.0011782059985101,+0000.0007907877844197,+0000.0000002774989571,+0000.0000013916881997,+0000.0000000000305262,+0000.0000000005807414,+0000.0000000000004187,+0000.0000000000077640,+0000.0000387491671760,+0000.0000000000000012,+0000.0000000000000222
+0000.9974130547484633,+0000.0015379207797237,+0000.0009841565230588,+0000.0000004581146606,+0000.0000023730006803,+0000.0000000000647407,+0000.0000000012632701,+0000.0000000000010779,+0000.0000000000204109,+0000.0000620354838259,+0000.0000000000000046,+0000.0000000000000832
+0000.9967692233753276,+0000.0019450626560365,+0000.0011873022949027,+0000.0000007103951070,+0000.0000037990126113,+0000.0000000001249555,+0000.0000000025003090,+0000.0000000000024797,+0000.0000000000479404,+0000.0000938995900515,+0000.0000000000000143,+0000.0000000000002646
+0000.9960600257375875,+0000.0023994336623066,+0000.0013977810771662,+0000.0000010485699401,+0000.0000057867962045,+0000.0000000002239099,+0000.0000000045936065,+0000.0000000000052149,+0000.0000000001029256,+0000.0001359192303583,+0000.0000000000000393,+0000.0000000000007407
+0000.9952860675052968,+0000.0029008120543702,+0000.0016134557053999,+0000.0000014872187953,+0000.0000084668341896,+0000.0000000003778439,+0000.0000000079463035,+0000.0000000000101929,+0000.0000000002053556,+0000.0001897021402834,+0000.0000000000000977,+0000.0000000000018713
+0000.9944476781124765,+0000.0034489516603002,+0000.0018324624218887,+0000.0000020411087810,+0000.0000119828985418,+0000.0000000006067860,+0000.0000000130796531,+0000.0000000000187460,+0000.0000000003854897,+0000.0002568697027684,+0000.0000000000002229,+0000.0000000000043456
+0000.9935449557166158,+0000.0040435811946001,+0000.0020531808685546,+0000.0000027250547813,+0000.0000164919147766,+0000.0000000009347776,+0000.0000000206497889,+0000.0000000000327486,+0000.0000000006873141,+0000.0003390429361645,+0000.0000000000004743,+0000.0000000000094035
+0000.9925778070056641,+0000.0046844035611768,+0000.0022742071899969,+0000.0000035537998381,+0000.0000221638111754,+0000.0000000013900288,+0000.0000000314643604,+0000.0000000000547478,+0000.0000000011726217,+0000.0004378305302753,+0000.0000000000009504,+0000.0000000000191640
+0000.9915459823913397,+0000.0053710951663899,+0000.0024943299404815,+0000.0000045419131848,+0000.0000291813523578,+0000.0000000020050119,+0000.0000000464988807,+0000.0000000000881055,+0000.0000000019257292,+0000.0005548186796180,+0000.0000000000018089,+0000.0000000000370919
+0000.9904491070749446,+0000.0061033052595859,+0000.0027125085155674,+0000.0000057037037832,+0000.0000377399566749,+0000.0000000028164922,+0000.0000000669126497,+0000.0000000001371480,+0000.0000000030588307,+0000.0006915624923879,+0000.0000000000032921,+0000.0000000000686432
+0000.9892867084233945,+0000.0068806553152037,+0000.0029278538543856,+0000.0000070531474659,+0000.0000480474969830,+0000.0000000038655016,+0000.0000000940641384,+0000.0000000002073203,+0000.0000000047179815,+0000.0008495787797325,+0000.0000000000057608,+0000.0000000001221319
+0000.9880582400488316,+0000.0077027384677036,+0000.0031396111822348,+0000.0000086038260087,+0000.0000603240844363,+0000.0000000051972595,+0000.0000001295257341,+0000.0000000003053439,+0000.0000000070896902,+0000.0010303400531516,+0000.0000000000097366,+0000.0000000002098690
+0000.9867631029447939,+0000.0085691190081600,+0000.0033471445850764,+0000.0000103688766565,+0000.0000748018350364,+0000.0000000068610460,+0000.0000001750977646,+0000.0000000004393735,+0000.0000000104080956,+0000.0012352695784140,+0000.0000000000159549,+0000.0000000003496278
+0000.9854006639953168,+0000.0094793319493066,+0000.0035499232276997,+0000.0000123609508001,+0000.0000917246187654,+0000.0000000089100325,+0000.0000002328217266,+0000.0000000006191514,+0000.0000000149626908,+0000.0014657373525848,+0000.0000000000254299,+0000.0000000005664955
+0000.9839702721402118,+0000.0104328826640819,+0000.0037475090458337,+0000.0000145921806561,+0000.0001113477912281,+0000.0000000114010754,+0000.0000003049926634,+0000.0000000008561559,+0000.0000000211065545,+0000.0017230568868323,+0000.0000000000395316,+0000.0000000008951753
+0000.9824712724499682,+0000.0114292466012466,+0000.0039395457593720,+0000.0000170741529420,+0000.0001339379078217,+0000.0000000143944784,+0000.0000003941706388,+0000.0000000011637422,+0000.0000000292650422,+0000.0020084826918611,+0000.0000000000600775,+0000.0000000013828089
+0000.9809030183368669,+0000.0124678690803978,+0000.0041257490692405,+0000.0000198178886543,+0000.0001597724205434,+0000.0000000179537281,+0000.0000005031912696,+0000.0000000015572728,+0000.0000000399448843,+0000.0023232083753119,+0000.0000000000894399,+0000.0000000020923905
+0000.9792648821048244,+0000.0135481651676514,+0000.0043058979143758,+0000.0000228338281697,+0000.0001891393576346,+0000.0000000221452078,+0000.0000006351752850,+0000.0000000020542362,+0000.0000000537436356,+0000.0026683652714607,+0000.0000000001306694,+0000.0000000031068492
+0000.9775562640189221,+0000.0146695196323765,+0000.0044798266778888,+0000.0000261318209783,+0000.0002223369863453,+0000.0000000270378951,+0000.0000007935370883,+0000.0000000026743516,+0000.0000000713594166,+0000.0030450215332244,+0000.0000000001876350,+0000.0000000045338782
+0000.9757766000562270,+0000.0158312869846231,+0000.0046474182428762,+0000.0000297211194434,+0000.0002596734591830,+0000.0000000327030461,+0000.0000009819923029,+0000.0000000034396588,+0000.0000000936008853,+0000.0034541816249788,+0000.0000000002651836,+0000.0000000065115917
+0000.9739253684822815,+0000.0170327915922610,+0000.0048085978086069,+0000.0000336103760545,+0000.0003014664440812,+0000.0000000392138723,+0000.0000012045642931,+0000.0000000043745910,+0000.0000001213973765,+0000.0038967861621723,+0000.0000000003693174,+0000.0000000092150924
+0000.9720020953821789,+0000.0182733278763302,+0000.0049633273870495,+0000.0000378076437035,+0000.0003480427389987,+0000.0000000466452111,+0000.0000014655896519,+0000.0000000055060313,+0000.0000001558091435,+0000.0043737120502786,+0000.0000000005073908,+0000.0000000128640323
+0000.9700063592613928,+0000.0195521605826743,+0000.0051116009080185,+0000.0000423203785700,+0000.0003997378715182,+0000.0000000550731966,+0000.0000017697226559,+0000.0000000068633507,+0000.0000001980376404,+0000.0048857728814032,+0000.0000000006883277,+0000.0000000177312518
+0000.9679377948192293,+0000.0208685251275750,+0000.0052534398686757,+0000.0000471554452535,+0000.0004568956840776,+0000.0000000645749305,+0000.0000021219386907,+0000.0000000084784284,+0000.0000002494357789,+0000.0054337195519237,+0000.0000000009228575,+0000.0000000241525792
+0000.9657960959868049,+0000.0222216280148195,+0000.0053888894698251,+0000.0000523191238309,+0000.0005198679055141,+0000.0000000752281578,+0000.0000025275366536,+0000.0000000103856538,+0000.0000003115180989,+0000.0060182410689939,+0000.0000000012237719,+0000.0000000325378753
+0000.9635810183116822,+0000.0236106473213996,+0000.0055180151874480,+0000.0000578171185579,+0000.0005890137096567,+0000.0000000871109493,+0000.0000029921403467,+0000.0000000126219097,+0000.0000003859707904,+0000.0066399655176557,+0000.0000000016062013,+0000.0000000433834025
+0000.9612923807625726,+0000.0250347332488592,+0000.0056408997333075,+0000.0000636545679654,+0000.0006646992617373,+0000.0000001003013917,+0000.0000035216988733,+0000.0000000152265389,+0000.0000004746615085,+0000.0072994611637366,+0000.0000000020879105,+0000.0000000572855986
+0000.9589300670197464,+0000.0264930087371626,+0000.0057576403632835,+0000.0000698360561340,+0000.0007472972534337,+0000.0000001148772895,+0000.0000041224860552,+0000.0000000182412921,+0000.0000005796489235,+0000.0079972376707345,+0000.0000000026896134,+0000.0000000749563317
+0000.9564940263098440,+0000.0279845701378502,+0000.0058683464964207,+0000.0000763656249524,+0000.0008371864273877,+0000.0000001309158771,+0000.0000048010988941,+0000.0000000217102603,+0000.0000007031919532,+0000.0087337474115454,+0000.0000000034353057,+0000.0000000972397093
+0000.9539842738376166,+0000.0295084879431684,+0000.0059731376115428,+0000.0000832467871923,+0000.0009347510920682,+0000.0000001484935453,+0000.0000055644550955,+0000.0000000256797909,+0000.0000008477586239,+0000.0095093868582294,+0000.0000000043526160,+0000.0000001251305111
+0000.9514008908615915,+0000.0310638075678114,+0000.0060721413917591,+0000.0000904825402489,+0000.0010403806278731,+0000.0000001676855808,+0000.0000064197896849,+0000.0000000301983889,+0000.0000010160345140,+0000.0103244980350636,+0000.0000000054731724,+0000.0000001597943114
+0000.9487440244557501,+0000.0326495501798825,+0000.0061654920902892,+0000.0000980753804184,+0000.0011544689853821,+0000.0000001885659211,+0000.0000073746507398,+0000.0000000353166046,+0000.0000012109307339,+0000.0111793700219421,+0000.0000000068329851,+0000.0000002025893511
+0000.9460138869948980,+0000.0342647135776706,+0000.0062533290938156,+0000.0001060273175954,+0000.0012774141766835,+0000.0000002112069249,+0000.0000084368942684,+0000.0000000410869082,+0000.0000014355914002,+0000.0120742404967758,+0000.0000000084728434,+0000.0000002550902163
+0000.9432107553975015,+0000.0359082731088472,+0000.0063357956620603,+0000.0001143398902897,+0000.0014096177607120,+0000.0000002356791577,+0000.0000096146782651,+0000.0000000475635535,+0000.0000016934005683,+0000.0130092973069482,+0000.0000000104387254,+0000.0000003191133711
+0000.9403349701562500,+0000.0375791826287059,+0000.0064130378245123,+0000.0001230141808747,+0000.0015514843235360,+0000.0000002620511939,+0000.0000109164559743,+0000.0000000548024309,+0000.0000019879885864,+0000.0139846800611236,+0000.0000000127822190,+0000.0000003967445931
+0000.9373869341834762,+0000.0392763754941006,+0000.0064852034172260,+0000.0001320508309870,+0000.0017034209545378,+0000.0000002903894352,+0000.0000123509683952,+0000.0000000628609118,+0000.0000023232378432,+0000.0150004817337878,+0000.0000000155609537,+0000.0000004903683454
+0000.9343671114957730,+0000.0409987655897822,+0000.0065524412444003,+0000.0001414500570122,+0000.0018658367194266,+0000.0000003207579446,+0000.0000139272360633,+0000.0000000717976851,+0000.0000027032878793,+0000.0160567502758717,+0000.0000000188390403,+0000.0000006026991212
+0000.9312760257596407,+0000.0427452483838829,+0000.0066149003510447,+0000.0001512116655939,+0000.0020391421310199,+0000.0000003532182971,+0000.0000156545501413,+0000.0000000816725874,+0000.0000031325398420,+0000.0171534902256488,+0000.0000000226875174,+0000.0000007368147839
+0000.9281142587177567,+0000.0445147020093589,+0000.0066727293944767,+0000.0001613350691162,+0000.0022237486187216,+0000.0000003878294457,+0000.0000175424628566,+0000.0000000925464285,+0000.0000036156602619,+0000.0182906643148507,+0000.0000000271848034,+0000.0000008961919228
+0000.9248824485134695,+0000.0463059883682667,+0000.0067260761036748,+0000.0001718193011123,+0000.0024200679976122,+0000.0000004246476027,+0000.0000196007773209,+0000.0000001044808123,+0000.0000041575841367,+0000.0194681950656036,+0000.0000000324171519,+0000.0000010847432365
+0000.9215812879293006,+0000.0481179542558206,+0000.0067750868166642,+0000.0001826630315605,+0000.0026285119380550,+0000.0000004637261368,+0000.0000218395367685,+0000.0000001175379562,+0000.0000047635173084,+0000.0206859663743726,+0000.0000000384791083,+0000.0000013068569482
+0000.9182115225536620,+0000.0499494325012552,+0000.0068199060871423,+0000.0001938645820335,+0000.0028494914367033,+0000.0000005051154843,+0000.0000242690132506,+0000.0000001317805078,+0000.0000054389381270,+0000.0219438250796138,+0000.0000000454739676,+0000.0000015674382525
+0000.9147739488885240,+0000.0517992431225980,+0000.0068606763524748,+0000.0002054219406697,+0000.0030834162897781,+0000.0000005488630742,+0000.0000268996958219,+0000.0000001472713622,+0000.0000061895983923,+0000.0232415825102918,+0000.0000000535142289,+0000.0000018719527837
+0000.9112694124095011,+0000.0536661944925384,+0000.0068975376560225,+0000.0002173327769426,+0000.0033306945694606,+0000.0000005950132674,+0000.0000297422782569,+0000.0000001640734797,+0000.0000070215235733,+0000.0245790160128189,+0000.0000000627220478,+0000.0000022264720913
+0000.9076988055886396,+0000.0555490845126700,+0000.0069306274174987,+0000.0002295944562042,+0000.0035917321042261,+0000.0000006436073086,+0000.0000328076463330,+0000.0000001822497056,+0000.0000079410123061,+0000.0259558704543268,+0000.0000000732296831,+0000.0000026377210982
+0000.9040630658891795,+0000.0574467017934708,+0000.0069600802457268,+0000.0002422040539863,+0000.0038669319639163,+0000.0000006946832908,+0000.0000361068647172,+0000.0000002018625919,+0000.0000089546351706,+0000.0273718597004982,+0000.0000000851799365,+0000.0000031131275152
+0000.9003631737405862,+0000.0593578268374752,+0000.0069860277887585,+0000.0002551583700402,+0000.0041566939503232,+0000.0000007482761309,+0000.0000396511634925,+0000.0000002229742237,+0000.0000100692327571,+0000.0288266680664556,+0000.0000000987265844,+0000.0000036608731726
+0000.8966001505013439,+0000.0612812332231888,+0000.0070085986168543,+0000.0002684539421047,+0000.0044614140940302,+0000.0000008044175572,+0000.0000434519243607,+0000.0000002456460487,+0000.0000112919130263,+0000.0303199517394559,+0000.0000001140347996,+0000.0000042899472295
+0000.8927750564162209,+0000.0632156887873875,+0000.0070279181343044,+0000.0002820870593886,+0000.0047814841582247,+0000.0000008631361070,+0000.0000475206665564,+0000.0000002699387131,+0000.0000126300479785,+0000.0318513401723474,+0000.0000001312815614,+0000.0000050102012103
+0000.8888889885740398,+0000.0651599568035395,+0000.0070441085164979,+0000.0002960537757598,+0000.0051172911501675,+0000.0000009244571339,+0000.0000518690325091,+0000.0000002959119018,+0000.0000140912696425,+0000.0334204374469409,+0000.0000001506560534,+0000.0000058324058137
+0000.8849430788713798,+0000.0671127971541855,+0000.0070572886690380,+0000.0003103499226330,+0000.0054692168409734,+0000.0000009884028245,+0000.0000565087732859,+0000.0000003236241863,+0000.0000156834654009,+0000.0350268236066116,+0000.0000001723600464,+0000.0000067683094347
+0000.8809384919870633,+0000.0690729674952056,+0000.0070675742060426,+0000.0003249711215502,+0000.0058376372943220,+0000.0000010549922234,+0000.0000614517338499,+0000.0000003531328786,+0000.0000174147726696,+0000.0366700559575962,+0000.0000001966082665,+0000.0000078306983324
+0000.8768764233718012,+0000.0710392244100023,+0000.0070750774450841,+0000.0003399127964496,+0000.0062229224046896,+0000.0000011242412660,+0000.0000667098381673,+0000.0000003844938922,+0000.0000192935729499,+0000.0383496703385800,+0000.0000002236287463,+0000.0000090334583717
+0000.8727580972569026,+0000.0730103245517227,+0000.0070799074164985,+0000.0003551701856182,+0000.0066254354456535,+0000.0000011961628190,+0000.0000722950741951,+0000.0000004177616113,+0000.0000213284852750,+0000.0400651823582824,+0000.0000002536631589,+0000.0000103916382629
+0000.8685847646855457,+0000.0749850257717407,+0000.0070821698850441,+0000.0003707383533285,+0000.0070455326287907,+0000.0000012707667271,+0000.0000782194787817,+0000.0000004529887678,+0000.0000235283590723,+0000.0418160886008510,+0000.0000002869671322,+0000.0000119215142181
+0000.8643577015697472,+0000.0769620882327152,+0000.0070819673821157,+0000.0003866122011546,+0000.0074835626736553,+0000.0000013480598661,+0000.0000844951225099,+0000.0000004902263261,+0000.0000259022664664,+0000.0436018677989623,+0000.0000003238105448,+0000.0000136406559368
+0000.8600782067758147,+0000.0789402755046383,+0000.0070793992469184,+0000.0004027864789700,+0000.0079398663892863,+0000.0000014280462010,+0000.0000911340945125,+0000.0000005295233761,+0000.0000284594940457,+0000.0454219819746047,+0000.0000003644778008,+0000.0000155679938318
+0000.8557476002407778,+0000.0809183556423798,+0000.0070745616751880,+0000.0004192557956257,+0000.0084147762676604,+0000.0000015107268494,+0000.0000981484872896,+0000.0000005709270359,+0000.0000312095341200,+0000.0472758775475879,+0000.0000004092680839,+0000.0000177238874017
+0000.8513672211220003,+0000.0828951022433301,+0000.0070675477742044,+0000.0004360146293104,+0000.0089086160894714,+0000.0000015961001495,+0000.0001055503815543,+0000.0000006144823611,+0000.0000341620754941,+0000.0491629864118839,+0000.0000004584955895,+0000.0000201301946512
+0000.8469384259819337,+0000.0848692954838353,+0000.0070584476229896,+0000.0004530573375926,+0000.0094217005425832,+0000.0000016841617317,+0000.0001133518311341,+0000.0000006602322643,+0000.0000373269937866,+0000.0510827269799545,+0000.0000005124897346,+0000.0000228103424597
+0000.8424625870097414,+0000.0868397231332142,+0000.0070473483367128,+0000.0004703781671495,+0000.0099543348534658,+0000.0000017749045932,+0000.0001215648479534,+0000.0000007082174425,+0000.0000407143413183,+0000.0530345051952704,+0000.0000005715953453,+0000.0000257893977934
+0000.8379410902813011,+0000.0888051815442316,+0000.0070343341344385,+0000.0004879712631820,+0000.0105068144318944,+0000.0000018683191768,+0000.0001302013871206,+0000.0000007584763123,+0000.0000443343366023,+0000.0550177155132633,+0000.0000006361728212,+0000.0000290941396560
+0000.8333753340589209,+0000.0907644766189977,+0000.0070194864094602,+0000.0005058306785201,+0000.0110794245291540,+0000.0000019643934505,+0000.0001392733321454,+0000.0000008110449547,+0000.0000481973534603,+0000.0570317418509910,+0000.0000007065982764,+0000.0000327531316684
+0000.8287667271319064,+0000.0927164247493481,+0000.0070028838015534,+0000.0005239503824227,+0000.0116724399099602,+0000.0000020631129910,+0000.0001487924803051,+0000.0000008659570672,+0000.0000523139097973,+0000.0590759585058235,+0000.0000007832636569,+0000.0000367967951683
+0000.8241166871989670,+0000.0946598537308457,+0000.0069846022705646,+0000.0005423242690724,+0000.0122861245382742,+0000.0000021644610674,+0000.0001587705281847,+0000.0000009232439239,+0000.0000566946560592,+0000.0611497310434891,+0000.0000008665768355,+0000.0000412574827161
+0000.8194266392933068,+0000.0965936036496329,+0000.0069647151708295,+0000.0005609461657726,+0000.0129207312771585,+0000.0000022684187270,+0000.0001692190574078,+0000.0000009829343437,+0000.0000613503634065,+0000.0632524171558374,+0000.0000009569616818,+0000.0000461695518957
+0000.8146980142510843,+0000.0985165277414405,+0000.0069432933259766,+0000.0005798098408479,+0000.0135765016027875,+0000.0000023749648820,+0000.0001801495205783,+0000.0000010450546663,+0000.0000662919116277,+0000.0653833674887042,+0000.0000010548581099,+0000.0000515694392946
+0000.8099322472238361,+0000.1004274932221470,+0000.0069204051037349,+0000.0005989090112532,+0000.0142536653326977,+0000.0000024840763968,+0000.0001915732274509,+0000.0000011096287348,+0000.0000715302768240,+0000.0675419264402739,+0000.0000011607221023,+0000.0000574957345487
+0000.8051307762352979,+0000.1023253820893556,+0000.0068961164904144,+0000.0006182373498962,+0000.0149524403683329,+0000.0000025957281756,+0000.0002035013313460,+0000.0000011766778857,+0000.0000770765188920,+0000.0697274329303558,+0000.0000012750257110,+0000.0000639892543368
+0000.8002950407829996,+0000.1042090918945360,+0000.0068704911647768,+0000.0006377884926766,+0000.0156730324519104,+0000.0000027098932501,+0000.0002159448158256,+0000.0000012462209459,+0000.0000829417688304,+0000.0719392211410041,+0000.0000013982570357,+0000.0000710931162088
+0000.7954264804848602,+0000.1060775364853527,+0000.0068435905710559,+0000.0006575560452477,+0000.0164156349376068,+0000.0000028265428671,+0000.0002289144816427,+0000.0000013182742356,+0000.0000891372158998,+0000.0741766212289201,+0000.0000015309201793,+0000.0000788528121319
+0000.7905265337709575,+0000.1079296467178728,+0000.0068154739909225,+0000.0006775335895040,+0000.0171804285770377,+0000.0000029456465757,+0000.0002424209339797,+0000.0000013928515776,+0000.0000956740946600,+0000.0764389600100904,+0000.0000016735351824,+0000.0000873162816399
+0000.7855966366205327,+0000.1097643711384168,+0000.0067861986142231,+0000.0006977146898014,+0000.0179675813189761,+0000.0000030671723134,+0000.0002564745699859,+0000.0000014699643127,+0000.0001025636719118,+0000.0787255616171204,+0000.0000018266379348,+0000.0000965339844710
+0000.7806382213442287,+0000.1115806766348866,+0000.0067558196083520,+0000.0007180928989127,+0000.0187772481232342,+0000.0000031910864922,+0000.0002710855666267,+0000.0000015496213196,+0000.0001098172335671,+0000.0810357481297328,+0000.0000019907800673,+0000.0001065589725801
+0000.7756527154114736,+0000.1133775490574642,+0000.0067243901861386,+0000.0007386617637248,+0000.0196095707886072,+0000.0000033173540829,+0000.0002862638688531,+0000.0000016318290414,+0000.0001174460714726,+0000.0833688401789074,+0000.0000021665288218,+0000.0001174469614124
+0000.7706415403228581,+0000.1151539938086448,+0000.0066919616721587,+0000.0007594148306827,+0000.0204646777947584,+0000.0000034459386984,+0000.0003020191781017,+0000.0000017165915152,+0000.0001254614702100,+0000.0857241575251431,+0000.0000023544669026,+0000.0001292564003263
+0000.7656061105272878,+0000.1169090364026220,+0000.0066585835673967,+0000.0007803456509843,+0000.0213426841579008,+0000.0000035768026761,+0000.0003183609411331,+0000.0000018039104074,+0000.0001338746938952,+0000.0881010196113326,+0000.0000025551923073,+0000.0001420485420567
+0000.7605478323836320,+0000.1186417229941057,+0000.0066243036122025,+0000.0008014477855328,+0000.0222436913001153,+0000.0000037099071579,+0000.0003352983392146,+0000.0000018937850531,+0000.0001426969729997,+0000.0904987460907398,+0000.0000027693181397,+0000.0001558875111069
+0000.7554681031665339,+0000.1203511208767044,+0000.0065891678475052,+0000.0008227148096502,+0000.0231677869321233,+0000.0000038452121696,+0000.0003528402776549,+0000.0000019862124980,+0000.0001519394912127,+0000.0929166573305786,+0000.0000029974724045,+0000.0001708403709645
+0000.7503683101159928,+0000.1220363189510593,+0000.0065532206742559,+0000.0008441403175579,+0000.0241150449493169,+0000.0000039826766979,+0000.0003709953756952,+0000.0000020811875457,+0000.0001616133723669,+0000.0953540748916930,+0000.0000032402977848,+0000.0001869771900335
+0000.7452498295302805,+0000.1236964281629656,+0000.0065165049110868,+0000.0008657179266306,+0000.0250855253408341,+0000.0000041222587656,+0000.0003897719567604,+0000.0000021787028064,+0000.0001717296674451,+0000.0978103219848423,+0000.0000034984514026,+0000.0002043711061801
+0000.7401140259017075,+0000.1253305819117649,+0000.0064790618501822,+0000.0008874412814265,+0000.0260792741114499,+0000.0000042639155054,+0000.0004091780390762,+0000.0000022787487496,+0000.0001822993416865,+0000.1002847239040981,+0000.0000037726045635,+0000.0002230983897897
+0000.7349622510947141,+0000.1269379364293364,+0000.0064409313113662,+0000.0009093040575013,+0000.0270963232160447,+0000.0000044076032311,+0000.0004292213266515,+0000.0000023813137589,+0000.0001933332618112,+0000.1027766084378615,+0000.0000040634424869,+0000.0002432385052359
+0000.7297958435657167,+0000.1285176711300573,+0000.0064021516944203,+0000.0009312999650104,+0000.0281366905063951,+0000.0000045532775074,+0000.0004499092006308,+0000.0000024863841886,+0000.0002048421833769,+0000.1052853062580130,+0000.0000043716640206,+0000.0002648741706629
+0000.7246161276241032,+0000.1300689889321403,+0000.0063627600296497,+0000.0009534227521041,+0000.0292003796900251,+0000.0000047008932169,+0000.0004712487110169,+0000.0000025939444235,+0000.0002168367382865,+0000.1078101512877041,+0000.0000046979813430,+0000.0002880914159864
+0000.7194244127337468,+0000.1315911165507971,+0000.0063227920267234,+0000.0009756662081222,+0000.0302873803008437,+0000.0000048504046257,+0000.0004932465687637,+0000.0000027039769389,+0000.0002293274224581,+0000.1103504810483089,+0000.0000050431196509,+0000.0003129796390205
+0000.7142219928543554,+0000.1330833047637036,+0000.0062822821218173,+0000.0009980241665921,+0000.0313976676812878,+0000.0000050017654463,+0000.0005159091382398,+0000.0000028164623630,+0000.0002423245836738,+0000.1129056369860465,+0000.0000054078168364,+0000.0003396316596380
+0000.7090101458219649,+0000.1345448286492827,+0000.0062412635230935,+0000.0010204905080372,+0000.0325312029756824,+0000.0000051549288988,+0000.0005392424300620,+0000.0000029313795402,+0000.0002558384096183,+0000.1154749647787916,+0000.0000057928231517,+0000.0003681437718767
+0000.7037901327678465,+0000.1359749877983420,+0000.0061997682545523,+0000.0010430591625994,+0000.0336879331345224,+0000.0000053098477694,+0000.0005632520942966,+0000.0000030487055953,+0000.0002698789161199,+0000.1180578146235888,+0000.0000061989008629,+0000.0003986157939049
+0000.6985631975750711,+0000.1373731064996329,+0000.0061578271982966,+0000.0010657241124816,+0000.0348677909293774,+0000.0000054664744671,+0000.0005879434140277,+0000.0000031684159983,+0000.0002844559356051,+0000.1206535415053859,+0000.0000066268238940,+0000.0004311511157626
+0000.6933305663719611,+0000.1387385338999238,+0000.0061154701352491,+0000.0010884793942160,+0000.0360706949781158,+0000.0000056247610781,+0000.0006133212992888,+0000.0000032904846299,+0000.0002995791057769,+0000.1232615054475024,+0000.0000070773774618,+0000.0004658567447961
+0000.6880934470616301,+0000.1400706441391976,+0000.0060727257843647,+0000.0011113191007622,+0000.0372965497801423,+0000.0000057846594180,+0000.0006393902813562,+0000.0000034148838467,+0000.0003152578585262,+0000.1258810717443477,+0000.0000075513577015,+0000.0005028433487067
+0000.6828530288867944,+0000.1413688364616029,+0000.0060296218403826,+0000.0011342373834421,+0000.0385452457613397,+0000.0000059461210819,+0000.0006661545073988,+0000.0000035415845478,+0000.0003315014090845,+0000.1285116111769027,+0000.0000080495712849,+0000.0005422252961379
+0000.6776104820290293,+0000.1426325353028089,+0000.0059861850101627,+0000.0011572284537144,+0000.0398166593284091,+0000.0000061090974917,+0000.0006936177354830,+0000.0000036705562395,+0000.0003483187454262,+0000.1311525002114807,+0000.0000085728350306,+0000.0005841206947239
+0000.6723669572416211,+0000.1438611903544251,+0000.0059424410476505,+0000.0011802865847965,+0000.0411106529322967,+0000.0000062735399429,+0000.0007217833299262,+0000.0000038017671010,+0000.0003657186179277,+0000.1338031211822747,+0000.0000091219755076,+0000.0006286514265299
+0000.6671235855151568,+0000.1450542766061569,+0000.0058984147875161,+0000.0012034061131367,+0000.0424270751404019,+0000.0000064393996469,+0000.0007506542569963,+0000.0000039351840494,+0000.0003837095292883,+0000.1364628624582061,+0000.0000096978286333,+0000.0006759431808113
+0000.6618814777749797,+0000.1462112943663847,+0000.0058541301775125,+0000.0012265814397436,+0000.0437657607172609,+0000.0000066066277738,+0000.0007802330809503,+0000.0000040707728039,+0000.0004022997247205,+0000.1391311185945788,+0000.0000103012392651,+0000.0007261254840262
+0000.6566417246096379,+0000.1473317692618555,+0000.0058096103095979,+0000.0012498070313762,+0000.0451265307134020,+0000.0000067751754909,+0000.0008105219604099,+0000.0000042084979494,+0000.0004214971824129,+0000.1418072904700468,+0000.0000109330607875,+0000.0007793317270329
+0000.6514053960294333,+0000.1484152522171852,+0000.0057648774498663,+0000.0012730774216009,+0000.0465091925620744,+0000.0000069449940006,+0000.0008415226450652,+0000.0000043483229993,+0000.0004413096042707,+0000.1444907854093982,+0000.0000115941546944,+0000.0008356991894115
+0000.6461735412541796,+0000.1494613194148737,+0000.0057199530673294,+0000.0012963872117196,+0000.0479135401835552,+0000.0000071160345759,+0000.0008732364727040,+0000.0000044902104571,+0000.0004617444069374,+0000.1471810172926555,+0000.0000122853901673,+0000.0008953690608453
+0000.6409471885292775,+0000.1504695722365344,+0000.0056748578615946,+0000.0013197310715750,+0000.0493393540967433,+0000.0000072882485939,+0000.0009056643665594,+0000.0000046341218774,+0000.0004828087131011,+0000.1498774066509885,+0000.0000130076436508,+0000.0009584864595042
+0000.6357273449692024,+0000.1514396371860437,+0000.0056296117894786,+0000.0013431037402360,+0000.0507864015377580,+0000.0000074615875674,+0000.0009388068329707,+0000.0000047800179255,+0000.0005045093430867,+0000.1525793807499360,+0000.0000137617984237,+0000.0010252004473714
+0000.6305149964275073,+0000.1523711657953112,+0000.0055842340906002,+0000.0013665000265700,+0000.0522544365852613,+0000.0000076360031750,+0000.0009726639593501,+0000.0000049278584355,+0000.0005268528067380,+0000.1552863736604243,+0000.0000145487441687,+0000.0010956640424586
+0000.6253111073924402,+0000.1532638345133705,+0000.0055387433119905,+0000.0013899148097060,+0000.0537432002922338,+0000.0000078114472886,+0000.0010072354124520,+0000.0000050776024677,+0000.0005498452955890,+0000.1579978263180683,+0000.0000153693765392,+0000.0011700342278541
+0000.6201166209072768,+0000.1541173445794854,+0000.0054931573317609,+0000.0014133430393934,+0000.0552524208239386,+0000.0000079878720003,+0000.0010425204369355,+0000.0000052292083640,+0000.0005734926753276,+0000.1607131865712389,+0000.0000162245967241,+0000.0012484719575544
+0000.6149324585144735,+0000.1549314218809581,+0000.0054474933818657,+0000.0014367797362604,+0000.0567818136018174,+0000.0000081652296467,+0000.0010785178542166,+0000.0000053826338021,+0000.0005978004785500,+0000.1634319092183715,+0000.0000171153110118,+0000.0013311421590264
+0000.6097595202227475,+0000.1557058167963219,+0000.0054017680699972,+0000.0014602199919786,+0000.0583310814530685,+0000.0000083434728320,+0000.0011152260616023,+0000.0000055378358487,+0000.0006227738978089,+0000.1661534560349892,+0000.0000180424303523,+0000.0014182137324528
+0000.6045986844962028,+0000.1564403040245911,+0000.0053559974006479,+0000.0014836589693357,+0000.0598999147656676,+0000.0000085225544491,+0000.0011526430317019,+0000.0000056947710102,+0000.0006484177789523,+0000.1688772957909079,+0000.0000190068699189,+0000.0015098595466146
+0000.5994508082646154,+0000.1571346824012275,+0000.0053101967953744,+0000.0015070919022232,+0000.0614879916485986,+0000.0000087024276997,+0000.0011907663121073,+0000.0000058533952827,+0000.0006747366147550,+0000.1716029042580837,+0000.0000200095486689,+0000.0016062564313633
+0000.5943167269540119,+0000.1577887747014778,+0000.0052643811122968,+0000.0015305140955419,+0000.0630949780970721,+0000.0000088830461126,+0000.0012295930253390,+0000.0000060136642002,+0000.0007017345388403,+0000.1743297642095612,+0000.0000210513889040,+0000.0017075851666423
+0000.5891972545366735,+0000.1584024274317178,+0000.0052185646648647,+0000.0015539209250303,+0000.0647205281625182,+0000.0000090643635605,+0000.0012691198690494,+0000.0000061755328807,+0000.0007294153198926,+0000.1770573654099694,+0000.0000221333158313,+0000.0018140304680114
+0000.5840931835997178,+0000.1589755106094324,+0000.0051727612399213,+0000.0015773078370199,+0000.0663642841271498,+0000.0000092463342758,+0000.0013093431164791,+0000.0000063389560717,+0000.0007577823561569,+0000.1797852045980140,+0000.0000232562571231,+0000.0019257809686384
+0000.5790052854314076,+0000.1595079175324390,+0000.0051269841150947,+0000.0016006703481217,+0000.0680258766829002,+0000.0000094289128644,+0000.0013502586171593,+0000.0000065038881927,+0000.0007868386702275,+0000.1825127854613994,+0000.0000244211424778,+0000.0020430291977155
+0000.5739343101243632,+0000.1599995645379560,+0000.0050812460755457,+0000.0016240040448481,+0000.0697049251145536,+0000.0000096120543191,+0000.0013918617978561,+0000.0000066702833777,+0000.0008165869041205,+0000.1852396186046149,+0000.0000256289031815,+0000.0021659715552639
+0000.5688809866948514,+0000.1604503907520933,+0000.0050355594300977,+0000.0016473045831740,+0000.0714010374868891,+0000.0000097957140310,+0000.0014341476637493,+0000.0000068380955145,+0000.0008470293146308,+0000.1879652215100080,+0000.0000268804716690,+0000.0022948082832919
+0000.5638460232173522,+0000.1608603578303335,+0000.0049899360267775,+0000.0016705676880415,+0000.0731138108356777,+0000.0000099798478000,+0000.0014771107998425,+0000.0000070072782836,+0000.0008781677689707,+0000.1906891184925635,+0000.0000281767810869,+0000.0024297434332707
+0000.5588301069736035,+0000.1612294496895503,+0000.0049443872677892,+0000.0016937891528116,+0000.0748428313623725,+0000.0000101644118448,+0000.0015207453725973,+0000.0000071777851946,+0000.0009100037406875,+0000.1934108406487975,+0000.0000295187648563,+0000.0025709848298950
+0000.5538339046153529,+0000.1615576722320956,+0000.0048989241239473,+0000.0017169648386667,+0000.0765876746323496,+0000.0000103493628105,+0000.0015650451317883,+0000.0000073495696220,+0000.0009425383058593,+0000.1961299258001719,+0000.0000309073562372,+0000.0027187440310985
+0000.5488580623400472,+0000.1618450530624699,+0000.0048535571485917,+0000.0017400906739687,+0000.0783479057765624,+0000.0000105346577767,+0000.0016100034125727,+0000.0000075225848381,+0000.0009757721395654,+0000.1988459184314222,+0000.0000323434878935,+0000.0028732362842917
+0000.5439032060787141,+0000.1620916411970688,+0000.0048082964910055,+0000.0017631626535745,+0000.0801230796964826,+0000.0000107202542633,+0000.0016556131377712,+0000.0000076967840456,+0000.0010097055126300,+0000.2015583696241884,+0000.0000338280914591,+0000.0030346804787969
+0000.5389699416953090,+0000.1622975067674869,+0000.0047631519093577,+0000.0017861768381143,+0000.0819127412722117,+0000.0000109061102364,+0000.0017018668203541,+0000.0000078721204082,+0000.0010443382886358,+0000.2042668369863301,+0000.0000353620971050,+0000.0032032990944508
+0000.5340588551968019,+0000.1624627407178325,+0000.0047181327831906,+0000.0018091293532347,+0000.0837164255736558,+0000.0000110921841128,+0000.0017487565661308,+0000.0000080485470795,+0000.0010796699212065,+0000.2069708845772962,+0000.0000369464331075,+0000.0033793181463516
+0000.5291705129533155,+0000.1625874544964971,+0000.0046732481254704,+0000.0018320163888112,+0000.0855336580746628,+0000.0000112784347637,+0000.0017962740766359,+0000.0000082260172305,+0000.0011156994515549,+0000.2096700828299150,+0000.0000385820254179,+0000.0035629671257251
+0000.5243054619276283,+0000.1626717797427986,+0000.0046285065942205,+0000.0018548341981328,+0000.0873639548700355,+0000.0000114648215181,+0000.0018444106522103,+0000.0000084044840762,+0000.0011524255062943,+0000.2123640084689616,+0000.0000402697972328,+0000.0037544789368908
+0000.5194642299133805,+0000.1627158679689001,+0000.0045839165037540,+0000.0018775790970614,+0000.0892068228953365,+0000.0000116513041646,+0000.0018931571952726,+0000.0000085839009000,+0000.0011898462955120,+0000.2150522444268482,+0000.0000420106685657,+0000.0039540898303044
+0000.5146473257813345,+0000.1627198902373870,+0000.0045394858355218,+0000.0019002474631705,+0000.0910617601494141,+0000.0000118378429536,+0000.0019425042137782,+0000.0000087642210776,+0000.0012279596111008,+0000.2177343797567798,+0000.0000438055558201,+0000.0041620393316620
+0000.5098552397330673,+0000.1626840368348686,+0000.0044952222485930,+0000.0019228357348649,+0000.0929282559195839,+0000.0000120243985978,+0000.0019924418248617,+0000.0000089453980986,+0000.0012667628253484,+0000.2204100095437051,+0000.0000456553713633,+0000.0043785701670472
+0000.5050884435614768,+0000.1626085169419476,+0000.0044511330897825,+0000.0019453404104852,+0000.0948057910094082,+0000.0000122109322732,+0000.0020429597586614,+0000.0000091273855878,+0000.0013062528897814,+0000.2230787348133862,+0000.0000475610231014,+0000.0046039281841082
+0000.5003473909175182,+0000.1624935582998845,+0000.0044072254034392,+0000.0019677580473997,+0000.0966938379690251,+0000.0000123974056182,+0000.0020940473623219,+0000.0000093101373246,+0000.0013464263342618,+0000.2257401624398999,+0000.0000495234140555,+0000.0048383622692513
+0000.4956325175825905,+0000.1623394068742667,+0000.0043635059409097,+0000.0019900852610864,+0000.0985918613279829,+0000.0000125837807338,+0000.0021456936041723,+0000.0000094936072615,+0000.0013872792663351,+0000.2283939050518792,+0000.0000515434419392,+0000.0050821242608427
+0000.4909442417460237,+0000.1621463265159714,+0000.0043199811696899,+0000.0020123187242076,+0000.1004993178305453,+0000.0000127700201818,+0000.0021978870780788,+0000.0000096777495413,+0000.0014288073708269,+0000.2310395809377881,+0000.0000536219987365,+0000.0053354688584088
+0000.4862829642871232,+0000.1619145986196951,+0000.0042766572822766,+0000.0020344551656804,+0000.1024156566734368,+0000.0000129560869837,+0000.0022506160079688,+0000.0000098625185135,+0000.0014710059096878,+0000.2336768139505222,+0000.0000557599702813,+0000.0055986535278303
+0000.4816490690612611,+0000.1616445217803056,+0000.0042335402047320,+0000.0020564913697452,+0000.1043403197460041,+0000.0000131419446185,+0000.0023038682525241,+0000.0000100478687491,+0000.0015138697220835,+0000.2363052334116114,+0000.0000579582358377,+0000.0058719384025275
+0000.4770429231895052,+0000.1613364114472522,+0000.0041906356049711,+0000.0020784241750344,+0000.1062727418727759,+0000.0000133275570205,+0000.0023576313100427,+0000.0000102337550548,+0000.0015573932247297,+0000.2389244740152966,+0000.0000602176676814,+0000.0061555861806356
+0000.4724648773513114,+0000.1609905995772577,+0000.0041479489007828,+0000.0021002504736434,+0000.1082123510584059,+0000.0000135128885768,+0000.0024118923234671,+0000.0000104201324863,+0000.0016015704124701,+0000.2415341757327438,+0000.0000625391306817,+0000.0064498620181730
+0000.4679152660798113,+0000.1606074342854955,+0000.0041054852675963,+0000.0021219672102078,+0000.1101585687349921,+0000.0000136979041242,+0000.0024666380855776,+0000.0000106069563603,+0000.0016463948590962,+0000.2441339837166471,+0000.0000649234818847,+0000.0067550334182071
+0000.4633944080592489,+0000.1601872794954408,+0000.0040632496460005,+0000.0021435713809867,+0000.1121108100117650,+0000.0000138825689460,+0000.0025218550443495,+0000.0000107941822656,+0000.0016918597184080,+0000.2467235482064651,+0000.0000673715700976,+0000.0070713701160264
