+0001.0000000000000000,+0000.0000000000000000,+0000.0000000000000000,+0000.0000000000000000,+0000.0000000000000000
+0000.9999987951694327,+0000.0000009638281677,+0000.0000002409570419,+0000.0000000000362863,+0000.0000000000090716
+0000.9999951804567485,+0000.0000038553080245,+0000.0000009638270061,+0000.0000000003265767,+0000.0000000000816442
+0000.9999891553350854,+0000.0000086744256264,+0000.0000021686064066,+0000.0000000013063054,+0000.0000000003265763
+0000.9999807190170780,+0000.0000154211577174,+0000.0000038552894293,+0000.0000000036286202,+0000.0000000009071551
+0000.9999698704548927,+0000.0000240954717068,+0000.0000060238679267,+0000.0000000081643790,+0000.0000000020410948
+0000.9999566083402697,+0000.0000346973256401,+0000.0000086743314100,+0000.0000000160021442,+0000.0000000040005361
+0000.9999409311045798,+0000.0000472266681603,+0000.0000118066670401,+0000.0000000284481759,+0000.0000000071120440
+0000.9999228369188911,+0000.0000616834384627,+0000.0000154208596157,+0000.0000000470264244,+0000.0000000117566061
+0000.9999023236940481,+0000.0000780675662416,+0000.0000195168915604,+0000.0000000734785201,+0000.0000000183696300
+0000.9998793890807604,+0000.0000963789716284,+0000.0000240947429071,+0000.0000001097637632,+0000.0000000274409408
+0000.9998540304697070,+0000.0001166175651231,+0000.0000291543912808,+0000.0000001580591113,+0000.0000000395147778
+0000.9998262449916473,+0000.0001387832475171,+0000.0000346958118793,+0000.0000002207591651,+0000.0000000551897913
+0000.9997960295175469,+0000.0001628759098085,+0000.0000407189774521,+0000.0000003004761539,+0000.0000000751190385
+0000.9997633806587155,+0000.0001888954331097,+0000.0000472238582774,+0000.0000004000399178,+0000.0000001000099794
+0000.9997282947669541,+0000.0002168416885469,+0000.0000542104221367,+0000.0000005224978896,+0000.0000001306244724
+0000.9996907679347165,+0000.0002467145371521,+0000.0000616786342880,+0000.0000006711150745,+0000.0000001677787686
+0000.9996507959952813,+0000.0002785138297470,+0000.0000696284574368,+0000.0000008493740281,+0000.0000002123435070
+0000.9996083745229352,+0000.0003122394068195,+0000.0000780598517049,+0000.0000010609748323,+0000.0000002652437081
+0000.9995634988331725,+0000.0003478910983920,+0000.0000869727745980,+0000.0000013098350700,+0000.0000003274587675
+0000.9995161639829007,+0000.0003854687238824,+0000.0000963671809706,+0000.0000016000897971,+0000.0000004000224493
+0000.9994663647706631,+0000.0004249720919564,+0000.0001062430229891,+0000.0000019360915130,+0000.0000004840228783
+0000.9994140957368718,+0000.0004664010003735,+0000.0001166002500934,+0000.0000023224101291,+0000.0000005806025323
+0000.9993593511640525,+0000.0005097552358238,+0000.0001274388089559,+0000.0000027638329342,+0000.0000006909582336
+0000.9993021250771039,+0000.0005550345737577,+0000.0001387586434394,+0000.0000032653645590,+0000.0000008163411398
+0000.9992424112435686,+0000.0006022387782081,+0000.0001505596945520,+0000.0000038322269370,+0000.0000009580567343
+0000.9991802031739151,+0000.0006513676016040,+0000.0001628419004010,+0000.0000044698592639,+0000.0000011174648160
+0000.9991154941218360,+0000.0007024207845776,+0000.0001756051961444,+0000.0000051839179534,+0000.0000012959794883
+0000.9990482770845576,+0000.0007553980557622,+0000.0001888495139406,+0000.0000059802765918,+0000.0000014950691479
+0000.9989785448031601,+0000.0008102991315837,+0000.0002025747828959,+0000.0000068650258883,+0000.0000017162564721
+0000.9989062897629160,+0000.0008671237160435,+0000.0002167809290109,+0000.0000078444736235,+0000.0000019611184059
+0000.9988315041936393,+0000.0009258715004941,+0000.0002314678751235,+0000.0000089251445945,+0000.0000022312861486
+0000.9987541800700453,+0000.0009865421634072,+0000.0002466355408518,+0000.0000101137805567,+0000.0000025284451392
+0000.9986743091121297,+0000.0010491353701333,+0000.0002622838425333,+0000.0000114173401628,+0000.0000028543350407
+0000.9985918827855592,+0000.0011136507726544,+0000.0002784126931636,+0000.0000128429988984,+0000.0000032107497246
+0000.9985068923020717,+0000.0011800880093292,+0000.0002950220023323,+0000.0000143981490134,+0000.0000035995372534
+0000.9984193286198997,+0000.0012484467046294,+0000.0003121116761573,+0000.0000160903994510,+0000.0000040225998627
+0000.9983291824441981,+0000.0013187264688699,+0000.0003296816172175,+0000.0000179275757716,+0000.0000044818939429
+0000.9982364442274942,+0000.0013909268979305,+0000.0003477317244826,+0000.0000199177200741,+0000.0000049794300185
+0000.9981411041701478,+0000.0014650475729697,+0000.0003662618932424,+0000.0000220690909118,+0000.0000055172727280
+0000.9980431522208283,+0000.0015410880601320,+0000.0003852720150330,+0000.0000243901632054,+0000.0000060975408013
+0000.9979425780770037,+0000.0016190479102465,+0000.0004047619775616,+0000.0000268896281504,+0000.0000067224070376
+0000.9978393711854499,+0000.0016989266585187,+0000.0004247316646297,+0000.0000295763931212,+0000.0000073940982803
+0000.9977335207427704,+0000.0017807238242141,+0000.0004451809560535,+0000.0000324595815695,+0000.0000081148953924
+0000.9976250156959336,+0000.0018644389103346,+0000.0004661097275836,+0000.0000355485329183,+0000.0000088871332296
+0000.9975138447428271,+0000.0019500714032876,+0000.0004875178508219,+0000.0000388528024508,+0000.0000097132006127
+0000.9973999963328233,+0000.0020376207725472,+0000.0005094051931368,+0000.0000423821611944,+0000.0000105955402986
+0000.9972834586673669,+0000.0021270864703080,+0000.0005317716175770,+0000.0000461465957984,+0000.0000115366489496
+0000.9971642197005763,+0000.0022184679311314,+0000.0005546169827828,+0000.0000501563084075,+0000.0000125390771019
+0000.9970422671398586,+0000.0023117645715847,+0000.0005779411428962,+0000.0000544217165284,+0000.0000136054291321
+0000.9969175884465457,+0000.0024069757898726,+0000.0006017439474681,+0000.0000589534528907,+0000.0000147383632227
+0000.9967901708365460,+0000.0025041009654608,+0000.0006260252413652,+0000.0000637623653022,+0000.0000159405913256
+0000.9966600012810114,+0000.0026031394586934,+0000.0006507848646733,+0000.0000688595164975,+0000.0000172148791244
+0000.9965270665070234,+0000.0027040906104015,+0000.0006760226526004,+0000.0000742561839797,+0000.0000185640459949
+0000.9963913529982982,+0000.0028069537415057,+0000.0007017384353764,+0000.0000799638598559,+0000.0000199909649640
+0000.9962528469959051,+0000.0029117281526102,+0000.0007279320381525,+0000.0000859942506656,+0000.0000214985626664
+0000.9961115344990095,+0000.0030184131235907,+0000.0007546032808977,+0000.0000923592772019,+0000.0000230898193005
+0000.9959674012656259,+0000.0031270079131741,+0000.0007817519782935,+0000.0000990710743251,+0000.0000247677685813
+0000.9958204328133997,+0000.0032375117585112,+0000.0008093779396278,+0000.0001061419907692,+0000.0000265354976923
+0000.9956706144203967,+0000.0033499238747427,+0000.0008374809686857,+0000.0001135845889399,+0000.0000283961472350
+0000.9955179311259224,+0000.0034642434545571,+0000.0008660608636393,+0000.0001214116447050,+0000.0000303529111763
+0000.9953623677313509,+0000.0035804696677425,+0000.0008951174169356,+0000.0001296361471768,+0000.0000324090367942
+0000.9952039088009812,+0000.0036986016607302,+0000.0009246504151825,+0000.0001382712984848,+0000.0000345678246212
+0000.9950425386629090,+0000.0038186385561319,+0000.0009546596390330,+0000.0001473305135411,+0000.0000368326283853
+0000.9948782414099184,+0000.0039405794522697,+0000.0009851448630674,+0000.0001568274197956,+0000.0000392068549489
+0000.9947110009003981,+0000.0040644234226989,+0000.0010161058556747,+0000.0001667758569829,+0000.0000416939642457
+0000.9945408007592718,+0000.0041901695157241,+0000.0010475423789310,+0000.0001771898768587,+0000.0000442974692147
+0000.9943676243789563,+0000.0043178167539077,+0000.0010794541884769,+0000.0001880837429272,+0000.0000470209357318
+0000.9941914549203363,+0000.0044473641335725,+0000.0011118410333931,+0000.0001994719301584,+0000.0000498679825396
+0000.9940122753137617,+0000.0045788106242962,+0000.0011447026560740,+0000.0002113691246946,+0000.0000528422811736
+0000.9938300682600661,+0000.0047121551684004,+0000.0011780387921001,+0000.0002237902235469,+0000.0000559475558867
+0000.9936448162316098,+0000.0048473966804312,+0000.0012118491701078,+0000.0002367503342809,+0000.0000591875835702
+0000.9934565014733435,+0000.0049845340466348,+0000.0012461335116587,+0000.0002502647746905,+0000.0000625661936726
+0000.9932651060038916,+0000.0051235661244247,+0000.0012808915311062,+0000.0002643490724618,+0000.0000660872681154
+0000.9930706116166661,+0000.0052644917418434,+0000.0013161229354608,+0000.0002790189648237,+0000.0000697547412059
+0000.9928729998809935,+0000.0054073096970172,+0000.0013518274242543,+0000.0002942903981879,+0000.0000735725995470
+0000.9926722521432749,+0000.0055520187576037,+0000.0013880046894009,+0000.0003101795277763,+0000.0000775448819441
+0000.9924683495281634,+0000.0056986176602338,+0000.0014246544150584,+0000.0003267027172355,+0000.0000816756793089
+0000.9922612729397682,+0000.0058471051099468,+0000.0014617762774867,+0000.0003438765382389,+0000.0000859691345597
+0000.9920510030628817,+0000.0059974797796185,+0000.0014993699449046,+0000.0003617177700761,+0000.0000904294425190
+0000.9918375203642349,+0000.0061497403093839,+0000.0015374350773460,+0000.0003802433992279,+0000.0000950608498070
+0000.9916208050937724,+0000.0063038853060530,+0000.0015759713265132,+0000.0003994706189291,+0000.0000998676547323
+0000.9914008372859553,+0000.0064599133425200,+0000.0016149783356300,+0000.0004194168287157,+0000.0001048542071789
+0000.9911775967610921,+0000.0066178229571672,+0000.0016544557392918,+0000.0004400996339593,+0000.0001100249084898
+0000.9909510631266900,+0000.0067776126532620,+0000.0016944031633155,+0000.0004615368453859,+0000.0001153842113465
+0000.9907212157788395,+0000.0069392808983480,+0000.0017348202245870,+0000.0004837464785805,+0000.0001209366196451
+0000.9904880339036174,+0000.0071028261236299,+0000.0017757065309074,+0000.0005067467534760,+0000.0001266866883690
+0000.9902514964785247,+0000.0072682467233530,+0000.0018170616808382,+0000.0005305560938273,+0000.0001326390234568
+0000.9900115822739444,+0000.0074355410541763,+0000.0018588852635441,+0000.0005551931266683,+0000.0001387982816671
+0000.9897682698546324,+0000.0076047074345396,+0000.0019011768586349,+0000.0005806766817544,+0000.0001451691704386
+0000.9895215375812345,+0000.0077757441440252,+0000.0019439360360063,+0000.0006070257909873,+0000.0001517564477468
+0000.9892713636118284,+0000.0079486494227138,+0000.0019871623556784,+0000.0006342596878235,+0000.0001585649219559
+0000.9890177259034997,+0000.0081234214705348,+0000.0020308553676337,+0000.0006623978066656,+0000.0001655994516664
+0000.9887606022139410,+0000.0083000584466109,+0000.0020750146116527,+0000.0006914597822364,+0000.0001728649455591
+0000.9884999701030849,+0000.0084785584685973,+0000.0021196396171493,+0000.0007214654489348,+0000.0001803663622337
+0000.9882358069347632,+0000.0086589196120155,+0000.0021647299030038,+0000.0007524348401738,+0000.0001881087100435
+0000.9879680898783976,+0000.0088411399095818,+0000.0022102849773954,+0000.0007843881877003,+0000.0001960970469251
+0000.9876967959107176,+0000.0090252173505304,+0000.0022563043376326,+0000.0008173459208957,+0000.0002043364802239
+0000.9874219018175128,+0000.0092111498799317,+0000.0023027874699829,+0000.0008513286660580,+0000.0002128321665145
+0000.9871433841954144,+0000.0093989353980051,+0000.0023497338495012,+0000.0008863572456634,+0000.0002215893114158
+0000.9868612194537043,+0000.0095885717594272,+0000.0023971429398567,+0000.0009224526776095,+0000.0002306131694024
+0000.9865753838161606,+0000.0097800567726345,+0000.0024450141931586,+0000.0009596361744372,+0000.0002399090436093
+0000.9862858533229309,+0000.0099733881991223,+0000.0024933470497805,+0000.0009979291425329,+0000.0002494822856332
+0000.9859926038324411,+0000.0101685637527379,+0000.0025421409381844,+0000.0010373531813092,+0000.0002593382953273
+0000.9856956110233315,+0000.0103655810989697,+0000.0025913952747424,+0000.0010779300823652,+0000.0002694825205913
+0000.9853948503964304,+0000.0105644378542314,+0000.0026411094635578,+0000.0011196818286245,+0000.0002799204571561
+0000.9850902972767563,+0000.0107651315851426,+0000.0026912828962856,+0000.0011626305934523,+0000.0002906576483631
+0000.9847819268155583,+0000.0109676598078043,+0000.0027419149519510,+0000.0012067987397490,+0000.0003016996849372
+0000.9844697139923843,+0000.0111720199870700,+0000.0027930049967674,+0000.0012522088190227,+0000.0003130522047557
+0000.9841536336171859,+0000.0113782095358139,+0000.0028445523839534,+0000.0012988835704375,+0000.0003247208926094
+0000.9838336603324587,+0000.0115862258141936,+0000.0028965564535483,+0000.0013468459198395,+0000.0003367114799599
+0000.9835097686154138,+0000.0117960661289103,+0000.0029490165322275,+0000.0013961189787587,+0000.0003490297446897
+0000.9831819327801862,+0000.0120077277324641,+0000.0030019319331160,+0000.0014467260433868,+0000.0003616815108467
+0000.9828501269800770,+0000.0122212078224066,+0000.0030553019556016,+0000.0014986905935315,+0000.0003746726483829
+0000.9825143252098328,+0000.0124365035405889,+0000.0031091258851472,+0000.0015520362915450,+0000.0003880090728862
+0000.9821745013079555,+0000.0126536119724074,+0000.0031634029931018,+0000.0016067869812282,+0000.0004016967453070
+0000.9818306289590562,+0000.0128725301460456,+0000.0032181325365113,+0000.0016629666867097,+0000.0004157416716774
+0000.9814826816962364,+0000.0130932550317126,+0000.0032733137579281,+0000.0017205996112983,+0000.0004301499028246
+0000.9811306329035134,+0000.0133157835408790,+0000.0033289458852197,+0000.0017797101363104,+0000.0004449275340776
+0000.9807744558182757,+0000.0135401125255097,+0000.0033850281313774,+0000.0018403228198700,+0000.0004600807049675
+0000.9804141235337784,+0000.0137662387772943,+0000.0034415596943235,+0000.0019024623956828,+0000.0004756155989207
+0000.9800496090016799,+0000.0139941590268738,+0000.0034985397567184,+0000.0019661537717824,+0000.0004915384429456
+0000.9796808850346048,+0000.0142238699430664,+0000.0035559674857665,+0000.0020314220292499,+0000.0005078555073125
+0000.9793079243087570,+0000.0144553681320896,+0000.0036138420330223,+0000.0020982924209048,+0000.0005245731052262
+0000.9789306993665637,+0000.0146886501367805,+0000.0036721625341951,+0000.0021667903699685,+0000.0005416975924921
+0000.9785491826193583,+0000.0149237124358147,+0000.0037309281089536,+0000.0022369414686985,+0000.0005592353671746
+0000.9781633463501038,+0000.0151605514429222,+0000.0037901378607305,+0000.0023087714769947,+0000.0005771928692487
+0000.9777731627161527,+0000.0153991635061022,+0000.0038497908765255,+0000.0023823063209757,+0000.0005955765802439
+0000.9773786037520468,+0000.0156395449068364,+0000.0039098862267090,+0000.0024575720915262,+0000.0006143930228815
+0000.9769796413723570,+0000.0158816918593005,+0000.0039704229648251,+0000.0025345950428137,+0000.0006336487607034
+0000.9765762473745619,+0000.0161256005095745,+0000.0040314001273936,+0000.0026134015907761,+0000.0006533503976940
+0000.9761683934419626,+0000.0163712669348520,+0000.0040928167337129,+0000.0026940183115781,+0000.0006735045778945
+0000.9757560511466444,+0000.0166186871426482,+0000.0041546717856620,+0000.0027764719400366,+0000.0006941179850091
+0000.9753391919524710,+0000.0168678570700079,+0000.0042169642675019,+0000.0028607893680153,+0000.0007151973420038
+0000.9749177872181248,+0000.0171187725827121,+0000.0042796931456779,+0000.0029469976427880,+0000.0007367494106970
+0000.9744918082001833,+0000.0173714294744842,+0000.0043428573686210,+0000.0030351239653691,+0000.0007587809913423
+0000.9740612260562381,+0000.0176258234661965,+0000.0044064558665491,+0000.0031251956888132,+0000.0007812989222033
+0000.9736260118480533,+0000.0178819502050763,+0000.0044704875512690,+0000.0032172403164812,+0000.0008043100791203
+0000.9731861365447676,+0000.0181398052639116,+0000.0045349513159778,+0000.0033112855002744,+0000.0008278213750686
+0000.9727415710261339,+0000.0183993841402582,+0000.0045998460350645,+0000.0034073590388349,+0000.0008518397597087
+0000.9722922860858014,+0000.0186606822556459,+0000.0046651705639114,+0000.0035054888757132,+0000.0008763722189283
+0000.9718382524346398,+0000.0189236949547867,+0000.0047309237386966,+0000.0036057030975016,+0000.0009014257743754
+0000.9713794407041043,+0000.0191884175047829,+0000.0047971043761956,+0000.0037080299319339,+0000.0009270074829835
+0000.9709158214496409,+0000.0194548450943366,+0000.0048637112735841,+0000.0038124977459508,+0000.0009531244364877
+0000.9704473651541360,+0000.0197229728329604,+0000.0049307432082400,+0000.0039191350437309,+0000.0009797837609327
+0000.9699740422314050,+0000.0199927957501897,+0000.0049981989375473,+0000.0040279704646864,+0000.0010069926161716
+0000.9694958230297245,+0000.0202643087947963,+0000.0050660771986990,+0000.0041390327814245,+0000.0010347581953561
+0000.9690126778354047,+0000.0205375068340041,+0000.0051343767085009,+0000.0042523508976723,+0000.0010630877244180
+0000.9685245768764071,+0000.0208123846527070,+0000.0052030961631767,+0000.0043679538461673,+0000.0010919884615418
+0000.9680314903260000,+0000.0210889369526889,+0000.0052722342381721,+0000.0044858707865112,+0000.0011214676966278
+0000.9675333883064581,+0000.0213671583518457,+0000.0053417895879613,+0000.0046061310029878,+0000.0011515327507469
+0000.9670302408928056,+0000.0216470433834114,+0000.0054117608458528,+0000.0047287639023442,+0000.0011821909755860
+0000.9665220181165978,+0000.0219285864951855,+0000.0054821466237963,+0000.0048537990115363,+0000.0012134497528840
+0000.9660086899697495,+0000.0222117820487646,+0000.0055529455121911,+0000.0049812659754360,+0000.0012453164938590
+0000.9654902264084004,+0000.0224966243187770,+0000.0056241560796942,+0000.0051111945545028,+0000.0012777986386257
+0000.9649665973568274,+0000.0227831074921213,+0000.0056957768730302,+0000.0052436146224170,+0000.0013109036556042
+0000.9644377727113954,+0000.0230712256672081,+0000.0057678064168019,+0000.0053785561636759,+0000.0013446390409190
+0000.9639037223445518,+0000.0233609728532065,+0000.0058402432133015,+0000.0055160492711522,+0000.0013790123177880
+0000.9633644161088645,+0000.0236523429692944,+0000.0059130857423235,+0000.0056561241436142,+0000.0014140310359035
+0000.9628198238410969,+0000.0239453298439141,+0000.0059863324609784,+0000.0057988110832086,+0000.0014497027708021
+0000.9622699153663311,+0000.0242399272140314,+0000.0060599818035078,+0000.0059441404929040,+0000.0014860351232260
+0000.9617146605021275,+0000.0245361287244012,+0000.0061340321811002,+0000.0060921428738968,+0000.0015230357184742
+0000.9611540290627306,+0000.0248339279268373,+0000.0062084819817092,+0000.0062428488229783,+0000.0015607122057446
+0000.9605879908633117,+0000.0251333182794883,+0000.0062833295698720,+0000.0063962890298625,+0000.0015990722574656
+0000.9600165157242566,+0000.0254342931461192,+0000.0063585732865297,+0000.0065524942744756,+0000.0016381235686189
+0000.9594395734754944,+0000.0257368457953985,+0000.0064342114488495,+0000.0067114954242061,+0000.0016778738560515
+0000.9588571339608642,+0000.0260409694001928,+0000.0065102423500481,+0000.0068733234311161,+0000.0017183308577790
+0000.9582691670425262,+0000.0263466570368665,+0000.0065866642592165,+0000.0070380093291127,+0000.0017595023322781
+0000.9576756426054130,+0000.0266539016845892,+0000.0066634754211472,+0000.0072055842310804,+0000.0018013960577701
+0000.9570765305617195,+0000.0269626962246504,+0000.0067406740561625,+0000.0073760793259742,+0000.0018440198314935
+0000.9564718008554338,+0000.0272730334397806,+0000.0068182583599450,+0000.0075495258758725,+0000.0018873814689681
+0000.9558614234669109,+0000.0275849060134808,+0000.0068962265033701,+0000.0077259552129907,+0000.0019314888032476
+0000.9552453684174812,+0000.0278983065293597,+0000.0069745766323398,+0000.0079053987366552,+0000.0019763496841638
+0000.9546236057741044,+0000.0282132274704788,+0000.0070533068676196,+0000.0080878879102377,+0000.0020219719775594
+0000.9539961056540567,+0000.0285296612187060,+0000.0071324153046764,+0000.0082734542580487,+0000.0020683635645121
+0000.9533628382296611,+0000.0288476000540784,+0000.0072119000135195,+0000.0084621293621929,+0000.0021155323405482
+0000.9527237737330554,+0000.0291670361541733,+0000.0072917590385432,+0000.0086539448593828,+0000.0021634862148457
+0000.9520788824609963,+0000.0294879615934888,+0000.0073719903983721,+0000.0088489324377141,+0000.0022122331094285
+0000.9514281347797069,+0000.0298103683428343,+0000.0074525920857084,+0000.0090471238334002,+0000.0022617809583500
+0000.9507715011297535,+0000.0301342482687302,+0000.0075335620671824,+0000.0092485508274671,+0000.0023121377068667
+0000.9501089520309671,+0000.0304595931328180,+0000.0076148982832044,+0000.0094532452424087,+0000.0023633113106021
+0000.9494404580873963,+0000.0307863945912808,+0000.0076965986478201,+0000.0096612389388022,+0000.0024153097347005
+0000.9487659899923027,+0000.0311146441942744,+0000.0077786610485685,+0000.0098725638118835,+0000.0024681409529708
+0000.9480855185331836,+0000.0314443333853695,+0000.0078610833463422,+0000.0100872517880838,+0000.0025218129470209
+0000.9473990145968371,+0000.0317754535010049,+0000.0079438633752511,+0000.0103053348215256,+0000.0025763337053814
+0000.9467064491744601,+0000.0321079957699524,+0000.0080269989424880,+0000.0105268448904799,+0000.0026317112226199
+0000.9460077933667783,+0000.0324419513127936,+0000.0081104878281982,+0000.0107518139937840,+0000.0026879534984460
+0000.9453030183892148,+0000.0327773111414085,+0000.0081943277853520,+0000.0109802741472200,+0000.0027450685368050
+0000.9445920955770857,+0000.0331140661584772,+0000.0082785165396191,+0000.0112122573798542,+0000.0028030643449635
+0000.9438749963908364,+0000.0334522071569934,+0000.0083630517892482,+0000.0114477957303375,+0000.0028619489325843
+0000.9431516924213013,+0000.0337917248197915,+0000.0084479312049477,+0000.0116869212431677,+0000.0029217303107919
+0000.9424221553950013,+0000.0341326097190870,+0000.0085331524297716,+0000.0119296659649122,+0000.0029824164912280
+0000.9416863571794705,+0000.0344748523160305,+0000.0086187130790074,+0000.0121760619403933,+0000.0030440154850983
+0000.9409442697886135,+0000.0348184429602748,+0000.0087046107400685,+0000.0124261412088346,+0000.0031065353022086
+0000.9401958653880895,+0000.0351633718895578,+0000.0087908429723893,+0000.0126799357999708,+0000.0031699839499926
+0000.9394411163007302,+0000.0355096292292982,+0000.0088774073073244,+0000.0129374777301178,+0000.0032343694325294
+0000.9386799950119815,+0000.0358572049922072,+0000.0089643012480516,+0000.0131987989982076,+0000.0032996997495519
+0000.9379124741753759,+0000.0362060890779145,+0000.0090515222694784,+0000.0134639315817848,+0000.0033659828954462
+0000.9371385266180291,+0000.0365562712726103,+0000.0091390678181524,+0000.0137329074329666,+0000.0034332268582416
+0000.9363581253461642,+0000.0369077412487024,+0000.0092269353121754,+0000.0140057584743663,+0000.0035014396185915
+0000.9355712435506616,+0000.0372604885644900,+0000.0093151221411223,+0000.0142825165949811,+0000.0035706291487452
+0000.9347778546126293,+0000.0376145026638529,+0000.0094036256659630,+0000.0145632136460437,+0000.0036408034115109
+0000.9339779321090051,+0000.0379697728759579,+0000.0094924432189893,+0000.0148478814368384,+0000.0037119703592095
+0000.9331714498181700,+0000.0383262884149821,+0000.0095815721037453,+0000.0151365517304823,+0000.0037841379326205
+0000.9323583817255936,+0000.0386840383798528,+0000.0096710095949630,+0000.0154292562396724,+0000.0038573140599181
+0000.9315387020294962,+0000.0390430117540055,+0000.0097607529385012,+0000.0157260266223976,+0000.0039315066555993
+0000.9307123851465294,+0000.0394031974051594,+0000.0098507993512896,+0000.0160268944776173,+0000.0040067236194043
+0000.9298794057174782,+0000.0397645840851104,+0000.0099411460212774,+0000.0163318913409073,+0000.0040829728352268
+0000.9290397386129807,+0000.0401271604295436,+0000.0100317901073857,+0000.0166410486800718,+0000.0041602621700179
+0000.9281933589392660,+0000.0404909149578635,+0000.0101227287394657,+0000.0169543978907238,+0000.0042385994726809
+0000.9273402420439040,+0000.0408558360730433,+0000.0102139590182606,+0000.0172719702918335,+0000.0043179925729583
+0000.9264803635215764,+0000.0412219120614936,+0000.0103054780153732,+0000.0175937971212455,+0000.0043984492803113
+0000.9256136992198563,+0000.0415891310929503,+0000.0103972827732373,+0000.0179199095311648,+0000.0044799773827911
+0000.9247402252450052,+0000.0419574812203828,+0000.0104893703050955,+0000.0182503385836132,+0000.0045625846459032
+0000.9238599179677787,+0000.0423269503799213,+0000.0105817375949801,+0000.0185851152458559,+0000.0046462788114639
+0000.9229727540292446,+0000.0426975263908057,+0000.0106743815977012,+0000.0189242703857989,+0000.0047310675964497
+0000.9220787103466106,+0000.0430691969553536,+0000.0107672992388382,+0000.0192678347673584,+0000.0048169586918395
+0000.9211777641190597,+0000.0434419496589506,+0000.0108604874147374,+0000.0196158390458020,+0000.0049039597614504
+0000.9202698928335951,+0000.0438157719700608,+0000.0109539429925149,+0000.0199683137630635,+0000.0049920784407658
+0000.9193550742708879,+0000.0441906512402592,+0000.0110476628100645,+0000.0203252893430306,+0000.0050813223357576
+0000.9184332865111339,+0000.0445665747042855,+0000.0111416436760711,+0000.0206867960868075,+0000.0051716990217018
+0000.9175045079399103,+0000.0449435294801196,+0000.0112358823700296,+0000.0210528641679523,+0000.0052632160419880
+0000.9165687172540375,+0000.0453215025690804,+0000.0113303756422698,+0000.0214235236276899,+0000.0053558809069224
+0000.9156258934674413,+0000.0457004808559454,+0000.0114251202139861,+0000.0217988043701020,+0000.0054497010925254
+0000.9146760159170146,+0000.0460804511090947,+0000.0115201127772734,+0000.0221787361572939,+0000.0055446840393234
+0000.9137190642684802,+0000.0464613999806764,+0000.0116153499951688,+0000.0225633486045397,+0000.0056408371511348
+0000.9127550185222468,+0000.0468433140067962,+0000.0117108285016988,+0000.0229526711754066,+0000.0057381677938515
+0000.9117838590192646,+0000.0472261796077305,+0000.0118065449019323,+0000.0233467331768580,+0000.0058366832942144
+0000.9108055664468744,+0000.0476099830881623,+0000.0119024957720403,+0000.0237455637543386,+0000.0059363909385846
+0000.9098201218446484,+0000.0479947106374416,+0000.0119986776593601,+0000.0241491918868398,+0000.0060372979717099
+0000.9088275066102275,+0000.0483803483298702,+0000.0120950870824672,+0000.0245576463819481,+0000.0061394115954869
+0000.9078277025051427,+0000.0487668821250100,+0000.0121917205312522,+0000.0249709558708762,+0000.0062427389677189
+0000.9068206916606303,+0000.0491542978680166,+0000.0122885744670038,+0000.0253891488034794,+0000.0063472872008697
+0000.9058064565834336,+0000.0495425812899976,+0000.0123856453224991,+0000.0258122534432557,+0000.0064530633608138
+0000.9047849801615897,+0000.0499317180083953,+0000.0124829295020985,+0000.0262402978623331,+0000.0065600744655832
+0000.9037562456702023,+0000.0503216935273952,+0000.0125804233818485,+0000.0266733099364432,+0000.0066683274841107
+0000.9027202367771958,+0000.0507124932383598,+0000.0126781233095896,+0000.0271113173398840,+0000.0067778293349709
+0000.9016769375490535,+0000.0511041024202874,+0000.0127760256050715,+0000.0275543475404702,+0000.0068885868851174
+0000.9006263324565345,+0000.0514965062402976,+0000.0128741265600741,+0000.0280024277944753,+0000.0070006069486187
+0000.8995684063803688,+0000.0518896897541420,+0000.0129724224385351,+0000.0284555851415635,+0000.0071138962853908
+0000.8985031446169304,+0000.0522836379067409,+0000.0130709094766849,+0000.0289138463997152,+0000.0072284615999287
+0000.8974305328838862,+0000.0526783355327471,+0000.0131695838831864,+0000.0293772381601442,+0000.0073443095400359
+0000.8963505573258168,+0000.0530737673571354,+0000.0132684418392835,+0000.0298457867822114,+0000.0074614466955527
+0000.8952632045198117,+0000.0534699179958189,+0000.0133674794989544,+0000.0303195183883321,+0000.0075798795970829
+0000.8941684614810340,+0000.0538667719562919,+0000.0134666929890726,+0000.0307984588588814,+0000.0076996147147202
+0000.8930663156682551,+0000.0542643136382997,+0000.0135660784095746,+0000.0312826338270968,+0000.0078206584567741
+0000.8919567549893550,+0000.0546625273345360,+0000.0136656318336336,+0000.0317720686739803,+0000.0079430171684949
+0000.8908397678067926,+0000.0550613972313663,+0000.0137653493078412,+0000.0322667885232002,+0000.0080666971307999
+0000.8897153429430329,+0000.0554609074095795,+0000.0138652268523945,+0000.0327668182359949,+0000.0081917045589986
+0000.8885834696859439,+0000.0558610418451661,+0000.0139652604612912,+0000.0332721824060790,+0000.0083180456015196
+0000.8874441377941524,+0000.0562617844101249,+0000.0140654461025308,+0000.0337829053545537,+0000.0084457263386382
+0000.8862973375023545,+0000.0566631188732957,+0000.0141657797183235,+0000.0342990111248213,+0000.0085747527812052
+0000.8851430595265890,+0000.0570650289012211,+0000.0142662572253049,+0000.0348205234775081,+0000.0087051308693768
+0000.8839812950694660,+0000.0574674980590352,+0000.0143668745147584,+0000.0353474658853926,+0000.0088368664713480
+0000.8828120358253442,+0000.0578705098113803,+0000.0144676274528447,+0000.0358798615283446,+0000.0089699653820860
+0000.8816352739854693,+0000.0582740475233514,+0000.0145685118808374,+0000.0364177332882738,+0000.0091044333220683
+0000.8804510022430532,+0000.0586780944614683,+0000.0146695236153667,+0000.0369611037440896,+0000.0092402759360222
+0000.8792592137983116,+0000.0590826337946764,+0000.0147706584486687,+0000.0375099951666750,+0000.0093774987916686
+0000.8780599023634407,+0000.0594876485953746,+0000.0148719121488432,+0000.0380644295138734,+0000.0095161073784682
+0000.8768530621675453,+0000.0598931218404719,+0000.0149732804601175,+0000.0386244284254923,+0000.0096561071063729
+0000.8756386879615081,+0000.0602990364124711,+0000.0150747591031173,+0000.0391900132183231,+0000.0097975033045806
+0000.8744167750227990,+0000.0607053751005816,+0000.0151763437751450,+0000.0397612048811796,+0000.0099403012202947
+0000.8731873191602307,+0000.0611121206018595,+0000.0152780301504644,+0000.0403380240699565,+0000.0100845060174889
+0000.8719503167186454,+0000.0615192555223757,+0000.0153798138805935,+0000.0409204911027087,+0000.0102301227756770
+0000.8707057645835442,+0000.0619267623784124,+0000.0154816905946027,+0000.0415086259547530,+0000.0103771564886881
+0000.8694536601856481,+0000.0623346235976873,+0000.0155836558994214,+0000.0421024482537948,+0000.0105256120634485
+0000.8681940015053957,+0000.0627428215206051,+0000.0156857053801508,+0000.0427019772750788,+0000.0106754943187695
+0000.8669267870773680,+0000.0631513384015385,+0000.0157878346003842,+0000.0433072319365674,+0000.0108268079841416
+0000.8656520159946477,+0000.0635601564101347,+0000.0158900391025332,+0000.0439182307941476,+0000.0109795576985367
+0000.8643696879131025,+0000.0639692576326519,+0000.0159923144081625,+0000.0445349920368666,+0000.0111337480092164
+0000.8630798030555988,+0000.0643786240733216,+0000.0160946560183300,+0000.0451575334821997,+0000.0112893833705497
+0000.8617823622161384,+0000.0647882376557397,+0000.0161970594139345,+0000.0457858725713503,+0000.0114464681428373
+0000.8604773667639158,+0000.0651980802242841,+0000.0162995200560706,+0000.0464200263645836,+0000.0116050065911457
+0000.8591648186473042,+0000.0656081335455605,+0000.0164020333863897,+0000.0470600115365967,+0000.0117650028841489
+0000.8578447203977506,+0000.0660183793098748,+0000.0165045948274682,+0000.0477058443719254,+0000.0119264610929811
+0000.8565170751335991,+0000.0664287991327324,+0000.0166071997831826,+0000.0483575407603890,+0000.0120893851900970
+0000.8551818865638238,+0000.0668393745563656,+0000.0167098436390909,+0000.0490151161925760,+0000.0122537790481437
+0000.8538391589916798,+0000.0672500870512860,+0000.0168125217628210,+0000.0496785857553706,+0000.0124196464388424
+0000.8524888973182668,+0000.0676609180178650,+0000.0169152295044658,+0000.0503479641275223,+0000.0125869910318803
+0000.8511311070460010,+0000.0680718487879397,+0000.0170179621969844,+0000.0510232655752600,+0000.0127558163938147
+0000.8497657942820029,+0000.0684828606264460,+0000.0171207151566110,+0000.0517045039479523,+0000.0129261259869878
+0000.8483929657413868,+0000.0688939347330770,+0000.0172234836832688,+0000.0523916926738144,+0000.0130979231684533
+0000.8470126287504613,+0000.0693050522439670,+0000.0173262630609913,+0000.0530848447556645,+0000.0132712111889158
+0000.8456247912498343,+0000.0697161942334023,+0000.0174290485583501,+0000.0537839727667309,+0000.0134459931916824
+0000.8442294617974186,+0000.0701273417155560,+0000.0175318354288885,+0000.0544890888465099,+0000.0136222722116272
+0000.8428266495713431,+0000.0705384756462486,+0000.0176346189115617,+0000.0552002046966777,+0000.0138000511741691
+0000.8414163643727622,+0000.0709495769247338,+0000.0177373942311830,+0000.0559173315770572,+0000.0139793328942640
+0000.8399986166285653,+0000.0713606263955081,+0000.0178401565988765,+0000.0566404803016405,+0000.0141601200754098
+0000.8385734173939826,+0000.0717716048501450,+0000.0179429012125358,+0000.0573696612346695,+0000.0143424153086671
+0000.8371407783550886,+0000.0721824930291539,+0000.0180456232572880,+0000.0581048842867756,+0000.0145262210716936
+0000.8357007118311988,+0000.0725932716238619,+0000.0181483179059650,+0000.0588461589111797,+0000.0147115397277946
+0000.8342532307771584,+0000.0730039212783189,+0000.0182509803195792,+0000.0595934940999549,+0000.0148983735249884
+0000.8327983487855272,+0000.0734144225912272,+0000.0183536056478063,+0000.0603468983803519,+0000.0150867245950877
+0000.8313360800886488,+0000.0738247561178919,+0000.0184561890294725,+0000.0611063798111897,+0000.0152765949527971
+0000.8298664395606152,+0000.0742349023721956,+0000.0185587255930484,+0000.0618719459793128,+0000.0154679864948279
+0000.8283894427191144,+0000.0746448418285936,+0000.0186612104571479,+0000.0626436039961155,+0000.0156609009990285
+0000.8269051057271655,+0000.0750545549241321,+0000.0187636387310325,+0000.0634213604941361,+0000.0158553401235337
+0000.8254134453947415,+0000.0754640220604869,+0000.0188660055151212,+0000.0642052216237207,+0000.0160513054059298
+0000.8239144791802722,+0000.0758732236060232,+0000.0189683059015053,+0000.0649951930497597,+0000.0162487982624396
+0000.8224082251920339,+0000.0762821398978766,+0000.0190705349744686,+0000.0657912799484970,+0000.0164478199871239
+0000.8208947021894176,+0000.0766907512440531,+0000.0191726878110127,+0000.0665934870044135,+0000.0166483717511030
+0000.8193739295840795,+0000.0770990379255498,+0000.0192747594813869,+0000.0674018184071874,+0000.0168504546017965
+0000.8178459274409694,+0000.0775069801984946,+0000.0193767450496231,+0000.0682162778487306,+0000.0170540694621823
+0000.8163107164792395,+0000.0779145582963046,+0000.0194786395740756,+0000.0690368685203044,+0000.0172592171300757
+0000.8147683180730290,+0000.0783217524318631,+0000.0195804381079652,+0000.0698635931097144,+0000.0174658982774282
+0000.8132187542521248,+0000.0787285427997145,+0000.0196821356999281,+0000.0706964537985866,+0000.0176741134496462
+0000.8116620477024982,+0000.0791349095782764,+0000.0197837273945686,+0000.0715354522597259,+0000.0178838630649310
+0000.8100982217667169,+0000.0795408329320697,+0000.0198852082330169,+0000.0723805896545577,+0000.0180951474136390
+0000.8085273004442282,+0000.0799462930139636,+0000.0199865732534903,+0000.0732318666306547,+0000.0183079666576632
+0000.8069493083915172,+0000.0803512699674380,+0000.0200878174918590,+0000.0740892833193488,+0000.0185223208298368
+0000.8053642709221357,+0000.0807557439288615,+0000.0201889359822148,+0000.0749528393334308,+0000.0187382098333573
+0000.8037722140066011,+0000.0811596950297823,+0000.0202899237574450,+0000.0758225337649376,+0000.0189556334412340
+0000.8021731642721688,+0000.0815631033992370,+0000.0203907758498087,+0000.0766983651830291,+0000.0191745912957568
+0000.8005671490024699,+0000.0819659491660698,+0000.0204914872915169,+0000.0775803316319550,+0000.0193950829079883
+0000.7989541961370241,+0000.0823682124612679,+0000.0205920531153164,+0000.0784684306291135,+0000.0196171076572779
+0000.7973343342706133,+0000.0827698734203082,+0000.0206924683550765,+0000.0793626591632022,+0000.0198406647908001
+0000.7957075926525281,+0000.0831709121855162,+0000.0207927280463785,+0000.0802630136924621,+0000.0200657534231151
+0000.7940740011856824,+0000.0835713089084379,+0000.0208928272271089,+0000.0811694901430170,+0000.0202923725357538
+0000.7924335904255901,+0000.0839710437522216,+0000.0209927609380548,+0000.0820820839073071,+0000.0205205209768263
+0000.7907863915792122,+0000.0843700968940107,+0000.0210925242235021,+0000.0830007898426203,+0000.0207501974606546
+0000.7891324365036694,+0000.0847684485273464,+0000.0211921121318360,+0000.0839256022697191,+0000.0209814005674293
+0000.7874717577048168,+0000.0851660788645801,+0000.0212915197161444,+0000.0848565149715675,+0000.0212141287428914
+0000.7858043883356897,+0000.0855629681392939,+0000.0213907420348229,+0000.0857935211921553,+0000.0214483802980383
+0000.7841303621948099,+0000.0859590966087301,+0000.0214897741521819,+0000.0867366136354231,+0000.0216841534088552
+0000.7824497137243578,+0000.0863544445562270,+0000.0215886111390561,+0000.0876857844642875,+0000.0219214461160713
+0000.7807624780082121,+0000.0867489922936632,+0000.0216872480734152,+0000.0886410252997682,+0000.0221602563249415
+0000.7790686907698476,+0000.0871427201639068,+0000.0217856800409761,+0000.0896023272202158,+0000.0224005818050534
+0000.7773683883701070,+0000.0875356085432711,+0000.0218839021358171,+0000.0905696807606444,+0000.0226424201901605
+0000.7756616078048262,+0000.0879276378439743,+0000.0219819094609929,+0000.0915430759121656,+0000.0228857689780408
+0000.7739483867023345,+0000.0883187885166052,+0000.0220796971291506,+0000.0925225021215282,+0000.0231306255303814
+0000.7722287633208118,+0000.0887090410525908,+0000.0221772602631470,+0000.0935079482907609,+0000.0233769870726896
+0000.7705027765455141,+0000.0890983759866677,+0000.0222745939966662,+0000.0944994027769220,+0000.0236248506942299
+0000.7687704658858641,+0000.0894867738993564,+0000.0223716934748384,+0000.0954968533919535,+0000.0238742133479878
+0000.7670318714724036,+0000.0898742154194365,+0000.0224685538548584,+0000.0965002874026416,+0000.0241250718506598
+0000.7652870340536173,+0000.0902606812264230,+0000.0225651703066050,+0000.0975096915306845,+0000.0243774228826705
+0000.7635359949926144,+0000.0906461520530435,+0000.0226615380132602,+0000.0985250519528663,+0000.0246312629882159
+0000.7617787962636837,+0000.0910306086877145,+0000.0227576521719279,+0000.0995463543013394,+0000.0248865885753342
+0000.7600154804487123,+0000.0914140319770171,+0000.0228535079942535,+0000.1005735836640143,+0000.0251433959160029
+0000.7582460907334674,+0000.0917964028281706,+0000.0229491007070419,+0000.1016067245850565,+0000.0254016811462635
+0000.7564706709037539,+0000.0921777022115042,+0000.0230444255528753,+0000.1026457610654938,+0000.0256614402663728
+0000.7546892653414321,+0000.0925579111629252,+0000.0231394777907306,+0000.1036906765639302,+0000.0259226691409819
+0000.7529019190203092,+0000.0929370107863837,+0000.0232342526965952,+0000.1047414539973700,+0000.0261853634993418
+0000.7511086775018974,+0000.0933149822563330,+0000.0233287455640825,+0000.1057980757421501,+0000.0264495189355369
+0000.7493095869310442,+0000.0936918068201842,+0000.0234229517050453,+0000.1068605236349815,+0000.0267151309087447
+0000.7475046940314315,+0000.0940674658007557,+0000.0235168664501882,+0000.1079287789741003,+0000.0269821947435244
+0000.7456940461009478,+0000.0944419405987159,+0000.0236104851496782,+0000.1090028225205272,+0000.0272507056301311
+0000.7438776910069324,+0000.0948152126950183,+0000.0237038031737538,+0000.1100826344994368,+0000.0275206586248585
