+0000.0000000000000000,+0001.0000000000000000,+0000.0000000000000000,+0000.0000000000000000,+0000.0000000000000000
+0000.0000965719169467,+0000.9999024256075838,+0000.0000000005701771,+0000.0000010019052342,+0000.0000000000000582
+0000.0003866264345631,+0000.9996093534353188,+0000.0000000090903169,+0000.0000040110383504,+0000.0000000000014508
+0000.0008706001761425,+0000.9991203220886558,+0000.0000000457978164,+0000.0000090319260462,+0000.0000000000113391
+0000.0015488336364280,+0000.9984349540281529,+0000.0000001439966383,+0000.0000160682868870,+0000.0000000000518938
+0000.0024215702713663,+0000.9975529568494830,+0000.0000003496848578,+0000.0000251230204737,+0000.0000000001738189
+0000.0034889556372410,+0000.9964741245102684,+0000.0000007211813409,+0000.0000361981969929,+0000.0000000004741567
+0000.0047510365821556,+0000.9951983385008980,+0000.0000013287515185,+0000.0000492950471759,+0000.0000000011182519
+0000.0062077604927625,+0000.9937255689565556,+0000.0000022542322266,+0000.0000644139526983,+0000.0000000023657568
+0000.0078589745990549,+0000.9920558757077487,+0000.0000035906555971,+0000.0000815544370477,+0000.0000000046005514
+0000.0097044253399534,+0000.9901894092667070,+0000.0000054418719960,+0000.0001007151568860,+0000.0000000083644577
+0000.0117437577923260,+0000.9881264117471044,+0000.0000079221720147,+0000.0001218938939353,+0000.0000000143946197
+0000.0139765151659816,+0000.9858672177146450,+0000.0000111559075371,+0000.0001450875474114,+0000.0000000236644249
+0000.0164021383670692,+0000.9834122549661493,+0000.0000152771119139,+0000.0001702921270308,+0000.0000000374278364
+0000.0190199656322073,+0000.9807620452348788,+0000.0000204291192904,+0000.0001975027466160,+0000.0000000572670074
+0000.0218292322355441,+0000.9779172048199448,+0000.0000267641831460,+0000.0002267136183202,+0000.0000000851430448
+0000.0248290702708325,+0000.9748784451377644,+0000.0000344430941175,+0000.0002579180474956,+0000.0000001234497904
+0000.0280185085104671,+0000.9716465731936353,+0000.0000436347971886,+0000.0002911084282248,+0000.0000001750704840
+0000.0313964723433018,+0000.9682224919716471,+0000.0000545160083439,+0000.0003262762395352,+0000.0000002434371720
+0000.0349617837929226,+0000.9646072007412416,+0000.0000672708307958,+0000.0003634120423150,+0000.0000003325927249
+0000.0387131616179088,+0000.9608017952789131,+0000.0000820903709056,+0000.0004025054769481,+0000.0000004472553242
+0000.0426492214954642,+0000.9568074680036427,+0000.0000991723539321,+0000.0004435452616836,+0000.0000005928852775
+0000.0467684762896502,+0000.9526255080248200,+0000.0001187207397541,+0000.0004865191917538,+0000.0000007757540217
+0000.0510693364052918,+0000.9482573011015606,+0000.0001409453387214,+0000.0005314141392551,+0000.0000010030151711
+0000.0555501102284724,+0000.9437043295124566,+0000.0001660614278030,+0000.0005782160538024,+0000.0000012827774655
+0000.0602090046543670,+0000.9389681718349794,+0000.0001942893672103,+0000.0006269099639677,+0000.0000016241794759
+0000.0650441257029989,+0000.9340505026338879,+0000.0002258542176828,+0000.0006774799795110,+0000.0000020374659192
+0000.0700534792233389,+0000.9289530920581758,+0000.0002609853586343,+0000.0007299092944118,+0000.0000025340654394
+0000.0752349716859955,+0000.9236778053462279,+0000.0002999161073658,+0000.0007841801907061,+0000.0000031266697049
+0000.0805864110645751,+0000.9182266022390544,+0000.0003428833395597,+0000.0008402740431328,+0000.0000038293136780
+0000.0861055078056197,+0000.9126015363016018,+0000.0003901271112787,+0000.0008981713245931,+0000.0000046574569068
+0000.0917898758868603,+0000.9068047541523258,+0000.0004418902826977,+0000.0009578516124229,+0000.0000056280656936
+0000.0976370339633493,+0000.9008384946013737,+0000.0004984181438060,+0000.0010192935954781,+0000.0000067596959927
+0000.1036444066008712,+0000.8947050876978875,+0000.0005599580423212,+0000.0010824750820309,+0000.0000080725768890
+0000.1098093255958542,+0000.8884069536870991,+0000.0006267590140614,+0000.0011473730084726,+0000.0000095886945129
+0000.1161290313808433,+0000.8819466018780655,+0000.0006990714160273,+0000.0012139634488190,+0000.0000113318762449
+0000.1226006745144301,+0000.8753266294230476,+0000.0007771465624484,+0000.0012822216250095,+0000.0000133278750643
+0000.1292213172543668,+0000.8685497200096883,+0000.0008612363640508,+0000.0013521219179944,+0000.0000156044538999
+0000.1359879352124375,+0000.8616186424673202,+0000.0009515929708070,+0000.0014236378795979,+0000.0000181914698375
+0000.1428974190895015,+0000.8545362492888785,+0000.0010484684184265,+0000.0014967422451472,+0000.0000211209580463
+0000.1499465764889684,+0000.8473054750700452,+0000.0011521142788508,+0000.0015714069468539,+0000.0000244272152814
+0000.1571321338068223,+0000.8399293348674043,+0000.0012627813150117,+0000.0016476031279346,+0000.0000281468828272
+0000.1644507381961630,+0000.8324109224775246,+0000.0013807191401137,+0000.0017253011574541,+0000.0000323190287446
+0000.1718989596040981,+0000.8247534086390389,+0000.0015061758816985,+0000.0018044706458749,+0000.0000369852292894
+0000.1794732928786861,+0000.8169600391599025,+0000.0016393978507465,+0000.0018850804612945,+0000.0000421896493704
+0000.1871701599435016,+0000.8090341329721588,+0000.0017806292160688,+0000.0019670987463517,+0000.0000479791219189
+0000.1949859120372784,+0000.8009790801166621,+0000.0019301116842353,+0000.0020504929357801,+0000.0000544032260443
+0000.2029168320159641,+0000.7927983396603102,+0000.0020880841852851,+0000.0021352297745884,+0000.0000615143638522
+0000.2109591367144241,+0000.7844954375484710,+0000.0022547825644549,+0000.0022212753368434,+0000.0000693678358066
+0000.2191089793649193,+0000.7760739643953705,+0000.0024304392801586,+0000.0023085950450330,+0000.0000780219145188
+0000.2273624520694015,+0000.7675375732153230,+0000.0026152831084418,+0000.0023971536899833,+0000.0000875379168504
+0000.2357155883225771,+0000.7588899770977666,+0000.0028095388541304,+0000.0024869154513048,+0000.0000979802742212
+0000.2441643655826161,+0000.7501349468291447,+0000.0030134270688818,+0000.0025778439183409,+0000.0001094166010165
+0000.2527047078863139,+0000.7412763084647638,+0000.0032271637763403,+0000.0026699021115915,+0000.0001219177609903
+0000.2613324885054499,+0000.7323179408538085,+0000.0034509602045894,+0000.0027630525045833,+0000.0001355579315688
+0000.2700435326410356,+0000.7232637731207642,+0000.0036850225260825,+0000.0028572570461594,+0000.0001504146659586
+0000.2788336201521013,+0000.7141177821065464,+0000.0039295516052263,+0000.0029524771831567,+0000.0001665689529693
+0000.2876984883156296,+0000.7048839897726813,+0000.0041847427537777,+0000.0030486738834448,+0000.0001841052744666
+0000.2966338346142191,+0000.6955664605719087,+0000.0044507854942066,+0000.0031458076592933,+0000.0002031116603722
+0000.3056353195480424,+0000.6861692987886181,+0000.0047278633311652,+0000.0032438385910390,+0000.0002236797411354
+0000.3146985694676459,+0000.6766966458525386,+0000.0050161535311917,+0000.0033427263510221,+0000.0002459047976014
+0000.3238191794241426,+0000.6671526776291198,+0000.0053158269107674,+0000.0034424302277603,+0000.0002698858082098
+0000.3329927160333461,+0000.6575416016900346,+0000.0056270476328316,+0000.0035429091503302,+0000.0002957254934573
+0000.3422147203504131,+0000.6478676545672470,+0000.0059499730118475,+0000.0036441217129256,+0000.0003235303575667
+0000.3514807107515766,+0000.6381350989940547,+0000.0062847533275019,+0000.0037460261995614,+0000.0003534107273052
+0000.3607861858195864,+0000.6283482211365146,+0000.0066315316471053,+0000.0038485806088922,+0000.0003854807879015
+0000.3701266272295011,+0000.6185113278186152,+0000.0069904436567508,+0000.0039517426791165,+0000.0004198586160165
+0000.3794975026315268,+0000.6086287437445412,+0000.0073616175012757,+0000.0040554699129346,+0000.0004566662097219
+0000.3888942685276411,+0000.5987048087213189,+0000.0077451736330563,+0000.0041597196025317,+0000.0004960295154521
+0000.3983123731388026,+0000.5887438748850912,+0000.0081412246696569,+0000.0042644488545559,+0000.0005380784518935
+0000.4077472592596039,+0000.5787503039342125,+0000.0085498752603400,+0000.0043696146150626,+0000.0005829469307809
+0000.4171943670973013,+0000.5687284643722926,+0000.0089712219614322,+0000.0044751736943968,+0000.0006307728745770
+0000.4266491370922238,+0000.5586827287642503,+0000.0094053531205299,+0000.0045810827919854,+0000.0006816982310108
+0000.4361070127166494,+0000.5486174710083643,+0000.0098523487695161,+0000.0046872985210117,+0000.0007358689844586
+0000.4455634432493210,+0000.5385370636272322,+0000.0103122805263482,+0000.0047937774329462,+0000.0007934351641526
+0000.4550138865228600,+0000.5284458750804599,+0000.0107852115055670,+0000.0049004760419081,+0000.0008545508492049
+0000.4644538116414438,+0000.5183482671018199,+0000.0112711962374627,+0000.0050073508488314,+0000.0009193741704420
+0000.4738787016661943,+0000.5082485920635221,+0000.0117702805958281,+0000.0051143583654121,+0000.0009880673090435
+0000.4832840562658460,+0000.4981511903701419,+0000.0122825017342139,+0000.0052214551378130,+0000.0010607964919853
+0000.4926653943303572,+0000.4880603878846547,+0000.0128078880305950,+0000.0053285977701039,+0000.0011377319842893
+0000.5020182565452396,+0000.4779804933889162,+0000.0133464590403452,+0000.0054357429474148,+0000.0012190480780839
+0000.5113382079244975,+0000.4679157960808262,+0000.0138982254574092,+0000.0055428474587825,+0000.0013049230784845
+0000.5206208403001770,+0000.4578705631102989,+0000.0144631890835518,+0000.0056498682196703,+0000.0013955392863021
+0000.5298617747666445,+0000.4478490371560591,+0000.0150413428055578,+0000.0057567622941427,+0000.0014910829775957
+0000.5390566640778353,+0000.4378554340451618,+0000.0156326705802454,+0000.0058634869166769,+0000.0015917443800807
+0000.5482011949958194,+0000.4278939404170223,+0000.0162371474271509,+0000.0059699995135955,+0000.0016977176464119
+0000.5572910905891700,+0000.4179687114336299,+0000.0168547394287361,+0000.0060762577241038,+0000.0018092008243601
+0000.5663221124797194,+0000.4080838685374986,+0000.0174854037379613,+0000.0061822194209185,+0000.0019263958239023
+0000.5752900630364257,+0000.3982434972587889,+0000.0181290885930633,+0000.0062878427304735,+0000.0020495083812485
+0000.5841907875151806,+0000.3884516450729283,+0000.0187857333393715,+0000.0063930860526910,+0000.0021787480198285
+0000.5930201761435110,+0000.3787123193099276,+0000.0194552684579909,+0000.0064979080803065,+0000.0023143280082640
+0000.6017741661492492,+0000.3690294851164844,+0000.0201376156011760,+0000.0066022678177383,+0000.0024564653153522
+0000.6104487437323574,+0000.3594070634718469,+0000.0208326876342175,+0000.0067061245994910,+0000.0026053805620868
+0000.6190399459792129,+0000.3498489292582957,+0000.0215403886836576,+0000.0068094381080871,+0000.0027612979707468
+0000.6275438627187642,+0000.3403589093869894,+0000.0222606141916508,+0000.0069121683915169,+0000.0029244453110785
+0000.6359566383200966,+0000.3309407809798153,+0000.0229932509762815,+0000.0070142758802044,+0000.0030950538436021
+0000.6442744734310328,+0000.3215982696077639,+0000.0237381772976507,+0000.0071157214034810,+0000.0032733582600715
+0000.6524936266575200,+0000.3123350475862584,+0000.0244952629295404,+0000.0072164662055649,+0000.0034595966211162
+0000.6606104161836451,+0000.3031547323277495,+0000.0252643692364665,+0000.0073164719610430,+0000.0036540102910959
+0000.6686212213322261,+0000.2940608847517961,+0000.0260453492559276,+0000.0074157007898531,+0000.0038568438701972
+0000.6765224840660232,+0000.2850570077527492,+0000.0268380477856605,+0000.0075141152717653,+0000.0040683451238017
+0000.6843107104297091,+0000.2761465447250627,+0000.0276423014757101,+0000.0076116784603628,+0000.0042887649091551
+0000.6919824719328203,+0000.2673328781461639,+0000.0284579389251274,+0000.0077083538965226,+0000.0045183570993657
+0000.6995344068740098,+0000.2586193282167270,+0000.0292847807831046,+0000.0078041056213977,+0000.0047573785047611
+0000.7069632216069933,+0000.2500091515581076,+0000.0301226398543645,+0000.0078988981889029,+0000.0050060887916316
+0000.7142656917486666,+0000.2415055399666205,+0000.0309713212086186,+0000.0079926966777080,+0000.0052647503983865
+0000.7214386633299386,+0000.2331116192242556,+0000.0318306222939134,+0000.0080854667027417,+0000.0055336284491505
+0000.7284790538899077,+0000.2248304479653662,+0000.0327003330536876,+0000.0081771744262111,+0000.0058129906648272
+0000.7353838535140595,+0000.2166650165987831,+0000.0335802360473634,+0000.0082677865681419,+0000.0061031072716523
+0000.7421501258172379,+0000.2086182462847501,+0000.0344701065743027,+0000.0083572704164454,+0000.0064042509072638
+0000.7487750088721972,+0000.2006929879660145,+0000.0353697128009588,+0000.0084455938365184,+0000.0067166965243110
+0000.7552557160845876,+0000.1928920214523428,+0000.0362788158910611,+0000.0085327252803837,+0000.0070407212916248
+0000.7615895370152882,+0000.1852180545576889,+0000.0371971701386731,+0000.0086186337953782,+0000.0073766044929718
+0000.7677738381510365,+0000.1776737222891844,+0000.0381245231039688,+0000.0087032890323970,+0000.0077246274234131
+0000.7738060636243517,+0000.1702615860870819,+0000.0390606157515779,+0000.0087866612537019,+0000.0080850732832868
+0000.7796837358837720,+0000.1629841331147366,+0000.0400051825913538,+0000.0088687213403032,+0000.0084582270698344
+0000.7854044563154815,+0000.1558437755976813,+0000.0409579518214252,+0000.0089494407989238,+0000.0088443754664881
+0000.7909659058173987,+0000.1488428502108113,+0000.0419186454733952,+0000.0090287917685565,+0000.0092438067298382
+0000.7963658453268542,+0000.1419836175126702,+0000.0428869795595590,+0000.0091067470266222,+0000.0096568105742947
+0000.8016021163029777,+0000.1352682614258045,+0000.0438626642220147,+0000.0091832799947413,+0000.0100836780544616
+0000.8066726411649530,+0000.1286988887621323,+0000.0448454038835498,+0000.0092583647441275,+0000.0105247014452373
+0000.8115754236872879,+0000.1222775287922529,+0000.0458348974001880,+0000.0093319760006152,+0000.0109801741196563
+0000.8163085493532765,+0000.1160061328576174,+0000.0468308382152895,+0000.0094040891493304,+0000.0114503904244861
+0000.8208701856678237,+0000.1098865740244636,+0000.0478329145151026,+0000.0094746802390166,+0000.0119356455535933
+0000.8252585824307956,+0000.1039206467784175,+0000.0488408093856682,+0000.0095437259860271,+0000.0124362354190916
+0000.8294720719720760,+0000.0981100667586592,+0000.0498542009709868,+0000.0096112037779934,+0000.0129524565202847
+0000.8335090693494850,+0000.0924564705305533,+0000.0508727626323628,+0000.0096770916771814,+0000.0134846058104175
+0000.8373680725107165,+0000.0869614153956465,+0000.0518961631088434,+0000.0097413684235463,+0000.0140329805612471
+0000.8410476624204329,+0000.0816263792379426,+0000.0529240666786793,+0000.0098040134374977,+0000.0145978782254475
+0000.8445465031536428,+0000.0764527604053773,+0000.0539561333217353,+0000.0098650068223842,+0000.0151795962968606
+0000.8478633419564723,+0000.0714418776254243,+0000.0549920188827875,+0000.0099243293667097,+0000.0157784321686064
+0000.8509970092754114,+0000.0665949699537836,+0000.0560313752356469,+0000.0099819625460916,+0000.0163946829890666
+0000.8539464187560989,+0000.0619131967551200,+0000.0570738504480545,+0000.0100378885249711,+0000.0170286455157554
+0000.8567105672126841,+0000.0573976377148391,+0000.0581190889472979,+0000.0100920901580855,+0000.0176806159670930
+0000.8592885345687715,+0000.0530492928809121,+0000.0591667316865048,+0000.0101445509917140,+0000.0183508898720975
+0000.8616794837709232,+0000.0488690827347880,+0000.0602164163115717,+0000.0101952552647049,+0000.0190397619180120
+0000.8638826606756738,+0000.0448578482904545,+0000.0612677773286915,+0000.0102441879092953,+0000.0197475257958848
+0000.8658973939109538,+0000.0410163512207432,+0000.0623204462724480,+0000.0102913345517316,+0000.0204744740441235
+0000.8677230947128096,+0000.0373452740099994,+0000.0633740518744487,+0000.0103366815127009,+0000.0212208978900417
+0000.8693592567382495,+0000.0338452201322766,+0000.0644282202324702,+0000.0103802158075801,+0000.0219870870894237
+0000.8708054558550171,+0000.0305167142542433,+0000.0654825749800967,+0000.0104219251465138,+0000.0227733297641291
+0000.8720613499090488,+0000.0273602024620278,+0000.0665367374568312,+0000.0104617979343259,+0000.0235799122377665
+0000.8731266784703313,+0000.0243760525112633,+0000.0675903268786673,+0000.0104998232702756,+0000.0244071188694624
+0000.8740012625578384,+0000.0215645540996329,+0000.0686429605091074,+0000.0105359909476625,+0000.0252552318857590
+0000.8746850043441692,+0000.0189259191612506,+0000.0696942538306177,+0000.0105702914532895,+0000.0261245312106729
+0000.8751778868404871,+0000.0164602821822571,+0000.0707438207165149,+0000.0106027159667892,+0000.0270152942939517
+0000.8754799735622900,+0000.0141677005370448,+0000.0717912736032769,+0000.0106332563598201,+0000.0279277959375683
+0000.8755914081765196,+0000.0120481548445709,+0000.0728362236632764,+0000.0106619051951385,+0000.0288623081204947
+0000.8755124141304598,+0000.0101015493442547,+0000.0738782809779338,+0000.0106886557255505,+0000.0298190998218011
+0000.8752432942628300,+0000.0083277122909980,+0000.0749170547112913,+0000.0107135018927507,+0000.0307984368421300
+0000.8747844303974383,+0000.0067263963689087,+0000.0759521532840062,+0000.0107364383260500,+0000.0318005816235969
+0000.8741362829197116,+0000.0052972791233472,+0000.0769831845477671,+0000.0107574603409984,+0000.0328257930681755
+0000.8732993903363778,+0000.0040399634109576,+0000.0780097559601343,+0000.0107765639379044,+0000.0338743263546262
+0000.8722743688185186,+0000.0029539778673859,+0000.0790314747598058,+0000.0107937458002559,+0000.0349464327540338
+0000.8710619117281929,+0000.0020387773924279,+0000.0800479481423128,+0000.0108090032930447,+0000.0360423594440215
+0000.8696627891287539,+0000.0012937436523884,+0000.0810587834361452,+0000.0108223344609959,+0000.0371623493217164
+0000.8680778472789701,+0000.0007181855994740,+0000.0820635882793095,+0000.0108337380267054,+0000.0383066408155411
+0000.8663080081109983,+0000.0003113400080799,+0000.0830619707963193,+0000.0108432133886861,+0000.0394754676959166
+0000.8643542686922296,+0000.0000723720278676,+0000.0840535397756182,+0000.0108507606193238,+0000.0406690588849610
+0000.8622177006709757,+0000.0000003757535692,+0000.0850379048474336,+0000.0108563804627436,+0000.0418876382652778
+0000.8598994497059380,+0000.0000943748114887,+0000.0860146766620578,+0000.0108600743325862,+0000.0431314244879294
+0000.8574007348793500,+0000.0003533229627060,+0000.0869834670685513,+0000.0108618443096953,+0000.0444006307796974
+0000.8547228480936646,+0000.0007761047230217,+0000.0879438892938616,+0000.0108616931397129,+0000.0456954647497392
+0000.8518671534516040,+0000.0013615359997146,+0000.0888955581223480,+0000.0108596242305835,+0000.0470161281957500
+0000.8488350866193692,+0000.0021083647452142,+0000.0898380900757000,+0000.0108556416499653,+0000.0483628169097510
+0000.8456281541727748,+0000.0030152716278191,+0000.0907711035932351,+0000.0108497501225455,+0000.0497357204836256
+0000.8422479329260321,+0000.0040808707196204,+0000.0916942192125581,+0000.0108419550272577,+0000.0511350221145318
+0000.8386960692428946,+0000.0053037102018169,+0000.0926070597505614,+0000.0108322623944002,+0000.0525608984103269
+0000.8349742783298356,+0000.0066822730876308,+0000.0935092504847416,+0000.0108206789026496,+0000.0540135191951425
+0000.8310843435109134,+0000.0082149779630572,+0000.0944004193348040,+0000.0108072118759694,+0000.0554930473152560
+0000.8270281154839564,+0000.0099001797457020,+0000.0952801970445258,+0000.0107918692804065,+0000.0569996384454095
+0000.8228075115576750,+0000.0117361704619791,+0000.0961482173638390,+0000.0107746597207753,+0000.0585334408957317
+0000.8184245148692967,+0000.0137211800429581,+0000.0970041172310960,+0000.0107555924372219,+0000.0600945954194271
+0000.8138811735822983,+0000.0158533771391670,+0000.0978475369554727,+0000.0107346773016661,+0000.0616832350213960
+0000.8091796000637954,+0000.0181308699546661,+0000.0986781203994606,+0000.0107119248141153,+0000.0632994847679627
+0000.8043219700411490,+0000.0205517071007239,+0000.0994955151613957,+0000.0106873460988456,+0000.0649434615978859
+0000.7993105217373230,+0000.0231138784694288,+0000.1002993727579656,+0000.0106609529004448,+0000.0666152741348380
+0000.7941475549845332,+0000.0258153161275825,+0000.1010893488066327,+0000.0106327575797119,+0000.0683150225015396
+0000.7888354303157212,+0000.0286538952312210,+0000.1018651032079063,+0000.0106027731094072,+0000.0700427981357442
+0000.7833765680333791,+0000.0316274349611122,+0000.1026263003273907,+0000.0105710130698481,+0000.0717986836082699
+0000.7777734472552627,+0000.0347336994795791,+0000.1033726091775322,+0000.0105374916443430,+0000.0735827524432833
+0000.7720286049365239,+0000.0379703989089940,+0000.1041037035989825,+0000.0105022236144585,+0000.0753950689410410
+0000.7661446348678095,+0000.0413351903322840,+0000.1048192624414898,+0000.0104652243551146,+0000.0772356880033022
+0000.7601241866488682,+0000.0448256788157804,+0000.1055189697442260,+0000.0104265098294983,+0000.0791046549616272
+0000.7539699646372374,+0000.0484394184547345,+0000.1062025149154517,+0000.0103860965837935,+0000.0810020054087828
+0000.7476847268715821,+0000.0521739134418107,+0000.1068695929114132,+0000.0103440017417180,+0000.0829277650334763
+0000.7412712839692733,+0000.0560266191588506,+0000.1075199044143673,+0000.0103002429988620,+0000.0848819494586466
+0000.7347324979978318,+0000.0599949432921888,+0000.1081531560096159,+0000.0102548386168223,+0000.0868645640835414
+0000.7280712813198527,+0000.0640762469717757,+0000.1087690603614342,+0000.0102078074171252,+0000.0888756039298121
+0000.7212905954110899,+0000.0682678459343469,+0000.1093673363877682,+0000.0101591687749327,+0000.0909150534918626
+0000.7143934496513678,+0000.0725670117108489,+0000.1099477094335714,+0000.0101089426125247,+0000.0929828865916874
+0000.7073829000880496,+0000.0769709728383092,+0000.1105099114426497,+0000.0100571493925524,+0000.0950790662384391
+0000.7002620481718026,+0000.0814769160963047,+0000.1110536811278729,+0000.0100038101110562,+0000.0972035444929634
+0000.6930340394644441,+0000.0860819877681576,+0000.1115787641396129,+0000.0099489462902427,+0000.0993562623375426
+0000.6857020623186885,+0000.0907832949269476,+0000.1120849132322592,+0000.0098925799710153,+0000.1015371495510897
+0000.6782693465296534,+0000.0955779067464007,+0000.1125718884286608,+0000.0098347337052527,+0000.1037461245900323
+0000.6707391619580285,+0000.1004628558366720,+0000.1130394571823402,+0000.0097754305478310,+0000.1059830944751283
+0000.6631148171248434,+0000.1054351396050041,+0000.1134873945373162,+0000.0097146940483835,+0000.1082479546844526
+0000.6553996577778363,+0000.1104917216411992,+0000.1139154832853781,+0000.0096525482427944,+0000.1105405890527921
+0000.6475970654294516,+0000.1156295331278008,+0000.1143235141206386,+0000.0095890176444219,+0000.1128608696776870
+0000.6397104558665643,+0000.1208454742748367,+0000.1147112857912006,+0000.0095241272350474,+0000.1152086568323512
+0000.6317432776320625,+0000.1261364157789259,+0000.1150786052477635,+0000.0094579024555453,+0000.1175837988857026
+0000.6236990104784945,+0000.1314992003065068,+0000.1154252877889937,+0000.0093903691962735,+0000.1199861322297316
+0000.6155811637940162,+0000.1369306440008932,+0000.1157511572034822,+0000.0093215537871776,+0000.1224154812144311
+0000.6073932750009589,+0000.1424275380128123,+0000.1160560459081113,+0000.0092514829876109,+0000.1248716580905067
+0000.5991389079273748,+0000.1479866500540310,+0000.1163397950826483,+0000.0091801839758647,+0000.1273544629600814
+0000.5908216511519868,+0000.1536047259736172,+0000.1166022548003846,+0000.0091076843384087,+0000.1298636837356026
+0000.5824451163230304,+0000.1592784913563355,+0000.1168432841546378,+0000.0090340120588417,+0000.1323990961071544
+0000.5740129364515317,+0000.1650046531426154,+0000.1170627513809335,+0000.0089591955065497,+0000.1349604635183697
+0000.5655287641796343,+0000.1707799012694804,+0000.1172605339746821,+0000.0088832634250731,+0000.1375475371511299
+0000.5569962700246482,+0000.1766009103317643,+0000.1174365188041701,+0000.0088062449201835,+0000.1401600559192341
+0000.5484191405995555,+0000.1824643412628882,+0000.1175906022186804,+0000.0087281694476699,+0000.1427977464712061
+0000.5398010768107776,+0000.1883668430344145,+0000.1177226901515641,+0000.0086490668008373,+0000.1454603232024064
+0000.5311457920340678,+0000.1943050543735350,+0000.1178326982180801,+0000.0085689670977190,+0000.1481474882765980
+0000.5224570102694581,+0000.2002756054975952,+0000.1179205518078286,+0000.0084879007680058,+0000.1508589316571119
+0000.5137384642762595,+0000.2062751198646995,+0000.1179861861716015,+0000.0084058985396957,+0000.1535943311477437
+0000.5049938936891669,+0000.2123002159393868,+0000.1180295465024774,+0000.0083229914254666,+0000.1563533524435024
+0000.4962270431165988,+0000.2183475089723072,+0000.1180505880109934,+0000.0082392107087787,+0000.1591356491913220
+0000.4874416602224481,+0000.2244136127927806,+0000.1180492759942284,+0000.0081545879297102,+0000.1619408630608328
+0000.4786414937924959,+0000.2304951416130575,+0000.1180255858986366,+0000.0080691548705326,+0000.1647686238252776
+0000.4698302917867926,+0000.2365887118430557,+0000.1179795033764759,+0000.0079829435410317,+0000.1676185494526438
+0000.4610117993793738,+0000.2426909439142910,+0000.1179110243356807,+0000.0078959861635820,+0000.1704902462070727
+0000.4521897569867315,+0000.2487984641116686,+0000.1178201549830321,+0000.0078083151579812,+0000.1733833087605868
+0000.4433678982865286,+0000.2549079064117595,+0000.1177069118604901,+0000.0077199631260535,+0000.1762973203151683
+0000.4345499482280832,+0000.2610159143261302,+0000.1175713218745516,+0000.0076309628360311,+0000.1792318527352039
+0000.4257396210362156,+0000.2671191427482573,+0000.1174134223185102,+0000.0075413472067219,+0000.1821864666902954
+0000.4169406182100919,+0000.2732142598025091,+0000.1172332608875011,+0000.0074511492914747,+0000.1851607118084234
+0000.4081566265187541,+0000.2792979486936420,+0000.1170308956862179,+0000.0073604022619524,+0000.1881541268394336
+0000.3993913159950613,+0000.2853669095552148,+0000.1168063952292017,+0000.0072691393917236,+0000.1911662398287984
+0000.3906483379298186,+0000.2914178612952928,+0000.1165598384336081,+0000.0071773940396852,+0000.1941965683015954
+0000.3819313228679060,+0000.2974475434377787,+0000.1162913146043662,+0000.0070851996333276,+0000.1972446194566215
+0000.3732438786082561,+0000.3034527179576781,+0000.1160009234116578,+0000.0069925896518566,+0000.2003098903705515
+0000.3645895882095609,+0000.3094301711085793,+0000.1156887748606480,+0000.0068995976091831,+0000.2033918682120287
+0000.3559720080036236,+0000.3153767152406038,+0000.1153549892534128,+0000.0068062570367975,+0000.2064900304655624
+0000.3473946656182906,+0000.3212891906070625,+0000.1149996971430193,+0000.0067126014665398,+0000.2096038451650877
+0000.3388610580119278,+0000.3271644671580364,+0000.1146230392797230,+0000.0066186644132829,+0000.2127327711370298
+0000.3303746495214197,+0000.3329994463190827,+0000.1142251665492586,+0000.0065244793575430,+0000.2158762582526957
+0000.3219388699256890,+0000.3387910627532654,+0000.1138062399032113,+0000.0064300797280327,+0000.2190337476898016
+0000.3135571125267414,+0000.3445362861046893,+0000.1133664302814678,+0000.0063354988841732,+0000.2222046722029285
+0000.3052327322502525,+0000.3502321227217273,+0000.1129059185267570,+0000.0062407700985815,+0000.2253884564026820
+0000.2969690437677117,+0000.3558756173581211,+0000.1124248952913009,+0000.0061459265395497,+0000.2285845170433165
+0000.2887693196421411,+0000.3614638548501452,+0000.1119235609356109,+0000.0060510012535329,+0000.2317922633185699
+0000.2806367884993985,+0000.3669939617680282,+0000.1114021254194727,+0000.0059560271476633,+0000.2350110971654374
+0000.2725746332270671,+0000.3724631080398448,+0000.1108608081851788,+0000.0058610369723069,+0000.2382404135756026
+0000.2645859892029199,+0000.3778685085460965,+0000.1102998380330768,+0000.0057660633036821,+0000.2414796009142246
+0000.2566739425549260,+0000.3832074246832324,+0000.1097194529895142,+0000.0056711385265561,+0000.2447280412457712
+0000.2488415284547454,+0000.3884771658943723,+0000.1091199001672736,+0000.0055762948170381,+0000.2479851106665704
+0000.2410917294466356,+0000.3936750911655317,+0000.1085014356186027,+0000.0054815641254869,+0000.2512501796437432
+0000.2334274738136531,+0000.3987986104856747,+0000.1078643241809556,+0000.0053869781595507,+0000.2545226133601659
+0000.2258516339830084,+0000.4038451862689579,+0000.1072088393155746,+0000.0052925683673572,+0000.2578017720651017
+0000.2183670249723846,+0000.4088123347375666,+0000.1065352629390514,+0000.0051983659208721,+0000.2610870114301254
+0000.2109764028789907,+0000.4136976272635877,+0000.1058438852480194,+0000.0051044016994433,+0000.2643776829099591
+0000.2036824634130729,+0000.4184986916684102,+0000.1051350045371409,+0000.0050107062735491,+0000.2676731341078268
+0000.1964878404775536,+0000.4232132134781948,+0000.1044089270105598,+0000.0049173098887680,+0000.2709727091449240
+0000.1893951047954133,+0000.4278389371340022,+0000.1036659665870066,+0000.0048242424499870,+0000.2742757490335911
+0000.1824067625863723,+0000.4323736671552362,+0000.1029064446987486,+0000.0047315335058660,+0000.2775815920537770
+0000.1755252542943650,+0000.4368152692551062,+0000.1021306900845907,+0000.0046392122335752,+0000.2808895741323628
+0000.1687529533672331,+0000.4411616714068836,+0000.1013390385771397,+0000.0045473074238220,+0000.2841990292249220
+0000.1620921650899968,+0000.4454108648597887,+0000.1005318328845566,+0000.0044558474661835,+0000.2875092896994744
+0000.1555451254729883,+0000.4495609051034167,+0000.0997094223670300,+0000.0043648603347617,+0000.2908196867218032
+0000.1491140001960558,+0000.4536099127796752,+0000.0988721628082087,+0000.0042743735741745,+0000.2941295506418856
+0000.1428008836099710,+0000.4575560745412866,+0000.0980204161818458,+0000.0041844142859005,+0000.2974382113809961
+0000.1366077977960889,+0000.4613976438559776,+0000.0971545504139082,+0000.0040950091149902,+0000.3007449988190353
+0000.1305366916852267,+0000.4651329417555615,+0000.0962749391404163,+0000.0040061842371580,+0000.3040492431816376
+0000.1245894402366448,+0000.4687603575291908,+0000.0953819614612835,+0000.0039179653462699,+0000.3073502754266111
+0000.1187678436779207,+0000.4722783493601458,+0000.0944760016904316,+0000.0038303776422380,+0000.3106474276292639
+0000.1130736268064259,+0000.4756854449056001,+0000.0935574491024640,+0000.0037434458193355,+0000.3139400333661743
+0000.1075084383530140,+0000.4789802418188934,+0000.0926266976761828,+0000.0036571940549444,+0000.3172274280969652
+0000.1020738504084479,+0000.4821614082139219,+0000.0916841458352408,+0000.0035716459987451,+0000.3205089495436442
+0000.0967713579129933,+0000.4852276830713433,+0000.0907301961862229,+0000.0034868247623611,+0000.3237839380670796
+0000.0916023782095150,+0000.4881778765863782,+0000.0897652552544550,+0000.0034027529094667,+0000.3270517370401850
+0000.0865682506603183,+0000.4910108704580794,+0000.0887897332178410,+0000.0033194524463674,+0000.3303116932173940
+0000.0816702363278824,+0000.4937256181200179,+0000.0878040436390288,+0000.0032369448130619,+0000.3335631571000089
+0000.0769095177195402,+0000.4963211449124311,+0000.0868086031962118,+0000.0031552508747928,+0000.3368054832970239
+0000.0722871985960616,+0000.4987965481959563,+0000.0858038314128675,+0000.0030743909140934,+0000.3400380308810211
+0000.0678043038440052,+0000.5011509974071604,+0000.0847901503867400,+0000.0029943846233366,+0000.3432601637387579
+0000.0634617794116116,+0000.5033837340561624,+0000.0837679845183702,+0000.0029152510977914,+0000.3464712509160642
+0000.0592604923079145,+0000.5054940716667264,+0000.0827377602394767,+0000.0028370088291917,+0000.3496706669566906
+0000.0552012306646597,+0000.5074813956592849,+0000.0816999057414890,+0000.0027596756998211,+0000.3528577922347452
+0000.0512847038605286,+0000.5093451631774348,+0000.0806548507045341,+0000.0026832689771174,+0000.3560320132803851
+0000.0475115427070758,+0000.5110849028585275,+0000.0796030260271702,+0000.0026078053087986,+0000.3591927230984278
+0000.0438822996957030,+0000.5127002145490501,+0000.0785448635571652,+0000.0025333007185117,+0000.3623393214795702
+0000.0403974493049080,+0000.5141907689655711,+0000.0774807958236051,+0000.0024597706020060,+0000.3654712153039100
+0000.0370573883669634,+0000.5155563073021001,+0000.0764112557706213,+0000.0023872297238304,+0000.3685878188364846
+0000.0338624364930999,+0000.5167966407847788,+0000.0753366764930152,+0000.0023156922145536,+0000.3716885540145528
+0000.0308128365561926,+0000.5179116501748879,+0000.0742574909740542,+0000.0022451715685060,+0000.3747728507263594
+0000.0279087552298712,+0000.5189012852212316,+0000.0731741318257118,+0000.0021756806420413,+0000.3778401470811444
+0000.0251502835829051,+0000.5197655640630058,+0000.0720870310316094,+0000.0021072316523145,+0000.3808898896701651
+0000.0225374377276436,+0000.5205045725843411,+0000.0709966196929198,+0000.0020398361765721,+0000.3839215338185232
+0000.0200701595212264,+0000.5211184637217431,+0000.0699033277774794,+0000.0019735051519512,+0000.3869345438276003
+0000.0177483173182147,+0000.5216074567257311,+0000.0688075838723497,+0000.0019082488757811,+0000.3899283932079236
+0000.0155717067732371,+0000.5219718363780156,+0000.0677098149400626,+0000.0018440770063824,+0000.3929025649023024
+0000.0135400516921842,+0000.5222119521656011,+0000.0666104460787732,+0000.0017809985643571,+0000.3958565514990846
+0000.0116530049304359,+0000.5223282174132561,+0000.0655099002865365,+0000.0017190219343615,+0000.3987898554354102
+0000.0099101493365561,+0000.5223211083758248,+0000.0644085982299153,+0000.0016581548673565,+0000.4017019891903472
+0000.0083109987398431,+0000.5221911632919014,+0000.0633069580171177,+0000.0015984044833240,+0000.4045924754678140
+0000.0068549989800835,+0000.5219389814004117,+0000.0622053949758518,+0000.0015397772744428,+0000.4074608473692100
+0000.0055415289778183,+0000.5215652219216951,+0000.0611043214360774,+0000.0014822791087143,+0000.4103066485556946
+0000.0043699018433977,+0000.5210706030046877,+0000.0600041465178230,+0000.0014259152340264,+0000.4131294334000652
+0000.0033393660230680,+0000.5204559006418522,+0000.0589052759242279,+0000.0013706902826471,+0000.4159287671282050
+0000.0024491064803113,+0000.5197219475535058,+0000.0578081117399573,+0000.0013166082761363,+0000.4187042259500897
+0000.0016982459106319,+0000.5188696320432228,+0000.0567130522351302,+0000.0012636726306643,+0000.4214553971803510
+0000.0010858459879678,+0000.5178998968260026,+0000.0556204916748869,+0000.0012118861627246,+0000.4241818793484178
+0000.0006109086408893,+0000.5168137378309001,+0000.0545308201347151,+0000.0011612510952307,+0000.4268832822982648
+0000.0002723773567336,+0000.5156122029798260,+0000.0534444233216417,+0000.0011117690639830,+0000.4295592272778154
+0000.0000691385118213,+0000.5142963909442337,+0000.0523616824013869,+0000.0010634411244931,+0000.4322093470180648
+0000.0000000227258897,+0000.5128674498813972,+0000.0512829738315674,+0000.0010162677591538,+0000.4348332858019920
+0000.0000638062388844,+0000.5113265761519965,+0000.0502086692010252,+0000.0009702488847391,+0000.4374306995233548
+0000.0002592123082486,+0000.5096750130207106,+0000.0491391350753471,+0000.0009253838602238,+0000.4400012557354701
+0000.0005849126248573,+0000.5079140493415160,+0000.0480747328486316,+0000.0008816714949060,+0000.4425446336900892
+0000.0010395287457544,+0000.5060450182293755,+0000.0470158186015471,+0000.0008391100568209,+0000.4450605243665021
+0000.0016216335418614,+0000.5040692957199868,+0000.0459627429657192,+0000.0007976972814297,+0000.4475486304910030
+0000.0023297526588436,+0000.5019882994192414,+0000.0449158509944706,+0000.0007574303805726,+0000.4500086665468719
+0000.0031623659893386,+0000.4998034871440334,+0000.0438754820399306,+0000.0007183060516676,+0000.4524403587750300
+0000.0041179091547731,+0000.4975163555560209,+0000.0428419696365219,+0000.0006803204871451,+0000.4548434451655389
+0000.0051947749950181,+0000.4951284387899345,+0000.0418156413908194,+0000.0006434693841006,+0000.4572176754401274
+0000.0063913150641609,+0000.4926413070779844,+0000.0407968188777719,+0000.0006077479541529,+0000.4595628110259296
+0000.0077058411307010,+0000.4900565653719025,+0000.0397858175432647,+0000.0005731509334940,+0000.4618786250206379
+0000.0091366266805088,+0000.4873758519641134,+0000.0387829466129943,+0000.0005396725931146,+0000.4641649021492690
+0000.0106819084209215,+0000.4846008371095036,+0000.0377885090076180,+0000.0005073067491933,+0000.4664214387127636
+0000.0123398877843839,+0000.4817332216492161,+0000.0368028012641332,+0000.0004760467736334,+0000.4686480425286332
+0000.0141087324300843,+0000.4787747356378659,+0000.0358261134634324,+0000.0004458856047358,+0000.4708445328638815
+0000.0159865777420710,+0000.4757271369755314,+0000.0348587291639745,+0000.0004168157579912,+0000.4730107403604319
+0000.0179715283223807,+0000.4725922100458379,+0000.0339009253415035,+0000.0003888293369812,+0000.4751465069532970
+0000.0200616594777503,+0000.4693717643614065,+0000.0329529723347410,+0000.0003619180443727,+0000.4772516857817296
+0000.0222550186985297,+0000.4660676332179026,+0000.0320151337969716,+0000.0003360731929931,+0000.4793261410936031
+0000.0245496271284585,+0000.4626816723578727,+0000.0310876666534318,+0000.0003112857169734,+0000.4813697481432636
+0000.0269434810240163,+0000.4592157586455138,+0000.0301708210644131,+0000.0002875461829469,+0000.4833823930831098
+0000.0294345532021052,+0000.4556717887534776,+0000.0292648403939766,+0000.0002648448012900,+0000.4853639728491506
+0000.0320207944748700,+0000.4520516778627627,+0000.0283699611841779,+0000.0002431714373935,+0000.4873143950407961
+0000.0347001350705123,+0000.4483573583767034,+0000.0274864131346927,+0000.0002225156229529,+0000.4892335777951385
+0000.0374704860390054,+0000.4445907786500198,+0000.0266144190877296,+0000.0002028665672652,+0000.4911214496559802
+0000.0403297406416648,+0000.4407539017338383,+0000.0257541950181126,+0000.0001842131685215,+0000.4929779494378629
+0000.0432757757235829,+0000.4368487041375595,+0000.0249059500284123,+0000.0001665440250841,+0000.4948030260853612
+0000.0463064530679847,+0000.4328771746083854,+0000.0240698863490006,+0000.0001498474467380,+0000.4965966385278915
+0000.0494196207316154,+0000.4288413129292857,+0000.0232461993428996,+0000.0001341114659054,+0000.4983587555302936
+0000.0526131143603183,+0000.4247431287361290,+0000.0224350775152960,+0000.0001193238488143,+0000.5000893555394426
+0000.0558847584840152,+0000.4205846403546540,+0000.0216367025275841,+0000.0001054721066111,+0000.5017884265271355
+0000.0592323677903518,+0000.4163678736579226,+0000.0208512492158039,+0000.0000925435064079,+0000.5034559658295138
+0000.0626537483763179,+0000.4120948609448334,+0000.0200788856133348,+0000.0000805250822558,+0000.5050919799832584
+0000.0661466989772077,+0000.4077676398402423,+0000.0193197729777054,+0000.0000694036460349,+0000.5066964845588097
+0000.0697090121723293,+0000.4033882522171851,+0000.0185740658213781,+0000.0000591657982548,+0000.5082695039908527
+0000.0733384755669249,+0000.3989587431416519,+0000.0178419119463665,+0000.0000497979387547,+0000.5098110714063020
+0000.0770328729498093,+0000.3944811598403247,+0000.0171234524825420,+0000.0000412862772988,+0000.5113212284500255
+0000.0807899854262845,+0000.3899575506916383,+0000.0164188219294857,+0000.0000336168440580,+0000.5128000251085334
+0000.0846075925259303,+0000.3853899642404926,+0000.0157281482017418,+0000.0000267754999716,+0000.5142475195318634
+0000.0884834732849208,+0000.3807804482368906,+0000.0150515526773281,+0000.0000207479469832,+0000.5156637778538772
