+0001.0000000000000000,+0000.0000000000000000,+0000.0000000000000000,+0000.0000000000000000,+0000.0000000000000000
+0000.9998072466749296,+0000.0000000000000000,+0000.0000000000000000,+0000.0000963766625353,+0000.0000963766625353
+0000.9992293580681525,+0000.0000000000000000,+0000.0000000000000000,+0000.0003853209659238,+0000.0003853209659238
+0000.9982675576661474,+0000.0000000000000000,+0000.0000000000000000,+0000.0008662211669263,+0000.0008662211669263
+0000.9969239513785439,+0000.0000000000000000,+0000.0000000000000000,+0000.0015380243107279,+0000.0015380243107279
+0000.9952015156428712,+0000.0000000000000000,+0000.0000000000000000,+0000.0023992421785644,+0000.0023992421785644
+0000.9931040806018219,+0000.0000000000000000,+0000.0000000000000000,+0000.0034479596990889,+0000.0034479596990889
+0000.9906363085309070,+0000.0000000000000000,+0000.0000000000000000,+0000.0046818457345464,+0000.0046818457345464
+0000.9878036677430138,+0000.0000000000000000,+0000.0000000000000000,+0000.0060981661284932,+0000.0060981661284932
+0000.9846124022412406,+0000.0000000000000000,+0000.0000000000000000,+0000.0076937988793797,+0000.0076937988793797
+0000.9810694974317311,+0000.0000000000000000,+0000.0000000000000000,+0000.0094652512841344,+0000.0094652512841344
+0000.9771826422434718,+0000.0000000000000000,+0000.0000000000000000,+0000.0114086788782641,+0000.0114086788782641
+0000.9729601880317456,+0000.0000000000000000,+0000.0000000000000000,+0000.0135199059841274,+0000.0135199059841273
+0000.9684111046657233,+0000.0000000000000000,+0000.0000000000000000,+0000.0157944476671383,+0000.0157944476671383
+0000.9635449342183999,+0000.0000000000000000,+0000.0000000000000000,+0000.0182275328907999,+0000.0182275328907999
+0000.9583717426886006,+0000.0000000000000000,+0000.0000000000000000,+0000.0208141286556996,+0000.0208141286556996
+0000.9529020701902069,+0000.0000000000000000,+0000.0000000000000000,+0000.0235489649048966,+0000.0235489649048966
+0000.9471468800432110,+0000.0000000000000000,+0000.0000000000000000,+0000.0264265599783945,+0000.0264265599783945
+0000.9411175071950058,+0000.0000000000000000,+0000.0000000000000000,+0000.0294412464024971,+0000.0294412464024971
+0000.9348256063888337,+0000.0000000000000000,+0000.0000000000000000,+0000.0325871968055832,+0000.0325871968055832
+0000.9282831004800258,+0000.0000000000000000,+0000.0000000000000000,+0000.0358584497599871,+0000.0358584497599871
+0000.9215021292800705,+0000.0000000000000000,+0000.0000000000000000,+0000.0392489353599648,+0000.0392489353599647
+0000.9144949992842629,+0000.0000000000000000,+0000.0000000000000000,+0000.0427525003578685,+0000.0427525003578684
+0000.9072741346113088,+0000.0000000000000000,+0000.0000000000000000,+0000.0463629326943457,+0000.0463629326943456
+0000.8998520294534063,+0000.0000000000000000,+0000.0000000000000000,+0000.0500739852732969,+0000.0500739852732968
+0000.8922412023036683,+0000.0000000000000000,+0000.0000000000000000,+0000.0538793988481660,+0000.0538793988481659
+0000.8844541521948451,+0000.0000000000000000,+0000.0000000000000000,+0000.0577729239025776,+0000.0577729239025775
+0000.8765033171498182,+0000.0000000000000000,+0000.0000000000000000,+0000.0617483414250909,+0000.0617483414250908
+0000.8684010350107411,+0000.0000000000000000,+0000.0000000000000000,+0000.0657994824946295,+0000.0657994824946294
+0000.8601595067805717,+0000.0000000000000000,+0000.0000000000000000,+0000.0699202466097141,+0000.0699202466097140
+0000.8517907625785051,+0000.0000000000000000,+0000.0000000000000000,+0000.0741046187107475,+0000.0741046187107474
+0000.8433066302798431,+0000.0000000000000000,+0000.0000000000000000,+0000.0783466848600785,+0000.0783466848600784
+0000.8347187068815433,+0000.0000000000000000,+0000.0000000000000000,+0000.0826406465592285,+0000.0826406465592283
+0000.8260383326072517,+0000.0000000000000000,+0000.0000000000000000,+0000.0869808336963743,+0000.0869808336963741
+0000.8172765677403533,+0000.0000000000000000,+0000.0000000000000000,+0000.0913617161298236,+0000.0913617161298233
+0000.8084441721505558,+0000.0000000000000000,+0000.0000000000000000,+0000.0957779139247223,+0000.0957779139247220
+0000.7995515874589085,+0000.0000000000000000,+0000.0000000000000000,+0000.1002242062705457,+0000.1002242062705454
+0000.7906089217679717,+0000.0000000000000000,+0000.0000000000000000,+0000.1046955391160142,+0000.1046955391160139
+0000.7816259368681103,+0000.0000000000000000,+0000.0000000000000000,+0000.1091870315659450,+0000.1091870315659447
+0000.7726120378175628,+0000.0000000000000000,+0000.0000000000000000,+0000.1136939810912188,+0000.1136939810912185
+0000.7635762647829358,+0000.0000000000000000,+0000.0000000000000000,+0000.1182118676085324,+0000.1182118676085320
+0000.7545272870180271,+0000.0000000000000000,+0000.0000000000000000,+0000.1227363564909866,+0000.1227363564909863
+0000.7454733988522428,+0000.0000000000000000,+0000.0000000000000000,+0000.1272633005738788,+0000.1272633005738785
+0000.7364225175552055,+0000.0000000000000000,+0000.0000000000000000,+0000.1317887412223976,+0000.1317887412223972
+0000.7273821829413080,+0000.0000000000000000,+0000.0000000000000000,+0000.1363089085293461,+0000.1363089085293457
+0000.7183595585767709,+0000.0000000000000000,+0000.0000000000000000,+0000.1408202207116148,+0000.1408202207116144
+0000.7093614344520320,+0000.0000000000000000,+0000.0000000000000000,+0000.1453192827739841,+0000.1453192827739838
+0000.7003942309839213,+0000.0000000000000000,+0000.0000000000000000,+0000.1498028845080394,+0000.1498028845080391
+0000.6914640042147738,+0000.0000000000000000,+0000.0000000000000000,+0000.1542679978926132,+0000.1542679978926129
+0000.6825764520793750,+0000.0000000000000000,+0000.0000000000000000,+0000.1587117739603126,+0000.1587117739603123
+0000.6737369216151462,+0000.0000000000000000,+0000.0000000000000000,+0000.1631315391924270,+0000.1631315391924267
+0000.6649504169961854,+0000.0000000000000000,+0000.0000000000000000,+0000.1675247915019073,+0000.1675247915019070
+0000.6562216082775092,+0000.0000000000000000,+0000.0000000000000000,+0000.1718891958612456,+0000.1718891958612453
+0000.6475548407419676,+0000.0000000000000000,+0000.0000000000000000,+0000.1762225796290164,+0000.1762225796290161
+0000.6389541447487370,+0000.0000000000000000,+0000.0000000000000000,+0000.1805229276256316,+0000.1805229276256313
+0000.6304232459888780,+0000.0000000000000000,+0000.0000000000000000,+0000.1847883770055612,+0000.1847883770055609
+0000.6219655760601391,+0000.0000000000000000,+0000.0000000000000000,+0000.1890172119699307,+0000.1890172119699304
+0000.6135842832798795,+0000.0000000000000000,+0000.0000000000000000,+0000.1932078583600606,+0000.1932078583600602
+0000.6052822436615964,+0000.0000000000000000,+0000.0000000000000000,+0000.1973588781692020,+0000.1973588781692016
+0000.5970620719870476,+0000.0000000000000000,+0000.0000000000000000,+0000.2014689640064762,+0000.2014689640064759
+0000.5889261329122687,+0000.0000000000000000,+0000.0000000000000000,+0000.2055369335438658,+0000.2055369335438655
+0000.5808765520518828,+0000.0000000000000000,+0000.0000000000000000,+0000.2095617239740588,+0000.2095617239740585
+0000.5729152269919510,+0000.0000000000000000,+0000.0000000000000000,+0000.2135423865040246,+0000.2135423865040243
+0000.5650438381871631,+0000.0000000000000000,+0000.0000000000000000,+0000.2174780809064187,+0000.2174780809064183
+0000.5572638597034434,+0000.0000000000000000,+0000.0000000000000000,+0000.2213680701482785,+0000.2213680701482782
+0000.5495765697720064,+0000.0000000000000000,+0000.0000000000000000,+0000.2252117151139970,+0000.2252117151139967
+0000.5419830611255250,+0000.0000000000000000,+0000.0000000000000000,+0000.2290084694372375,+0000.2290084694372374
+0000.5344842510914045,+0000.0000000000000000,+0000.0000000000000000,+0000.2327578744542979,+0000.2327578744542977
+0000.5270808914211487,+0000.0000000000000000,+0000.0000000000000000,+0000.2364595542894257,+0000.2364595542894256
+0000.5197735778384954,+0000.0000000000000000,+0000.0000000000000000,+0000.2401132110807522,+0000.2401132110807521
+0000.5125627592923759,+0000.0000000000000000,+0000.0000000000000000,+0000.2437186203538120,+0000.2437186203538120
+0000.5054487469038336,+0000.0000000000000000,+0000.0000000000000000,+0000.2472756265480832,+0000.2472756265480832
+0000.4984317225988420,+0000.0000000000000000,+0000.0000000000000000,+0000.2507841387005790,+0000.2507841387005789
+0000.4915117474214796,+0000.0000000000000000,+0000.0000000000000000,+0000.2542441262892602,+0000.2542441262892601
+0000.4846887695241872,+0000.0000000000000000,+0000.0000000000000000,+0000.2576556152379066,+0000.2576556152379066
+0000.4779626318338582,+0000.0000000000000000,+0000.0000000000000000,+0000.2610186840830711,+0000.2610186840830711
+0000.4713330793943049,+0000.0000000000000000,+0000.0000000000000000,+0000.2643334603028475,+0000.2643334603028475
+0000.4647997663872181,+0000.0000000000000000,+0000.0000000000000000,+0000.2676001168063909,+0000.2676001168063910
+0000.4583622628351237,+0000.0000000000000000,+0000.0000000000000000,+0000.2708188685824383,+0000.2708188685824383
+0000.4520200609910305,+0000.0000000000000000,+0000.0000000000000000,+0000.2739899695044846,+0000.2739899695044846
+0000.4457725814205000,+0000.0000000000000000,+0000.0000000000000000,+0000.2771137092897502,+0000.2771137092897500
+0000.4396191787827187,+0000.0000000000000000,+0000.0000000000000000,+0000.2801904106086407,+0000.2801904106086406
+0000.4335591473179122,+0000.0000000000000000,+0000.0000000000000000,+0000.2832204263410437,+0000.2832204263410437
+0000.4275917260490115,+0000.0000000000000000,+0000.0000000000000000,+0000.2862041369754943,+0000.2862041369754942
+0000.4217161037059818,+0000.0000000000000000,+0000.0000000000000000,+0000.2891419481470092,+0000.2891419481470091
+0000.4159314233816006,+0000.0000000000000000,+0000.0000000000000000,+0000.2920342883091998,+0000.2920342883091997
+0000.4102367869277453,+0000.0000000000000000,+0000.0000000000000000,+0000.2948816065361274,+0000.2948816065361273
+0000.4046312591014593,+0000.0000000000000000,+0000.0000000000000000,+0000.2976843704492703,+0000.2976843704492703
+0000.3991138714701863,+0000.0000000000000000,+0000.0000000000000000,+0000.3004430642649069,+0000.3004430642649069
+0000.3936836260856170,+0000.0000000000000000,+0000.0000000000000000,+0000.3031581869571915,+0000.3031581869571915
+0000.3883394989355975,+0000.0000000000000000,+0000.0000000000000000,+0000.3058302505322011,+0000.3058302505322011
+0000.3830804431834945,+0000.0000000000000000,+0000.0000000000000000,+0000.3084597784082527,+0000.3084597784082526
+0000.3779053922043168,+0000.0000000000000000,+0000.0000000000000000,+0000.3110473038978416,+0000.3110473038978415
+0000.3728132624267646,+0000.0000000000000000,+0000.0000000000000000,+0000.3135933687866178,+0000.3135933687866177
+0000.3678029559902078,+0000.0000000000000000,+0000.0000000000000000,+0000.3160985220048961,+0000.3160985220048961
+0000.3628733632254087,+0000.0000000000000000,+0000.0000000000000000,+0000.3185633183872958,+0000.3185633183872957
+0000.3580233649675864,+0000.0000000000000000,+0000.0000000000000000,+0000.3209883175162067,+0000.3209883175162067
+0000.3532518347101925,+0000.0000000000000000,+0000.0000000000000000,+0000.3233740826449037,+0000.3233740826449037
+0000.3485576406075152,+0000.0000000000000000,+0000.0000000000000000,+0000.3257211796962424,+0000.3257211796962424
+0000.3439396473339816,+0000.0000000000000000,+0000.0000000000000000,+0000.3280301763330092,+0000.3280301763330092
+0000.3393967178077496,+0000.0000000000000000,+0000.0000000000000000,+0000.3303016410961252,+0000.3303016410961252
+0000.3349277147859215,+0000.0000000000000000,+0000.0000000000000000,+0000.3325361426070392,+0000.3325361426070392
+0000.3305315023384272,+0000.0000000000000000,+0000.0000000000000000,+0000.3347342488307863,+0000.3347342488307863
+0000.3262069472073547,+0000.0000000000000000,+0000.0000000000000000,+0000.3368965263963227,+0000.3368965263963227
+0000.3219529200582279,+0000.0000000000000000,+0000.0000000000000000,+0000.3390235399708860,+0000.3390235399708860
+0000.3177682966294577,+0000.0000000000000000,+0000.0000000000000000,+0000.3411158516852712,+0000.3411158516852713
+0000.3136519587859192,+0000.0000000000000000,+0000.0000000000000000,+0000.3431740206070403,+0000.3431740206070404
+0000.3096027954823483,+0000.0000000000000000,+0000.0000000000000000,+0000.3451986022588258,+0000.3451986022588259
+0000.3056197036419794,+0000.0000000000000000,+0000.0000000000000000,+0000.3471901481790102,+0000.3471901481790104
+0000.3017015889556006,+0000.0000000000000000,+0000.0000000000000000,+0000.3491492055221996,+0000.3491492055221998
+0000.2978473666059439,+0000.0000000000000000,+0000.0000000000000000,+0000.3510763166970279,+0000.3510763166970282
+0000.2940559619220945,+0000.0000000000000000,+0000.0000000000000000,+0000.3529720190389525,+0000.3529720190389529
+0000.2903263109683626,+0000.0000000000000000,+0000.0000000000000000,+0000.3548368445158184,+0000.3548368445158188
+0000.2866573610718360,+0000.0000000000000000,+0000.0000000000000000,+0000.3566713194640818,+0000.3566713194640823
+0000.2830480712926124,+0000.0000000000000000,+0000.0000000000000000,+0000.3584759643536934,+0000.3584759643536939
+0000.2794974128405014,+0000.0000000000000000,+0000.0000000000000000,+0000.3602512935797489,+0000.3602512935797494
+0000.2760043694417773,+0000.0000000000000000,+0000.0000000000000000,+0000.3619978152791111,+0000.3619978152791116
+0000.2725679376593753,+0000.0000000000000000,+0000.0000000000000000,+0000.3637160311703120,+0000.3637160311703124
+0000.2691871271697340,+0000.0000000000000000,+0000.0000000000000000,+0000.3654064364151327,+0000.3654064364151330
+0000.2658609609993053,+0000.0000000000000000,+0000.0000000000000000,+0000.3670695195003472,+0000.3670695195003477
+0000.2625884757235861,+0000.0000000000000000,+0000.0000000000000000,+0000.3687057621382068,+0000.3687057621382073
+0000.2593687216313630,+0000.0000000000000000,+0000.0000000000000000,+0000.3703156391843184,+0000.3703156391843188
+0000.2562007628566993,+0000.0000000000000000,+0000.0000000000000000,+0000.3718996185716501,+0000.3718996185716506
+0000.2530836774810525,+0000.0000000000000000,+0000.0000000000000000,+0000.3734581612594735,+0000.3734581612594741
+0000.2500165576077646,+0000.0000000000000000,+0000.0000000000000000,+0000.3749917211961173,+0000.3749917211961178
+0000.2469985094110353,+0000.0000000000000000,+0000.0000000000000000,+0000.3765007452944822,+0000.3765007452944827
+0000.2440286531613578,+0000.0000000000000000,+0000.0000000000000000,+0000.3779856734193209,+0000.3779856734193215
+0000.2411061232292811,+0000.0000000000000000,+0000.0000000000000000,+0000.3794469383853591,+0000.3794469383853597
+0000.2382300680692427,+0000.0000000000000000,+0000.0000000000000000,+0000.3808849659653785,+0000.3808849659653790
+0000.2353996501851058,+0000.0000000000000000,+0000.0000000000000000,+0000.3823001749074467,+0000.3823001749074474
+0000.2326140460789421,+0000.0000000000000000,+0000.0000000000000000,+0000.3836929769605286,+0000.3836929769605292
+0000.2298724461844887,+0000.0000000000000000,+0000.0000000000000000,+0000.3850637769077553,+0000.3850637769077558
+0000.2271740547866286,+0000.0000000000000000,+0000.0000000000000000,+0000.3864129726066856,+0000.3864129726066861
+0000.2245180899281491,+0000.0000000000000000,+0000.0000000000000000,+0000.3877409550359253,+0000.3877409550359258
+0000.2219037833049556,+0000.0000000000000000,+0000.0000000000000000,+0000.3890481083475219,+0000.3890481083475225
+0000.2193303801508350,+0000.0000000000000000,+0000.0000000000000000,+0000.3903348099245822,+0000.3903348099245828
+0000.2167971391127954,+0000.0000000000000000,+0000.0000000000000000,+0000.3916014304436020,+0000.3916014304436026
+0000.2143033321179363,+0000.0000000000000000,+0000.0000000000000000,+0000.3928483339410317,+0000.3928483339410321
+0000.2118482442327396,+0000.0000000000000000,+0000.0000000000000000,+0000.3940758778836300,+0000.3940758778836305
+0000.2094311735156102,+0000.0000000000000000,+0000.0000000000000000,+0000.3952844132421948,+0000.3952844132421953
+0000.2070514308634376,+0000.0000000000000000,+0000.0000000000000000,+0000.3964742845682809,+0000.3964742845682814
+0000.2047083398528977,+0000.0000000000000000,+0000.0000000000000000,+0000.3976458300735508,+0000.3976458300735513
+0000.2024012365771578,+0000.0000000000000000,+0000.0000000000000000,+0000.3987993817114209,+0000.3987993817114214
+0000.2001294694786064,+0000.0000000000000000,+0000.0000000000000000,+0000.3999352652606967,+0000.3999352652606970
+0000.1978923991781812,+0000.0000000000000000,+0000.0000000000000000,+0000.4010538004109093,+0000.4010538004109095
+0000.1956893983018247,+0000.0000000000000000,+0000.0000000000000000,+0000.4021553008490874,+0000.4021553008490876
+0000.1935198513045630,+0000.0000000000000000,+0000.0000000000000000,+0000.4032400743477182,+0000.4032400743477185
+0000.1913831542926587,+0000.0000000000000000,+0000.0000000000000000,+0000.4043084228536704,+0000.4043084228536707
+0000.1892787148442627,+0000.0000000000000000,+0000.0000000000000000,+0000.4053606425778685,+0000.4053606425778688
+0000.1872059518289486,+0000.0000000000000000,+0000.0000000000000000,+0000.4063970240855254,+0000.4063970240855258
+0000.1851642952264894,+0000.0000000000000000,+0000.0000000000000000,+0000.4074178523867552,+0000.4074178523867556
+0000.1831531859452039,+0000.0000000000000000,+0000.0000000000000000,+0000.4084234070273979,+0000.4084234070273984
+0000.1811720756401756,+0000.0000000000000000,+0000.0000000000000000,+0000.4094139621799120,+0000.4094139621799125
+0000.1792204265316213,+0000.0000000000000000,+0000.0000000000000000,+0000.4103897867341890,+0000.4103897867341896
+0000.1772977112236623,+0000.0000000000000000,+0000.0000000000000000,+0000.4113511443881686,+0000.4113511443881693
+0000.1754034125237297,+0000.0000000000000000,+0000.0000000000000000,+0000.4122982937381348,+0000.4122982937381354
+0000.1735370232628187,+0000.0000000000000000,+0000.0000000000000000,+0000.4132314883685902,+0000.4132314883685909
+0000.1716980461167796,+0000.0000000000000000,+0000.0000000000000000,+0000.4141509769416098,+0000.4141509769416105
+0000.1698859934288243,+0000.0000000000000000,+0000.0000000000000000,+0000.4150570032855875,+0000.4150570032855881
+0000.1681003870334059,+0000.0000000000000000,+0000.0000000000000000,+0000.4159498064832965,+0000.4159498064832973
+0000.1663407580816132,+0000.0000000000000000,+0000.0000000000000000,+0000.4168296209591930,+0000.4168296209591937
+0000.1646066468682099,+0000.0000000000000000,+0000.0000000000000000,+0000.4176966765658947,+0000.4176966765658954
+0000.1628976026604346,+0000.0000000000000000,+0000.0000000000000000,+0000.4185511986697822,+0000.4185511986697830
+0000.1612131835286635,+0000.0000000000000000,+0000.0000000000000000,+0000.4193934082356677,+0000.4193934082356687
+0000.1595529561790276,+0000.0000000000000000,+0000.0000000000000000,+0000.4202235219104858,+0000.4202235219104868
+0000.1579164957880664,+0000.0000000000000000,+0000.0000000000000000,+0000.4210417521059663,+0000.4210417521059672
+0000.1563033858394882,+0000.0000000000000000,+0000.0000000000000000,+0000.4218483070802554,+0000.4218483070802562
+0000.1547132179630987,+0000.0000000000000000,+0000.0000000000000000,+0000.4226433910184502,+0000.4226433910184510
+0000.1531455917759521,+0000.0000000000000000,+0000.0000000000000000,+0000.4234272041120235,+0000.4234272041120243
+0000.1516001147257697,+0000.0000000000000000,+0000.0000000000000000,+0000.4241999426371150,+0000.4241999426371155
+0000.1500764019366633,+0000.0000000000000000,+0000.0000000000000000,+0000.4249617990316680,+0000.4249617990316686
+0000.1485740760571977,+0000.0000000000000000,+0000.0000000000000000,+0000.4257129619714010,+0000.4257129619714014
+0000.1470927671108136,+0000.0000000000000000,+0000.0000000000000000,+0000.4264536164445931,+0000.4264536164445935
+0000.1456321123486337,+0000.0000000000000000,+0000.0000000000000000,+0000.4271839438256829,+0000.4271839438256832
+0000.1441917561046646,+0000.0000000000000000,+0000.0000000000000000,+0000.4279041219476675,+0000.4279041219476679
+0000.1427713496534045,+0000.0000000000000000,+0000.0000000000000000,+0000.4286143251732977,+0000.4286143251732981
+0000.1413705510698616,+0000.0000000000000000,+0000.0000000000000000,+0000.4293147244650689,+0000.4293147244650693
+0000.1399890250919838,+0000.0000000000000000,+0000.0000000000000000,+0000.4300054874540079,+0000.4300054874540084
+0000.1386264429854973,+0000.0000000000000000,+0000.0000000000000000,+0000.4306867785072512,+0000.4306867785072517
+0000.1372824824111473,+0000.0000000000000000,+0000.0000000000000000,+0000.4313587587944262,+0000.4313587587944268
+0000.1359568272943322,+0000.0000000000000000,+0000.0000000000000000,+0000.4320215863528336,+0000.4320215863528342
+0000.1346491676971181,+0000.0000000000000000,+0000.0000000000000000,+0000.4326754161514407,+0000.4326754161514413
+0000.1333591996926194,+0000.0000000000000000,+0000.0000000000000000,+0000.4333204001536899,+0000.4333204001536907
+0000.1320866252417284,+0000.0000000000000000,+0000.0000000000000000,+0000.4339566873791355,+0000.4339566873791362
+0000.1308311520721744,+0000.0000000000000000,+0000.0000000000000000,+0000.4345844239639124,+0000.4345844239639131
+0000.1295924935598910,+0000.0000000000000000,+0000.0000000000000000,+0000.4352037532200542,+0000.4352037532200549
+0000.1283703686126693,+0000.0000000000000000,+0000.0000000000000000,+0000.4358148156936649,+0000.4358148156936655
+0000.1271645015560725,+0000.0000000000000000,+0000.0000000000000000,+0000.4364177492219635,+0000.4364177492219640
+0000.1259746220215845,+0000.0000000000000000,+0000.0000000000000000,+0000.4370126889892075,+0000.4370126889892078
+0000.1248004648369696,+0000.0000000000000000,+0000.0000000000000000,+0000.4375997675815151,+0000.4375997675815154
+0000.1236417699188096,+0000.0000000000000000,+0000.0000000000000000,+0000.4381791150405950,+0000.4381791150405955
+0000.1224982821671951,+0000.0000000000000000,+0000.0000000000000000,+0000.4387508589164023,+0000.4387508589164028
+0000.1213697513625369,+0000.0000000000000000,+0000.0000000000000000,+0000.4393151243187312,+0000.4393151243187318
+0000.1202559320644697,+0000.0000000000000000,+0000.0000000000000000,+0000.4398720339677650,+0000.4398720339677655
+0000.1191565835128155,+0000.0000000000000000,+0000.0000000000000000,+0000.4404217082435921,+0000.4404217082435925
+0000.1180714695305767,+0000.0000000000000000,+0000.0000000000000000,+0000.4409642652347115,+0000.4409642652347119
+0000.1170003584289259,+0000.0000000000000000,+0000.0000000000000000,+0000.4414998207855370,+0000.4414998207855373
+0000.1159430229141600,+0000.0000000000000000,+0000.0000000000000000,+0000.4420284885429199,+0000.4420284885429202
+0000.1148992399965877,+0000.0000000000000000,+0000.0000000000000000,+0000.4425503800017060,+0000.4425503800017063
+0000.1138687909013168,+0000.0000000000000000,+0000.0000000000000000,+0000.4430656045493415,+0000.4430656045493416
+0000.1128514609809076,+0000.0000000000000000,+0000.0000000000000000,+0000.4435742695095462,+0000.4435742695095463
+0000.1118470396298622,+0000.0000000000000000,+0000.0000000000000000,+0000.4440764801850689,+0000.4440764801850688
+0000.1108553202009150,+0000.0000000000000000,+0000.0000000000000000,+0000.4445723398995425,+0000.4445723398995425
+0000.1098760999230922,+0000.0000000000000000,+0000.0000000000000000,+0000.4450619500384539,+0000.4450619500384541
+0000.1089091798215080,+0000.0000000000000000,+0000.0000000000000000,+0000.4455454100892459,+0000.4455454100892459
+0000.1079543646388663,+0000.0000000000000000,+0000.0000000000000000,+0000.4460228176805669,+0000.4460228176805669
+0000.1070114627586323,+0000.0000000000000000,+0000.0000000000000000,+0000.4464942686206838,+0000.4464942686206839
+0000.1060802861298464,+0000.0000000000000000,+0000.0000000000000000,+0000.4469598569350767,+0000.4469598569350768
+0000.1051606501935456,+0000.0000000000000000,+0000.0000000000000000,+0000.4474196749032271,+0000.4474196749032273
+0000.1042523738107620,+0000.0000000000000000,+0000.0000000000000000,+0000.4478738130946189,+0000.4478738130946192
+0000.1033552791920676,+0000.0000000000000000,+0000.0000000000000000,+0000.4483223604039660,+0000.4483223604039663
+0000.1024691918286343,+0000.0000000000000000,+0000.0000000000000000,+0000.4487654040856827,+0000.4487654040856831
+0000.1015939404247783,+0000.0000000000000000,+0000.0000000000000000,+0000.4492030297876107,+0000.4492030297876110
+0000.1007293568319597,+0000.0000000000000000,+0000.0000000000000000,+0000.4496353215840201,+0000.4496353215840202
+0000.0998752759842068,+0000.0000000000000000,+0000.0000000000000000,+0000.4500623620078963,+0000.4500623620078965
+0000.0990315358349364,+0000.0000000000000000,+0000.0000000000000000,+0000.4504842320825316,+0000.4504842320825317
+0000.0981979772951407,+0000.0000000000000000,+0000.0000000000000000,+0000.4509010113524295,+0000.4509010113524298
+0000.0973744441729130,+0000.0000000000000000,+0000.0000000000000000,+0000.4513127779135434,+0000.4513127779135436
+0000.0965607831142837,+0000.0000000000000000,+0000.0000000000000000,+0000.4517196084428581,+0000.4517196084428584
+0000.0957568435453386,+0000.0000000000000000,+0000.0000000000000000,+0000.4521215782273305,+0000.4521215782273307
+0000.0949624776155937,+0000.0000000000000000,+0000.0000000000000000,+0000.4525187611922031,+0000.4525187611922034
+0000.0941775401425981,+0000.0000000000000000,+0000.0000000000000000,+0000.4529112299287009,+0000.4529112299287011
+0000.0934018885577398,+0000.0000000000000000,+0000.0000000000000000,+0000.4532990557211301,+0000.4532990557211303
+0000.0926353828532287,+0000.0000000000000000,+0000.0000000000000000,+0000.4536823085733854,+0000.4536823085733858
+0000.0918778855302307,+0000.0000000000000000,+0000.0000000000000000,+0000.4540610572348845,+0000.4540610572348850
+0000.0911292615481275,+0000.0000000000000000,+0000.0000000000000000,+0000.4544353692259361,+0000.4544353692259365
+0000.0903893782748805,+0000.0000000000000000,+0000.0000000000000000,+0000.4548053108625595,+0000.4548053108625597
+0000.0896581054384707,+0000.0000000000000000,+0000.0000000000000000,+0000.4551709472807645,+0000.4551709472807649
+0000.0889353150793937,+0000.0000000000000000,+0000.0000000000000000,+0000.4555323424603029,+0000.4555323424603033
+0000.0882208815041867,+0000.0000000000000000,+0000.0000000000000000,+0000.4558895592479064,+0000.4558895592479068
+0000.0875146812399629,+0000.0000000000000000,+0000.0000000000000000,+0000.4562426593800184,+0000.4562426593800188
+0000.0868165929899338,+0000.0000000000000000,+0000.0000000000000000,+0000.4565917035050329,+0000.4565917035050333
+0000.0861264975898944,+0000.0000000000000000,+0000.0000000000000000,+0000.4569367512050525,+0000.4569367512050530
+0000.0854442779656533,+0000.0000000000000000,+0000.0000000000000000,+0000.4572778610171731,+0000.4572778610171737
+0000.0847698190913838,+0000.0000000000000000,+0000.0000000000000000,+0000.4576150904543079,+0000.4576150904543085
+0000.0841030079488772,+0000.0000000000000000,+0000.0000000000000000,+0000.4579484960255610,+0000.4579484960255617
+0000.0834437334876786,+0000.0000000000000000,+0000.0000000000000000,+0000.4582781332561604,+0000.4582781332561611
+0000.0827918865860834,+0000.0000000000000000,+0000.0000000000000000,+0000.4586040567069579,+0000.4586040567069586
+0000.0821473600129773,+0000.0000000000000000,+0000.0000000000000000,+0000.4589263199935111,+0000.4589263199935118
+0000.0815100483905003,+0000.0000000000000000,+0000.0000000000000000,+0000.4592449758047495,+0000.4592449758047504
+0000.0808798481575155,+0000.0000000000000000,+0000.0000000000000000,+0000.4595600759212419,+0000.4595600759212428
+0000.0802566575338663,+0000.0000000000000000,+0000.0000000000000000,+0000.4598716712330663,+0000.4598716712330673
+0000.0796403764854022,+0000.0000000000000000,+0000.0000000000000000,+0000.4601798117572986,+0000.4601798117572995
+0000.0790309066897573,+0000.0000000000000000,+0000.0000000000000000,+0000.4604845466551207,+0000.4604845466551217
+0000.0784281515028652,+0000.0000000000000000,+0000.0000000000000000,+0000.4607859242485669,+0000.4607859242485679
+0000.0778320159261912,+0000.0000000000000000,+0000.0000000000000000,+0000.4610839920369041,+0000.4610839920369049
+0000.0772424065746683,+0000.0000000000000000,+0000.0000000000000000,+0000.4613787967126655,+0000.4613787967126664
+0000.0766592316453202,+0000.0000000000000000,+0000.0000000000000000,+0000.4616703841773394,+0000.4616703841773404
+0000.0760824008865548,+0000.0000000000000000,+0000.0000000000000000,+0000.4619587995567223,+0000.4619587995567232
+0000.0755118255681146,+0000.0000000000000000,+0000.0000000000000000,+0000.4622440872159421,+0000.4622440872159431
+0000.0749474184516687,+0000.0000000000000000,+0000.0000000000000000,+0000.4625262907741652,+0000.4625262907741660
+0000.0743890937620310,+0000.0000000000000000,+0000.0000000000000000,+0000.4628054531189842,+0000.4628054531189849
+0000.0738367671589921,+0000.0000000000000000,+0000.0000000000000000,+0000.4630816164205036,+0000.4630816164205042
+0000.0732903557097493,+0000.0000000000000000,+0000.0000000000000000,+0000.4633548221451251,+0000.4633548221451257
+0000.0727497778619229,+0000.0000000000000000,+0000.0000000000000000,+0000.4636251110690381,+0000.4636251110690388
+0000.0722149534171444,+0000.0000000000000000,+0000.0000000000000000,+0000.4638925232914274,+0000.4638925232914281
+0000.0716858035052037,+0000.0000000000000000,+0000.0000000000000000,+0000.4641570982473978,+0000.4641570982473985
+0000.0711622505587436,+0000.0000000000000000,+0000.0000000000000000,+0000.4644188747206278,+0000.4644188747206284
+0000.0706442182884883,+0000.0000000000000000,+0000.0000000000000000,+0000.4646778908557556,+0000.4646778908557562
+0000.0701316316589945,+0000.0000000000000000,+0000.0000000000000000,+0000.4649341841705023,+0000.4649341841705030
+0000.0696244168649127,+0000.0000000000000000,+0000.0000000000000000,+0000.4651877915675432,+0000.4651877915675440
+0000.0691225013077480,+0000.0000000000000000,+0000.0000000000000000,+0000.4654387493461255,+0000.4654387493461264
+0000.0686258135731086,+0000.0000000000000000,+0000.0000000000000000,+0000.4656870932134454,+0000.4656870932134463
+0000.0681342834084305,+0000.0000000000000000,+0000.0000000000000000,+0000.4659328582957843,+0000.4659328582957853
+0000.0676478417011696,+0000.0000000000000000,+0000.0000000000000000,+0000.4661760791494148,+0000.4661760791494158
+0000.0671664204574483,+0000.0000000000000000,+0000.0000000000000000,+0000.4664167897712753,+0000.4664167897712764
+0000.0666899527811479,+0000.0000000000000000,+0000.0000000000000000,+0000.4666550236094255,+0000.4666550236094268
+0000.0662183728534366,+0000.0000000000000000,+0000.0000000000000000,+0000.4668908135732809,+0000.4668908135732822
+0000.0657516159127229,+0000.0000000000000000,+0000.0000000000000000,+0000.4671241920436380,+0000.4671241920436391
+0000.0652896182350249,+0000.0000000000000000,+0000.0000000000000000,+0000.4673551908824871,+0000.4673551908824882
+0000.0648323171147467,+0000.0000000000000000,+0000.0000000000000000,+0000.4675838414426261,+0000.4675838414426272
+0000.0643796508458529,+0000.0000000000000000,+0000.0000000000000000,+0000.4678101745770729,+0000.4678101745770742
+0000.0639315587034305,+0000.0000000000000000,+0000.0000000000000000,+0000.4680342206482840,+0000.4680342206482854
+0000.0634879809256324,+0000.0000000000000000,+0000.0000000000000000,+0000.4682560095371832,+0000.4682560095371845
+0000.0630488586959913,+0000.0000000000000000,+0000.0000000000000000,+0000.4684755706520036,+0000.4684755706520050
+0000.0626141341260982,+0000.0000000000000000,+0000.0000000000000000,+0000.4686929329369502,+0000.4686929329369515
+0000.0621837502386347,+0000.0000000000000000,+0000.0000000000000000,+0000.4689081248806820,+0000.4689081248806834
+0000.0617576509507538,+0000.0000000000000000,+0000.0000000000000000,+0000.4691211745246224,+0000.4691211745246238
+0000.0613357810577996,+0000.0000000000000000,+0000.0000000000000000,+0000.4693321094710995,+0000.4693321094711009
+0000.0609180862173594,+0000.0000000000000000,+0000.0000000000000000,+0000.4695409568913195,+0000.4695409568913210
+0000.0605045129336405,+0000.0000000000000000,+0000.0000000000000000,+0000.4697477435331791,+0000.4697477435331806
+0000.0600950085421644,+0000.0000000000000000,+0000.0000000000000000,+0000.4699524957289170,+0000.4699524957289185
+0000.0596895211947715,+0000.0000000000000000,+0000.0000000000000000,+0000.4701552394026136,+0000.4701552394026149
+0000.0592879998449294,+0000.0000000000000000,+0000.0000000000000000,+0000.4703560000775346,+0000.4703560000775360
+0000.0588903942333384,+0000.0000000000000000,+0000.0000000000000000,+0000.4705548028833300,+0000.4705548028833313
+0000.0584966548738269,+0000.0000000000000000,+0000.0000000000000000,+0000.4707516725630859,+0000.4707516725630872
+0000.0581067330395314,+0000.0000000000000000,+0000.0000000000000000,+0000.4709466334802338,+0000.4709466334802351
+0000.0577205807493536,+0000.0000000000000000,+0000.0000000000000000,+0000.4711397096253224,+0000.4711397096253238
+0000.0573381507546898,+0000.0000000000000000,+0000.0000000000000000,+0000.4713309246226544,+0000.4713309246226559
+0000.0569593965264253,+0000.0000000000000000,+0000.0000000000000000,+0000.4715203017367867,+0000.4715203017367882
+0000.0565842722421894,+0000.0000000000000000,+0000.0000000000000000,+0000.4717078638789046,+0000.4717078638789058
+0000.0562127327738640,+0000.0000000000000000,+0000.0000000000000000,+0000.4718936336130672,+0000.4718936336130685
+0000.0558447336753414,+0000.0000000000000000,+0000.0000000000000000,+0000.4720776331623286,+0000.4720776331623299
+0000.0554802311705246,+0000.0000000000000000,+0000.0000000000000000,+0000.4722598844147372,+0000.4722598844147384
+0000.0551191821415662,+0000.0000000000000000,+0000.0000000000000000,+0000.4724404089292162,+0000.4724404089292174
+0000.0547615441173400,+0000.0000000000000000,+0000.0000000000000000,+0000.4726192279413293,+0000.4726192279413305
+0000.0544072752621398,+0000.0000000000000000,+0000.0000000000000000,+0000.4727963623689295,+0000.4727963623689307
+0000.0540563343646015,+0000.0000000000000000,+0000.0000000000000000,+0000.4729718328176986,+0000.4729718328176998
+0000.0537086808268427,+0000.0000000000000000,+0000.0000000000000000,+0000.4731456595865780,+0000.4731456595865794
+0000.0533642746538163,+0000.0000000000000000,+0000.0000000000000000,+0000.4733178626730913,+0000.4733178626730927
+0000.0530230764428715,+0000.0000000000000000,+0000.0000000000000000,+0000.4734884617785637,+0000.4734884617785651
+0000.0526850473735203,+0000.0000000000000000,+0000.0000000000000000,+0000.4736574763132391,+0000.4736574763132405
+0000.0523501491974029,+0000.0000000000000000,+0000.0000000000000000,+0000.4738249254012979,+0000.4738249254012994
+0000.0520183442284486,+0000.0000000000000000,+0000.0000000000000000,+0000.4739908278857750,+0000.4739908278857763
+0000.0516895953332286,+0000.0000000000000000,+0000.0000000000000000,+0000.4741552023333849,+0000.4741552023333864
+0000.0513638659214951,+0000.0000000000000000,+0000.0000000000000000,+0000.4743180670392517,+0000.4743180670392532
+0000.0510411199369044,+0000.0000000000000000,+0000.0000000000000000,+0000.4744794400315470,+0000.4744794400315484
+0000.0507213218479185,+0000.0000000000000000,+0000.0000000000000000,+0000.4746393390760401,+0000.4746393390760416
+0000.0504044366388830,+0000.0000000000000000,+0000.0000000000000000,+0000.4747977816805580,+0000.4747977816805594
+0000.0500904298012759,+0000.0000000000000000,+0000.0000000000000000,+0000.4749547850993613,+0000.4749547850993628
+0000.0497792673251250,+0000.0000000000000000,+0000.0000000000000000,+0000.4751103663374366,+0000.4751103663374383
+0000.0494709156905898,+0000.0000000000000000,+0000.0000000000000000,+0000.4752645421547045,+0000.4752645421547060
+0000.0491653418597039,+0000.0000000000000000,+0000.0000000000000000,+0000.4754173290701472,+0000.4754173290701488
+0000.0488625132682758,+0000.0000000000000000,+0000.0000000000000000,+0000.4755687433658611,+0000.4755687433658627
+0000.0485623978179436,+0000.0000000000000000,+0000.0000000000000000,+0000.4757188010910274,+0000.4757188010910292
+0000.0482649638683804,+0000.0000000000000000,+0000.0000000000000000,+0000.4758675180658089,+0000.4758675180658107
+0000.0479701802296484,+0000.0000000000000000,+0000.0000000000000000,+0000.4760149098851750,+0000.4760149098851766
+0000.0476780161546971,+0000.0000000000000000,+0000.0000000000000000,+0000.4761609919226507,+0000.4761609919226523
+0000.0473884413320035,+0000.0000000000000000,+0000.0000000000000000,+0000.4763057793339974,+0000.4763057793339990
+0000.0471014258783513,+0000.0000000000000000,+0000.0000000000000000,+0000.4764492870608235,+0000.4764492870608251
+0000.0468169403317456,+0000.0000000000000000,+0000.0000000000000000,+0000.4765915298341264,+0000.4765915298341280
+0000.0465349556444605,+0000.0000000000000000,+0000.0000000000000000,+0000.4767325221777688,+0000.4767325221777706
+0000.0462554431762179,+0000.0000000000000000,+0000.0000000000000000,+0000.4768722784118901,+0000.4768722784118919
+0000.0459783746874928,+0000.0000000000000000,+0000.0000000000000000,+0000.4770108126562526,+0000.4770108126562543
+0000.0457037223329444,+0000.0000000000000000,+0000.0000000000000000,+0000.4771481388335269,+0000.4771481388335286
+0000.0454314586549689,+0000.0000000000000000,+0000.0000000000000000,+0000.4772842706725147,+0000.4772842706725165
+0000.0451615565773723,+0000.0000000000000000,+0000.0000000000000000,+0000.4774192217113129,+0000.4774192217113147
+0000.0448939893991613,+0000.0000000000000000,+0000.0000000000000000,+0000.4775530053004184,+0000.4775530053004203
+0000.0446287307884476,+0000.0000000000000000,+0000.0000000000000000,+0000.4776856346057755,+0000.4776856346057771
+0000.0443657547764664,+0000.0000000000000000,+0000.0000000000000000,+0000.4778171226117661,+0000.4778171226117676
+0000.0441050357517041,+0000.0000000000000000,+0000.0000000000000000,+0000.4779474821241472,+0000.4779474821241487
+0000.0438465484541346,+0000.0000000000000000,+0000.0000000000000000,+0000.4780767257729318,+0000.4780767257729334
+0000.0435902679695610,+0000.0000000000000000,+0000.0000000000000000,+0000.4782048660152187,+0000.4782048660152203
+0000.0433361697240611,+0000.0000000000000000,+0000.0000000000000000,+0000.4783319151379687,+0000.4783319151379702
+0000.0430842294785348,+0000.0000000000000000,+0000.0000000000000000,+0000.4784578852607319,+0000.4784578852607335
+0000.0428344233233501,+0000.0000000000000000,+0000.0000000000000000,+0000.4785827883383241,+0000.4785827883383257
+0000.0425867276730878,+0000.0000000000000000,+0000.0000000000000000,+0000.4787066361634554,+0000.4787066361634570
+0000.0423411192613804,+0000.0000000000000000,+0000.0000000000000000,+0000.4788294403693090,+0000.4788294403693105
+0000.0420975751358457,+0000.0000000000000000,+0000.0000000000000000,+0000.4789512124320765,+0000.4789512124320780
+0000.0418560726531110,+0000.0000000000000000,+0000.0000000000000000,+0000.4790719636734437,+0000.4790719636734453
+0000.0416165894739281,+0000.0000000000000000,+0000.0000000000000000,+0000.4791917052630352,+0000.4791917052630368
+0000.0413791035583756,+0000.0000000000000000,+0000.0000000000000000,+0000.4793104482208113,+0000.4793104482208129
+0000.0411435931611481,+0000.0000000000000000,+0000.0000000000000000,+0000.4794282034194250,+0000.4794282034194268
+0000.0409100368269291,+0000.0000000000000000,+0000.0000000000000000,+0000.4795449815865346,+0000.4795449815865364
+0000.0406784133858476,+0000.0000000000000000,+0000.0000000000000000,+0000.4796607933070753,+0000.4796607933070771
+0000.0404487019490154,+0000.0000000000000000,+0000.0000000000000000,+0000.4797756490254915,+0000.4797756490254932
+0000.0402208819041439,+0000.0000000000000000,+0000.0000000000000000,+0000.4798895590479273,+0000.4798895590479290
