+0001.0000000000000000,+0000.0000000000000000,+0000.0000000000000000,+0000.0000000000000000,+0000.0000000000000000,+0000.0000000000000000,+0000.0000000000000000
+0000.7282053542749752,+0000.0000000000000000,+0000.0000000000000000,+0000.0000000000000000,+0000.0083503838713127,+0000.1342169739758236,+0000.1292272878778885
+0000.3807064730536565,+0000.0000000000000000,+0000.0000000000000000,+0000.0000000000000000,+0000.0198953772124973,+0000.2966923358412085,+0000.3027058138926379
+0000.2083381869956811,+0000.0000000000000000,+0000.0000000000000000,+0000.0000000000000000,+0000.0273928225017909,+0000.3592671859058448,+0000.4050018045966833
+0000.1300640505165263,+0000.0000000000000000,+0000.0000000000000000,+0000.0000000000000000,+0000.0333700793083151,+0000.3629189668083702,+0000.4736469033667884
+0000.0918030113380671,+0000.0000000000000000,+0000.0000000000000000,+0000.0000000000000000,+0000.0396635638239982,+0000.3348783894221593,+0000.5336550354157757
+0000.0715756581136171,+0000.0000000000000000,+0000.0000000000000000,+0000.0000000000000000,+0000.0471520695803896,+0000.2876910476060104,+0000.5935812246999829
+0000.0600174531985161,+0000.0000000000000000,+0000.0000000000000000,+0000.0000000000000000,+0000.0560484797260911,+0000.2320966783294243,+0000.6518373887459683
+0000.0523610919117700,+0000.0000000000000000,+0000.0000000000000000,+0000.0000000000000000,+0000.0655593933223800,+0000.1851366961985671,+0000.6969428185672827
+0000.0456030770058517,+0000.0000000000000000,+0000.0000000000000000,+0000.0000000000000000,+0000.0733600119535152,+0000.1716332708319293,+0000.7094036402087037
+0000.0380540841024751,+0000.0000000000000000,+0000.0000000000000000,+0000.0000000000000000,+0000.0762861851527637,+0000.2097305563692616,+0000.6759291743754993
+0000.0297907245128441,+0000.0000000000000000,+0000.0000000000000000,+0000.0000000000000000,+0000.0731134495014797,+0000.2870420087884987,+0000.6100538171971776
+0000.0220893786452249,+0000.0000000000000000,+0000.0000000000000000,+0000.0000000000000000,+0000.0661433860121285,+0000.3650437074840573,+0000.5467235278585892
+0000.0159265037777704,+0000.0000000000000000,+0000.0000000000000000,+0000.0000000000000000,+0000.0588775568503212,+0000.4124585425326727,+0000.5127373968392357
+0000.0114171881934134,+0000.0000000000000000,+0000.0000000000000000,+0000.0000000000000000,+0000.0534537436078749,+0000.4214568183718570,+0000.5136722498268546
+0000.0082176299493251,+0000.0000000000000000,+0000.0000000000000000,+0000.0000000000000000,+0000.0503980894039702,+0000.4004379134732102,+0000.5409463671734942
+0000.0059366836729752,+0000.0000000000000000,+0000.0000000000000000,+0000.0000000000000000,+0000.0493483064691033,+0000.3642267924606440,+0000.5804882173972775
+0000.0042854669898166,+0000.0000000000000000,+0000.0000000000000000,+0000.0000000000000000,+0000.0496191971988619,+0000.3280725647616631,+0000.6180227710496581
+0000.0030806571125694,+0000.0000000000000000,+0000.0000000000000000,+0000.0000000000000000,+0000.0505329211079476,+0000.3032117997265774,+0000.6431746220529058
+0000.0022063424866527,+0000.0000000000000000,+0000.0000000000000000,+0000.0000000000000000,+0000.0516195807693136,+0000.2939397382556110,+0000.6522343384884228
+0000.0015803821352120,+0000.0000000000000000,+0000.0000000000000000,+0000.0000000000000000,+0000.0526801833277786,+0000.2978960840280039,+0000.6478433505090054
+0000.0011377436469408,+0000.0000000000000000,+0000.0000000000000000,+0000.0000000000000000,+0000.0537115136880469,+0000.3091572469044711,+0000.6359934957605409
+0000.0008261242293140,+0000.0000000000000000,+0000.0000000000000000,+0000.0000000000000000,+0000.0547720878776193,+0000.3216526789272733,+0000.6227491089657937
+0000.0006054499985998,+0000.0000000000000000,+0000.0000000000000000,+0000.0000000000000000,+0000.0558745669926672,+0000.3311672875695502,+0000.6123526954391830
+0000.0004468774538961,+0000.0000000000000000,+0000.0000000000000000,+0000.0000000000000000,+0000.0569388752166986,+0000.3358889499188131,+0000.6067252974105919
+0000.0003307760422524,+0000.0000000000000000,+0000.0000000000000000,+0000.0000000000000000,+0000.0578058339595658,+0000.3361169177602498,+0000.6057464722379322
+0000.0002443679328552,+0000.0000000000000000,+0000.0000000000000000,+0000.0000000000000000,+0000.0583002728319998,+0000.3335416656144293,+0000.6079136936207156
+0000.0001795292060959,+0000.0000000000000000,+0000.0000000000000000,+0000.0000000000000000,+0000.0583168950864883,+0000.3302846972909303,+0000.6112188784164856
+0000.0001309797232922,+0000.0000000000000000,+0000.0000000000000000,+0000.0000000000000000,+0000.0578814087172001,+0000.3279675732006484,+0000.6140200383588591
+0000.0000949927501725,+0000.0000000000000000,+0000.0000000000000000,+0000.0000000000000000,+0000.0571464243936437,+0000.3271941563193647,+0000.6155644265368190
+0000.0000686628349063,+0000.0000000000000000,+0000.0000000000000000,+0000.0000000000000000,+0000.0563268306375660,+0000.3276342963844795,+0000.6159702101430482
+0000.0000496112168625,+0000.0000000000000000,+0000.0000000000000000,+0000.0000000000000000,+0000.0556197619427274,+0000.3285105099313614,+0000.6158201169090485
+0000.0000359132262932,+0000.0000000000000000,+0000.0000000000000000,+0000.0000000000000000,+0000.0551511835101453,+0000.3291124733481491,+0000.6157004299154125
+0000.0000260748429242,+0000.0000000000000000,+0000.0000000000000000,+0000.0000000000000000,+0000.0549608493648894,+0000.3290937300201745,+0000.6159193457720118
+0000.0000189867283319,+0000.0000000000000000,+0000.0000000000000000,+0000.0000000000000000,+0000.0550153838353204,+0000.3285135446717814,+0000.6164520847645661
+0000.0000138534057322,+0000.0000000000000000,+0000.0000000000000000,+0000.0000000000000000,+0000.0552353024116235,+0000.3277023059260915,+0000.6170485382565529
+0000.0000101163147994,+0000.0000000000000000,+0000.0000000000000000,+0000.0000000000000000,+0000.0555256857565949,+0000.3270543981594664,+0000.6174097997691392
+0000.0000073856631361,+0000.0000000000000000,+0000.0000000000000000,+0000.0000000000000000,+0000.0558032223777444,+0000.3268422086183633,+0000.6173471833407560
+0000.0000053874336442,+0000.0000000000000000,+0000.0000000000000000,+0000.0000000000000000,+0000.0560138015720225,+0000.3271186350053430,+0000.6168621759889904
+0000.0000039258380647,+0000.0000000000000000,+0000.0000000000000000,+0000.0000000000000000,+0000.0561374749126490,+0000.3277311430089564,+0000.6161274562403299
+0000.0000028584600551,+0000.0000000000000000,+0000.0000000000000000,+0000.0000000000000000,+0000.0561820626310243,+0000.3284195015197622,+0000.6153955773891581
+0000.0000020803870307,+0000.0000000000000000,+0000.0000000000000000,+0000.0000000000000000,+0000.0561706173679047,+0000.3289378859399331,+0000.6148894163051317
+0000.0000015139867092,+0000.0000000000000000,+0000.0000000000000000,+0000.0000000000000000,+0000.0561289387231632,+0000.3291451227696456,+0000.6147244245204821
+0000.0000011019505211,+0000.0000000000000000,+0000.0000000000000000,+0000.0000000000000000,+0000.0560773392294471,+0000.3290348656366110,+0000.6148866931834205
+0000.0000008022200184,+0000.0000000000000000,+0000.0000000000000000,+0000.0000000000000000,+0000.0560277784584895,+0000.3287091224171512,+0000.6152622969043409
+0000.0000005841136936,+0000.0000000000000000,+0000.0000000000000000,+0000.0000000000000000,+0000.0559851058607714,+0000.3283189068650910,+0000.6156954031604441
+0000.0000004253403056,+0000.0000000000000000,+0000.0000000000000000,+0000.0000000000000000,+0000.0559501663919961,+0000.3280013674070343,+0000.6160480408606638
+0000.0000003097280945,+0000.0000000000000000,+0000.0000000000000000,+0000.0000000000000000,+0000.0559227287600212,+0000.3278366322039595,+0000.6162403293079249
+0000.0000002255372312,+0000.0000000000000000,+0000.0000000000000000,+0000.0000000000000000,+0000.0559030712703309,+0000.3278349698151485,+0000.6162617333772894
+0000.0000001642311921,+0000.0000000000000000,+0000.0000000000000000,+0000.0000000000000000,+0000.0558920690117849,+0000.3279513849446668,+0000.6161563818123560
+0000.0000001195932217,+0000.0000000000000000,+0000.0000000000000000,+0000.0000000000000000,+0000.0558903546333678,+0000.3281154920737387,+0000.6159940336996720
+0000.0000000870925914,+0000.0000000000000000,+0000.0000000000000000,+0000.0000000000000000,+0000.0558973738010228,+0000.3282620566963217,+0000.6158404824100641
+0000.0000000634277725,+0000.0000000000000000,+0000.0000000000000000,+0000.0000000000000000,+0000.0559109691701518,+0000.3283512508881205,+0000.6157377165139554
+0000.0000000461945304,+0000.0000000000000000,+0000.0000000000000000,+0000.0000000000000000,+0000.0559277116985237,+0000.3283743818147725,+0000.6156978602921737
+0000.0000000336432621,+0000.0000000000000000,+0000.0000000000000000,+0000.0000000000000000,+0000.0559437936894499,+0000.3283472230582710,+0000.6157089496090173
+0000.0000000245011818,+0000.0000000000000000,+0000.0000000000000000,+0000.0000000000000000,+0000.0559560676307244,+0000.3282968823741053,+0000.6157470254939884
+0000.0000000178422370,+0000.0000000000000000,+0000.0000000000000000,+0000.0000000000000000,+0000.0559628093087238,+0000.3282487518869086,+0000.6157884209621305
+0000.0000000129923002,+0000.0000000000000000,+0000.0000000000000000,+0000.0000000000000000,+0000.0559639543451782,+0000.3282181776491813,+0000.6158178550133405
+0000.0000000094603245,+0000.0000000000000000,+0000.0000000000000000,+0000.0000000000000000,+0000.0559607981207038,+0000.3282084257398981,+0000.6158307666790737
+0000.0000000068884516,+0000.0000000000000000,+0000.0000000000000000,+0000.0000000000000000,+0000.0559553486894656,+0000.3282137444515194,+0000.6158308999705637
+0000.0000000050158455,+0000.0000000000000000,+0000.0000000000000000,+0000.0000000000000000,+0000.0559496099822910,+0000.3282247879092888,+0000.6158255970925749
+0000.0000000036524193,+0000.0000000000000000,+0000.0000000000000000,+0000.0000000000000000,+0000.0559450388437199,+0000.3282336077158823,+0000.6158213497879784
+0000.0000000026596987,+0000.0000000000000000,+0000.0000000000000000,+0000.0000000000000000,+0000.0559423054484257,+0000.3282364336727054,+0000.6158212582191703
+0000.0000000019368510,+0000.0000000000000000,+0000.0000000000000000,+0000.0000000000000000,+0000.0559413542174794,+0000.3282338522926073,+0000.6158247915530625
+0000.0000000014104771,+0000.0000000000000000,+0000.0000000000000000,+0000.0000000000000000,+0000.0559416639118357,+0000.3282291166490134,+0000.6158292180286737
+0000.0000000010271548,+0000.0000000000000000,+0000.0000000000000000,+0000.0000000000000000,+0000.0559425671497860,+0000.3282258341764014,+0000.6158315976466580
+0000.0000000007479998,+0000.0000000000000000,+0000.0000000000000000,+0000.0000000000000000,+0000.0559435089549968,+0000.3282261621636977,+0000.6158303281333061
+0000.0000000005447045,+0000.0000000000000000,+0000.0000000000000000,+0000.0000000000000000,+0000.0559441791292178,+0000.3282301169304825,+0000.6158257033955949
+0000.0000000003966569,+0000.0000000000000000,+0000.0000000000000000,+0000.0000000000000000,+0000.0559445153946374,+0000.3282359869230488,+0000.6158194972856568
+0000.0000000002888453,+0000.0000000000000000,+0000.0000000000000000,+0000.0000000000000000,+0000.0559446195699454,+0000.3282413964899792,+0000.6158139836512297
+0000.0000000002103364,+0000.0000000000000000,+0000.0000000000000000,+0000.0000000000000000,+0000.0559446461146591,+0000.3282444223656190,+0000.6158109313093851
+0000.0000000001531666,+0000.0000000000000000,+0000.0000000000000000,+0000.0000000000000000,+0000.0559447131534885,+0000.3282442952320245,+0000.6158109914613208
+0000.0000000001115360,+0000.0000000000000000,+0000.0000000000000000,+0000.0000000000000000,+0000.0559448616004441,+0000.3282414997670829,+0000.6158136385209366
+0000.0000000000812208,+0000.0000000000000000,+0000.0000000000000000,+0000.0000000000000000,+0000.0559450617165128,+0000.3282373689213360,+0000.6158175692809303
+0000.0000000000591454,+0000.0000000000000000,+0000.0000000000000000,+0000.0000000000000000,+0000.0559452485712280,+0000.3282334419939416,+0000.6158213093756850
+0000.0000000000430700,+0000.0000000000000000,+0000.0000000000000000,+0000.0000000000000000,+0000.0559453625427357,+0000.3282308825296625,+0000.6158237548845314
+0000.0000000000313639,+0000.0000000000000000,+0000.0000000000000000,+0000.0000000000000000,+0000.0559453764263602,+0000.3282301588365408,+0000.6158244647057354
+0000.0000000000228394,+0000.0000000000000000,+0000.0000000000000000,+0000.0000000000000000,+0000.0559453016557089,+0000.3282310430289299,+0000.6158236552925218
+0000.0000000000166318,+0000.0000000000000000,+0000.0000000000000000,+0000.0000000000000000,+0000.0559451767619992,+0000.3282328531598117,+0000.6158219700615574
+0000.0000000000121113,+0000.0000000000000000,+0000.0000000000000000,+0000.0000000000000000,+0000.0559450474950821,+0000.3282347926544390,+0000.6158201598383675
+0000.0000000000088196,+0000.0000000000000000,+0000.0000000000000000,+0000.0000000000000000,+0000.0559449488001867,+0000.3282362425784605,+0000.6158188086125331
+0000.0000000000064225,+0000.0000000000000000,+0000.0000000000000000,+0000.0000000000000000,+0000.0559448953570189,+0000.3282369162680523,+0000.6158181883685065
+0000.0000000000046769,+0000.0000000000000000,+0000.0000000000000000,+0000.0000000000000000,+0000.0559448822010378,+0000.3282368588057287,+0000.6158182589885564
+0000.0000000000034057,+0000.0000000000000000,+0000.0000000000000000,+0000.0000000000000000,+0000.0559448925627332,+0000.3282363338713420,+0000.6158187735625191
+0000.0000000000024801,+0000.0000000000000000,+0000.0000000000000000,+0000.0000000000000000,+0000.0559449079774368,+0000.3282356690263631,+0000.6158194229937199
+0000.0000000000018060,+0000.0000000000000000,+0000.0000000000000000,+0000.0000000000000000,+0000.0559449161295844,+0000.3282351255365402,+0000.6158199583320694
+0000.0000000000013151,+0000.0000000000000000,+0000.0000000000000000,+0000.0000000000000000,+0000.0559449139741537,+0000.3282348313311595,+0000.6158202546933715
+0000.0000000000009577,+0000.0000000000000000,+0000.0000000000000000,+0000.0000000000000000,+0000.0559449061721984,+0000.3282347819133027,+0000.6158203119135410
+0000.0000000000006974,+0000.0000000000000000,+0000.0000000000000000,+0000.0000000000000000,+0000.0559449007074675,+0000.3282348881056217,+0000.6158202111862132
+0000.0000000000005078,+0000.0000000000000000,+0000.0000000000000000,+0000.0000000000000000,+0000.0559449041799999,+0000.3282350387632418,+0000.6158200570562505
+0000.0000000000003698,+0000.0000000000000000,+0000.0000000000000000,+0000.0000000000000000,+0000.0559449187683340,+0000.3282351506727997,+0000.6158199305584964
+0000.0000000000002693,+0000.0000000000000000,+0000.0000000000000000,+0000.0000000000000000,+0000.0559449417014136,+0000.3282351910319155,+0000.6158198672664017
+0000.0000000000001961,+0000.0000000000000000,+0000.0000000000000000,+0000.0000000000000000,+0000.0559449668929547,+0000.3282351726506112,+0000.6158198604562382
+0000.0000000000001428,+0000.0000000000000000,+0000.0000000000000000,+0000.0000000000000000,+0000.0559449876305574,+0000.3282351323586873,+0000.6158198800106126
+0000.0000000000001040,+0000.0000000000000000,+0000.0000000000000000,+0000.0000000000000000,+0000.0559449990616513,+0000.3282351064128305,+0000.6158198945254142
+0000.0000000000000757,+0000.0000000000000000,+0000.0000000000000000,+0000.0000000000000000,+0000.0559449995822677,+0000.3282351137440261,+0000.6158198866736303
+0000.0000000000000551,+0000.0000000000000000,+0000.0000000000000000,+0000.0000000000000000,+0000.0559449908467159,+0000.3282351515942878,+0000.6158198575589413
+0000.0000000000000402,+0000.0000000000000000,+0000.0000000000000000,+0000.0000000000000000,+0000.0559449766852493,+0000.3282352018313162,+0000.6158198214833944
+0000.0000000000000292,+0000.0000000000000000,+0000.0000000000000000,+0000.0000000000000000,+0000.0559449615422171,+0000.3282352424111147,+0000.6158197960466388
+0000.0000000000000213,+0000.0000000000000000,+0000.0000000000000000,+0000.0000000000000000,+0000.0559449490706451,+0000.3282352578821525,+0000.6158197930471815
+0000.0000000000000155,+0000.0000000000000000,+0000.0000000000000000,+0000.0000000000000000,+0000.0559449413090733,+0000.3282352448207125,+0000.6158198138701989
+0000.0000000000000113,+0000.0000000000000000,+0000.0000000000000000,+0000.0000000000000000,+0000.0559449385592567,+0000.3282352111772757,+0000.6158198502634563
+0000.0000000000000082,+0000.0000000000000000,+0000.0000000000000000,+0000.0000000000000000,+0000.0559449398150652,+0000.3282351711993483,+0000.6158198889855779
+0000.0000000000000060,+0000.0000000000000000,+0000.0000000000000000,+0000.0000000000000000,+0000.0559449434491830,+0000.3282351389383683,+0000.6158199176124427
+0000.0000000000000044,+0000.0000000000000000,+0000.0000000000000000,+0000.0000000000000000,+0000.0559449478622689,+0000.3282351231773692,+0000.6158199289603574
+0000.0000000000000032,+0000.0000000000000000,+0000.0000000000000000,+0000.0000000000000000,+0000.0559449519002528,+0000.3282351253897317,+0000.6158199227100123
+0000.0000000000000023,+0000.0000000000000000,+0000.0000000000000000,+0000.0000000000000000,+0000.0559449549841026,+0000.3282351408002386,+0000.6158199042156567
+0000.0000000000000017,+0000.0000000000000000,+0000.0000000000000000,+0000.0000000000000000,+0000.0559449570122420,+0000.3282351614359875,+0000.6158198815517688
+0000.0000000000000012,+0000.0000000000000000,+0000.0000000000000000,+0000.0000000000000000,+0000.0559449581540174,+0000.3282351795852587,+0000.6158198622607228
+0000.0000000000000009,+0000.0000000000000000,+0000.0000000000000000,+0000.0000000000000000,+0000.0559449586495963,+0000.3282351903218523,+0000.6158198510285506
+0000.0000000000000007,+0000.0000000000000000,+0000.0000000000000000,+0000.0000000000000000,+0000.0559449586874284,+0000.3282351924291276,+0000.6158198488834437
+0000.0000000000000005,+0000.0000000000000000,+0000.0000000000000000,+0000.0000000000000000,+0000.0559449583742503,+0000.3282351878068879,+0000.6158198538188613
+0000.0000000000000003,+0000.0000000000000000,+0000.0000000000000000,+0000.0000000000000000,+0000.0559449577695864,+0000.3282351799687961,+0000.6158198622616170
+0000.0000000000000003,+0000.0000000000000000,+0000.0000000000000000,+0000.0000000000000000,+0000.0559449569393076,+0000.3282351724032333,+0000.6158198706574588
+0000.0000000000000002,+0000.0000000000000000,+0000.0000000000000000,+0000.0000000000000000,+0000.0559449559899388,+0000.3282351674108035,+0000.6158198765992575
+0000.0000000000000001,+0000.0000000000000000,+0000.0000000000000000,+0000.0000000000000000,+0000.0559449550667271,+0000.3282351656926164,+0000.6158198792406562
+0000.0000000000000001,+0000.0000000000000000,+0000.0000000000000000,+0000.0000000000000000,+0000.0559449543210446,+0000.3282351666179398,+0000.6158198790610155
+0000.0000000000000001,+0000.0000000000000000,+0000.0000000000000000,+0000.0000000000000000,+0000.0559449538667783,+0000.3282351688762114,+0000.6158198772570104
+0000.0000000000000001,+0000.0000000000000000,+0000.0000000000000000,+0000.0000000000000000,+0000.0559449537473243,+0000.3282351711650728,+0000.6158198750876029
+0000.0000000000000000,+0000.0000000000000000,+0000.0000000000000000,+0000.0000000000000000,+0000.0559449539268963,+0000.3282351726551123,+0000.6158198734179914
+0000.0000000000000000,+0000.0000000000000000,+0000.0000000000000000,+0000.0000000000000000,+0000.0559449543077149,+0000.3282351731305275,+0000.6158198725617577
+0000.0000000000000000,+0000.0000000000000000,+0000.0000000000000000,+0000.0000000000000000,+0000.0559449547641940,+0000.3282351728546220,+0000.6158198723811840
+0000.0000000000000000,+0000.0000000000000000,+0000.0000000000000000,+0000.0000000000000000,+0000.0559449551802700,+0000.3282351722968716,+0000.6158198725228584
+0000.0000000000000000,+0000.0000000000000000,+0000.0000000000000000,+0000.0000000000000000,+0000.0559449554772772,+0000.3282351718691828,+0000.6158198726535400
+0000.0000000000000000,+0000.0000000000000000,+0000.0000000000000000,+0000.0000000000000000,+0000.0559449556254093,+0000.3282351717709552,+0000.6158198726036352
+0000.0000000000000000,+0000.0000000000000000,+0000.0000000000000000,+0000.0000000000000000,+0000.0559449556387400,+0000.3282351719706910,+0000.6158198723905689
+0000.0000000000000000,+0000.0000000000000000,+0000.0000000000000000,+0000.0000000000000000,+0000.0559449555591849,+0000.3282351722903337,+0000.6158198721504814
+0000.0000000000000000,+0000.0000000000000000,+0000.0000000000000000,+0000.0000000000000000,+0000.0559449554370786,+0000.3282351725278395,+0000.6158198720350820
+0000.0000000000000000,+0000.0000000000000000,+0000.0000000000000000,+0000.0000000000000000,+0000.0559449553151688,+0000.3282351725567098,+0000.6158198721281215
+0000.0000000000000000,+0000.0000000000000000,+0000.0000000000000000,+0000.0000000000000000,+0000.0559449552198858,+0000.3282351723675641,+0000.6158198724125504
+0000.0000000000000000,+0000.0000000000000000,+0000.0000000000000000,+0000.0000000000000000,+0000.0559449551603071,+0000.3282351720496327,+0000.6158198727900601
+0000.0000000000000000,+0000.0000000000000000,+0000.0000000000000000,+0000.0000000000000000,+0000.0559449551326209,+0000.3282351717347842,+0000.6158198731325950
+0000.0000000000000000,+0000.0000000000000000,+0000.0000000000000000,+0000.0000000000000000,+0000.0559449551267834,+0000.3282351715359095,+0000.6158198733373073
+0000.0000000000000000,+0000.0000000000000000,+0000.0000000000000000,+0000.0000000000000000,+0000.0559449551324185,+0000.3282351715057653,+0000.6158198733618164
+0000.0000000000000000,+0000.0000000000000000,+0000.0000000000000000,+0000.0000000000000000,+0000.0559449551422674,+0000.3282351716278832,+0000.6158198732298497
+0000.0000000000000000,+0000.0000000000000000,+0000.0000000000000000,+0000.0000000000000000,+0000.0559449551529450,+0000.3282351718358146,+0000.6158198730112404
+0000.0000000000000000,+0000.0000000000000000,+0000.0000000000000000,+0000.0000000000000000,+0000.0559449551638183,+0000.3282351720469435,+0000.6158198727892383
+0000.0000000000000000,+0000.0000000000000000,+0000.0000000000000000,+0000.0000000000000000,+0000.0559449551752316,+0000.3282351721948384,+0000.6158198726299301
+0000.0000000000000000,+0000.0000000000000000,+0000.0000000000000000,+0000.0000000000000000,+0000.0559449551871113,+0000.3282351722485276,+0000.6158198725643611
+0000.0000000000000000,+0000.0000000000000000,+0000.0000000000000000,+0000.0000000000000000,+0000.0559449551984538,+0000.3282351722147657,+0000.6158198725867804
+0000.0000000000000000,+0000.0000000000000000,+0000.0000000000000000,+0000.0000000000000000,+0000.0559449552076469,+0000.3282351721265931,+0000.6158198726657600
+0000.0000000000000000,+0000.0000000000000000,+0000.0000000000000000,+0000.0000000000000000,+0000.0559449552132141,+0000.3282351720256635,+0000.6158198727611223
+0000.0000000000000000,+0000.0000000000000000,+0000.0000000000000000,+0000.0000000000000000,+0000.0559449552144968,+0000.3282351719461784,+0000.6158198728393249
+0000.0000000000000000,+0000.0000000000000000,+0000.0000000000000000,+0000.0000000000000000,+0000.0559449552119409,+0000.3282351719056554,+0000.6158198728824038
+0000.0000000000000000,+0000.0000000000000000,+0000.0000000000000000,+0000.0000000000000000,+0000.0559449552069092,+0000.3282351719039326,+0000.6158198728891583
+0000.0000000000000000,+0000.0000000000000000,+0000.0000000000000000,+0000.0000000000000000,+0000.0559449552011642,+0000.3282351719284877,+0000.6158198728703482
+0000.0000000000000000,+0000.0000000000000000,+0000.0000000000000000,+0000.0000000000000000,+0000.0559449551962763,+0000.3282351719624305,+0000.6158198728412932
+0000.0000000000000000,+0000.0000000000000000,+0000.0000000000000000,+0000.0000000000000000,+0000.0559449551931947,+0000.3282351719915872,+0000.6158198728152182
+0000.0000000000000000,+0000.0000000000000000,+0000.0000000000000000,+0000.0000000000000000,+0000.0559449551921055,+0000.3282351720084433,+0000.6158198727994511
+0000.0000000000000000,+0000.0000000000000000,+0000.0000000000000000,+0000.0000000000000000,+0000.0559449551925696,+0000.3282351720124898,+0000.6158198727949405
+0000.0000000000000000,+0000.0000000000000000,+0000.0000000000000000,+0000.0000000000000000,+0000.0559449551938312,+0000.3282351720079509,+0000.6158198727982179
+0000.0000000000000000,+0000.0000000000000000,+0000.0000000000000000,+0000.0000000000000000,+0000.0559449551951500,+0000.3282351720005397,+0000.6158198728043105
+0000.0000000000000000,+0000.0000000000000000,+0000.0000000000000000,+0000.0000000000000000,+0000.0559449551960381,+0000.3282351719947444,+0000.6158198728092179
+0000.0000000000000000,+0000.0000000000000000,+0000.0000000000000000,+0000.0000000000000000,+0000.0559449551963437,+0000.3282351719924986,+0000.6158198728111576
+0000.0000000000000000,+0000.0000000000000000,+0000.0000000000000000,+0000.0000000000000000,+0000.0559449551961952,+0000.3282351719933074,+0000.6158198728104975
+0000.0000000000000000,+0000.0000000000000000,+0000.0000000000000000,+0000.0000000000000000,+0000.0559449551958625,+0000.3282351719953167,+0000.6158198728088210
+0000.0000000000000000,+0000.0000000000000000,+0000.0000000000000000,+0000.0000000000000000,+0000.0559449551956092,+0000.3282351719966108,+0000.6158198728077802
+0000.0000000000000000,+0000.0000000000000000,+0000.0000000000000000,+0000.0000000000000000,+0000.0559449551955905,+0000.3282351719961393,+0000.6158198728082702
+0000.0000000000000000,+0000.0000000000000000,+0000.0000000000000000,+0000.0000000000000000,+0000.0559449551958213,+0000.3282351719940006,+0000.6158198728101782
+0000.0000000000000000,+0000.0000000000000000,+0000.0000000000000000,+0000.0000000000000000,+0000.0559449551962065,+0000.3282351719911443,+0000.6158198728126495
+0000.0000000000000000,+0000.0000000000000000,+0000.0000000000000000,+0000.0000000000000000,+0000.0559449551966039,+0000.3282351719887718,+0000.6158198728146244
+0000.0000000000000000,+0000.0000000000000000,+0000.0000000000000000,+0000.0000000000000000,+0000.0559449551968894,+0000.3282351719877625,+0000.6158198728153483
+0000.0000000000000000,+0000.0000000000000000,+0000.0000000000000000,+0000.0000000000000000,+0000.0559449551969978,+0000.3282351719883560,+0000.6158198728146463
+0000.0000000000000000,+0000.0000000000000000,+0000.0000000000000000,+0000.0000000000000000,+0000.0559449551969324,+0000.3282351719901606,+0000.6158198728129071
+0000.0000000000000000,+0000.0000000000000000,+0000.0000000000000000,+0000.0000000000000000,+0000.0559449551967476,+0000.3282351719924117,+0000.6158198728108411
+0000.0000000000000000,+0000.0000000000000000,+0000.0000000000000000,+0000.0000000000000000,+0000.0559449551965184,+0000.3282351719943207,+0000.6158198728091611
+0000.0000000000000000,+0000.0000000000000000,+0000.0000000000000000,+0000.0000000000000000,+0000.0559449551963114,+0000.3282351719953624,+0000.6158198728083262
+0000.0000000000000000,+0000.0000000000000000,+0000.0000000000000000,+0000.0000000000000000,+0000.0559449551961668,+0000.3282351719954045,+0000.6158198728084286
+0000.0000000000000000,+0000.0000000000000000,+0000.0000000000000000,+0000.0000000000000000,+0000.0559449551960946,+0000.3282351719946676,+0000.6158198728092378
+0000.0000000000000000,+0000.0000000000000000,+0000.0000000000000000,+0000.0000000000000000,+0000.0559449551960821,+0000.3282351719935692,+0000.6158198728103487
+0000.0000000000000000,+0000.0000000000000000,+0000.0000000000000000,+0000.0000000000000000,+0000.0559449551961064,+0000.3282351719925373,+0000.6158198728113561
+0000.0000000000000000,+0000.0000000000000000,+0000.0000000000000000,+0000.0000000000000000,+0000.0559449551961458,+0000.3282351719918658,+0000.6158198728119885
+0000.0000000000000000,+0000.0000000000000000,+0000.0000000000000000,+0000.0000000000000000,+0000.0559449551961862,+0000.3282351719916522,+0000.6158198728121616
+0000.0000000000000000,+0000.0000000000000000,+0000.0000000000000000,+0000.0000000000000000,+0000.0559449551962223,+0000.3282351719918208,+0000.6158198728119568
+0000.0000000000000000,+0000.0000000000000000,+0000.0000000000000000,+0000.0000000000000000,+0000.0559449551962545,+0000.3282351719921964,+0000.6158198728115490
+0000.0000000000000000,+0000.0000000000000000,+0000.0000000000000000,+0000.0000000000000000,+0000.0559449551962848,+0000.3282351719925926,+0000.6158198728111228
+0000.0000000000000000,+0000.0000000000000000,+0000.0000000000000000,+0000.0000000000000000,+0000.0559449551963136,+0000.3282351719928769,+0000.6158198728108095
+0000.0000000000000000,+0000.0000000000000000,+0000.0000000000000000,+0000.0000000000000000,+0000.0559449551963386,+0000.3282351719929993,+0000.6158198728106621
+0000.0000000000000000,+0000.0000000000000000,+0000.0000000000000000,+0000.0000000000000000,+0000.0559449551963560,+0000.3282351719929818,+0000.6158198728106623
+0000.0000000000000000,+0000.0000000000000000,+0000.0000000000000000,+0000.0000000000000000,+0000.0559449551963623,+0000.3282351719928866,+0000.6158198728107515
+0000.0000000000000000,+0000.0000000000000000,+0000.0000000000000000,+0000.0000000000000000,+0000.0559449551963563,+0000.3282351719927802,+0000.6158198728108635
+0000.0000000000000000,+0000.0000000000000000,+0000.0000000000000000,+0000.0000000000000000,+0000.0559449551963398,+0000.3282351719927079,+0000.6158198728109522
+0000.0000000000000000,+0000.0000000000000000,+0000.0000000000000000,+0000.0000000000000000,+0000.0559449551963174,+0000.3282351719926836,+0000.6158198728109989
+0000.0000000000000000,+0000.0000000000000000,+0000.0000000000000000,+0000.0000000000000000,+0000.0559449551962944,+0000.3282351719926959,+0000.6158198728110097
+0000.0000000000000000,+0000.0000000000000000,+0000.0000000000000000,+0000.0000000000000000,+0000.0559449551962759,+0000.3282351719927218,+0000.6158198728110023
+0000.0000000000000000,+0000.0000000000000000,+0000.0000000000000000,+0000.0000000000000000,+0000.0559449551962649,+0000.3282351719927403,+0000.6158198728109948
+0000.0000000000000000,+0000.0000000000000000,+0000.0000000000000000,+0000.0000000000000000,+0000.0559449551962622,+0000.3282351719927410,+0000.6158198728109965
+0000.0000000000000000,+0000.0000000000000000,+0000.0000000000000000,+0000.0000000000000000,+0000.0559449551962664,+0000.3282351719927261,+0000.6158198728110076
+0000.0000000000000000,+0000.0000000000000000,+0000.0000000000000000,+0000.0000000000000000,+0000.0559449551962746,+0000.3282351719927048,+0000.6158198728110207
+0000.0000000000000000,+0000.0000000000000000,+0000.0000000000000000,+0000.0000000000000000,+0000.0559449551962840,+0000.3282351719926888,+0000.6158198728110275
+0000.0000000000000000,+0000.0000000000000000,+0000.0000000000000000,+0000.0000000000000000,+0000.0559449551962922,+0000.3282351719926849,+0000.6158198728110230
+0000.0000000000000000,+0000.0000000000000000,+0000.0000000000000000,+0000.0000000000000000,+0000.0559449551962979,+0000.3282351719926943,+0000.6158198728110080
+0000.0000000000000000,+0000.0000000000000000,+0000.0000000000000000,+0000.0000000000000000,+0000.0559449551963006,+0000.3282351719927120,+0000.6158198728109872
+0000.0000000000000000,+0000.0000000000000000,+0000.0000000000000000,+0000.0000000000000000,+0000.0559449551963011,+0000.3282351719927309,+0000.6158198728109679
+0000.0000000000000000,+0000.0000000000000000,+0000.0000000000000000,+0000.0000000000000000,+0000.0559449551963000,+0000.3282351719927441,+0000.6158198728109560
+0000.0000000000000000,+0000.0000000000000000,+0000.0000000000000000,+0000.0000000000000000,+0000.0559449551962982,+0000.3282351719927482,+0000.6158198728109536
+0000.0000000000000000,+0000.0000000000000000,+0000.0000000000000000,+0000.0000000000000000,+0000.0559449551962963,+0000.3282351719927434,+0000.6158198728109601
+0000.0000000000000000,+0000.0000000000000000,+0000.0000000000000000,+0000.0000000000000000,+0000.0559449551962947,+0000.3282351719927333,+0000.6158198728109718
+0000.0000000000000000,+0000.0000000000000000,+0000.0000000000000000,+0000.0000000000000000,+0000.0559449551962934,+0000.3282351719927220,+0000.6158198728109844
+0000.0000000000000000,+0000.0000000000000000,+0000.0000000000000000,+0000.0000000000000000,+0000.0559449551962925,+0000.3282351719927133,+0000.6158198728109939
+0000.0000000000000000,+0000.0000000000000000,+0000.0000000000000000,+0000.0000000000000000,+0000.0559449551962919,+0000.3282351719927096,+0000.6158198728109987
+0000.0000000000000000,+0000.0000000000000000,+0000.0000000000000000,+0000.0000000000000000,+0000.0559449551962916,+0000.3282351719927105,+0000.6158198728109981
+0000.0000000000000000,+0000.0000000000000000,+0000.0000000000000000,+0000.0000000000000000,+0000.0559449551962914,+0000.3282351719927145,+0000.6158198728109942
+0000.0000000000000000,+0000.0000000000000000,+0000.0000000000000000,+0000.0000000000000000,+0000.0559449551962915,+0000.3282351719927195,+0000.6158198728109890
+0000.0000000000000000,+0000.0000000000000000,+0000.0000000000000000,+0000.0000000000000000,+0000.0559449551962918,+0000.3282351719927238,+0000.6158198728109847
+0000.0000000000000000,+0000.0000000000000000,+0000.0000000000000000,+0000.0000000000000000,+0000.0559449551962923,+0000.3282351719927261,+0000.6158198728109818
+0000.0000000000000000,+0000.0000000000000000,+0000.0000000000000000,+0000.0000000000000000,+0000.0559449551962928,+0000.3282351719927264,+0000.6158198728109807
+0000.0000000000000000,+0000.0000000000000000,+0000.0000000000000000,+0000.0000000000000000,+0000.0559449551962932,+0000.3282351719927254,+0000.6158198728109816
+0000.0000000000000000,+0000.0000000000000000,+0000.0000000000000000,+0000.0000000000000000,+0000.0559449551962935,+0000.3282351719927239,+0000.6158198728109830
+0000.0000000000000000,+0000.0000000000000000,+0000.0000000000000000,+0000.0000000000000000,+0000.0559449551962936,+0000.3282351719927223,+0000.6158198728109840
+0000.0000000000000000,+0000.0000000000000000,+0000.0000000000000000,+0000.0000000000000000,+0000.0559449551962936,+0000.3282351719927215,+0000.6158198728109848
+0000.0000000000000000,+0000.0000000000000000,+0000.0000000000000000,+0000.0000000000000000,+0000.0559449551962935,+0000.3282351719927213,+0000.6158198728109852
+0000.0000000000000000,+0000.0000000000000000,+0000.0000000000000000,+0000.0000000000000000,+0000.0559449551962933,+0000.3282351719927216,+0000.6158198728109852
+0000.0000000000000000,+0000.0000000000000000,+0000.0000000000000000,+0000.0000000000000000,+0000.0559449551962931,+0000.3282351719927221,+0000.6158198728109849
+0000.0000000000000000,+0000.0000000000000000,+0000.0000000000000000,+0000.0000000000000000,+0000.0559449551962930,+0000.3282351719927223,+0000.6158198728109849
+0000.0000000000000000,+0000.0000000000000000,+0000.0000000000000000,+0000.0000000000000000,+0000.0559449551962929,+0000.3282351719927223,+0000.6158198728109847
+0000.0000000000000000,+0000.0000000000000000,+0000.0000000000000000,+0000.0000000000000000,+0000.0559449551962929,+0000.3282351719927223,+0000.6158198728109848
+0000.0000000000000000,+0000.0000000000000000,+0000.0000000000000000,+0000.0000000000000000,+0000.0559449551962929,+0000.3282351719927222,+0000.6158198728109850
+0000.0000000000000000,+0000.0000000000000000,+0000.0000000000000000,+0000.0000000000000000,+0000.0559449551962930,+0000.3282351719927222,+0000.6158198728109850
+0000.0000000000000000,+0000.0000000000000000,+0000.0000000000000000,+0000.0000000000000000,+0000.0559449551962930,+0000.3282351719927221,+0000.6158198728109849
+0000.0000000000000000,+0000.0000000000000000,+0000.0000000000000000,+0000.0000000000000000,+0000.0559449551962930,+0000.3282351719927223,+0000.6158198728109848
+0000.0000000000000000,+0000.0000000000000000,+0000.0000000000000000,+0000.0000000000000000,+0000.0559449551962930,+0000.3282351719927225,+0000.6158198728109847
+0000.0000000000000000,+0000.0000000000000000,+0000.0000000000000000,+0000.0000000000000000,+0000.0559449551962930,+0000.3282351719927226,+0000.6158198728109845
+0000.0000000000000000,+0000.0000000000000000,+0000.0000000000000000,+0000.0000000000000000,+0000.0559449551962930,+0000.3282351719927228,+0000.6158198728109845
+0000.0000000000000000,+0000.0000000000000000,+0000.0000000000000000,+0000.0000000000000000,+0000.0559449551962930,+0000.3282351719927227,+0000.6158198728109845
+0000.0000000000000000,+0000.0000000000000000,+0000.0000000000000000,+0000.0000000000000000,+0000.0559449551962930,+0000.3282351719927225,+0000.6158198728109846
+0000.0000000000000000,+0000.0000000000000000,+0000.0000000000000000,+0000.0000000000000000,+0000.0559449551962930,+0000.3282351719927224,+0000.6158198728109846
+0000.0000000000000000,+0000.0000000000000000,+0000.0000000000000000,+0000.0000000000000000,+0000.0559449551962930,+0000.3282351719927223,+0000.6158198728109848
+0000.0000000000000000,+0000.0000000000000000,+0000.0000000000000000,+0000.0000000000000000,+0000.0559449551962930,+0000.3282351719927222,+0000.6158198728109847
+0000.0000000000000000,+0000.0000000000000000,+0000.0000000000000000,+0000.0000000000000000,+0000.0559449551962930,+0000.3282351719927221,+0000.6158198728109849
+0000.0000000000000000,+0000.0000000000000000,+0000.0000000000000000,+0000.0000000000000000,+0000.0559449551962930,+0000.3282351719927222,+0000.6158198728109847
+0000.0000000000000000,+0000.0000000000000000,+0000.0000000000000000,+0000.0000000000000000,+0000.0559449551962930,+0000.3282351719927222,+0000.6158198728109849
+0000.0000000000000000,+0000.0000000000000000,+0000.0000000000000000,+0000.0000000000000000,+0000.0559449551962930,+0000.3282351719927221,+0000.6158198728109847
+0000.0000000000000000,+0000.0000000000000000,+0000.0000000000000000,+0000.0000000000000000,+0000.0559449551962930,+0000.3282351719927223,+0000.6158198728109850
+0000.0000000000000000,+0000.0000000000000000,+0000.0000000000000000,+0000.0000000000000000,+0000.0559449551962930,+0000.3282351719927222,+0000.6158198728109849
+0000.0000000000000000,+0000.0000000000000000,+0000.0000000000000000,+0000.0000000000000000,+0000.0559449551962930,+0000.3282351719927222,+0000.6158198728109848
+0000.0000000000000000,+0000.0000000000000000,+0000.0000000000000000,+0000.0000000000000000,+0000.0559449551962930,+0000.3282351719927222,+0000.6158198728109849
+0000.0000000000000000,+0000.0000000000000000,+0000.0000000000000000,+0000.0000000000000000,+0000.0559449551962930,+0000.3282351719927222,+0000.6158198728109850
+0000.0000000000000000,+0000.0000000000000000,+0000.0000000000000000,+0000.0000000000000000,+0000.0559449551962929,+0000.3282351719927222,+0000.6158198728109848
+0000.0000000000000000,+0000.0000000000000000,+0000.0000000000000000,+0000.0000000000000000,+0000.0559449551962929,+0000.3282351719927222,+0000.6158198728109849
+0000.0000000000000000,+0000.0000000000000000,+0000.0000000000000000,+0000.0000000000000000,+0000.0559449551962930,+0000.3282351719927222,+0000.6158198728109850
+0000.0000000000000000,+0000.0000000000000000,+0000.0000000000000000,+0000.0000000000000000,+0000.0559449551962930,+0000.3282351719927223,+0000.6158198728109849
+0000.0000000000000000,+0000.0000000000000000,+0000.0000000000000000,+0000.0000000000000000,+0000.0559449551962929,+0000.3282351719927222,+0000.6158198728109848
+0000.0000000000000000,+0000.0000000000000000,+0000.0000000000000000,+0000.0000000000000000,+0000.0559449551962929,+0000.3282351719927222,+0000.6158198728109848
+0000.0000000000000000,+0000.0000000000000000,+0000.0000000000000000,+0000.0000000000000000,+0000.0559449551962929,+0000.3282351719927223,+0000.6158198728109847
+0000.0000000000000000,+0000.0000000000000000,+0000.0000000000000000,+0000.0000000000000000,+0000.0559449551962929,+0000.3282351719927222,+0000.6158198728109848
+0000.0000000000000000,+0000.0000000000000000,+0000.0000000000000000,+0000.0000000000000000,+0000.0559449551962929,+0000.3282351719927223,+0000.6158198728109848
+0000.0000000000000000,+0000.0000000000000000,+0000.0000000000000000,+0000.0000000000000000,+0000.0559449551962929,+0000.3282351719927223,+0000.6158198728109847
