+0000.0000000000000000,+0001.0000000000000000,+0000.0000000000000000,+0000.0000000000000000,+0000.0000000000000000
+0000.0000964951508777,+0000.9999024459430077,+0000.0000000569950447,+0000.0000010019052545,+0000.0000000000058152
+0000.0003854023925458,+0000.9996096788339591,+0000.0000009075895277,+0000.0000040110390812,+0000.0000000001448862
+0000.0008644244127797,+0000.9991219790681339,+0000.0000045634556215,+0000.0000090319326965,+0000.0000000011307685
+0000.0015293910574621,+0000.9984402268944030,+0000.0000143085624808,+0000.0000160683204802,+0000.0000000051651740
+0000.0023743168847641,+0000.9975659191778208,+0000.0000346235356836,+0000.0000251231418838,+0000.0000000172598479
+0000.0033914764088650,+0000.9965011818463818,+0000.0000710962457321,+0000.0000361985499032,+0000.0000000469491176
+0000.0045714961116304,+0000.9952487777737975,+0000.0001303198288501,+0000.0000492959268864,+0000.0000001103588356
+0000.0059034621170568,+0000.9938121099108408,+0000.0002197794709827,+0000.0000644159082870,+0000.0000002325928327
+0000.0073750422509525,+0000.9921952195419165,+0000.0003477293983877,+0000.0000815584147946,+0000.0000004503939486
+0000.0089726210506049,+0000.9904027796097403,+0000.0005230616132999,+0000.0001007226930878,+0000.0000008150332671
+0000.0106814461492542,+0000.9884400831181456,+0000.0007551679889275,+0000.0001219073652645,+0000.0000013953784082
+0000.0124857843408822,+0000.9863130266897433,+0000.0010537973929343,+0000.0001451104868081,+0000.0000022810896316
+0000.0143690855345806,+0000.9840280894200997,+0000.0014289095414337,+0000.0001703296127585,+0000.0000035858911273
+0000.0163141527364933,+0000.9815923072320212,+0000.0018905272957193,+0000.0001975618715702,+0000.0000054508641959
+0000.0183033161523938,+0000.9790132429912427,+0000.0024485891013369,+0000.0002268040459665,+0000.0000080477090601
+0000.0203186094860714,+0000.9762989526971775,+0000.0031128032340470,+0000.0002580526599358,+0000.0000115819227683
+0000.0223419465179511,+0000.9734579481085206,+0000.0038925054606344,+0000.0002913040708722,+0000.0000162958420216
+0000.0243552960841739,+0000.9704991562025725,+0000.0047965216457926,+0000.0003265545657352,+0000.0000224715017254
+0000.0263408536375384,+0000.9674318758986237,+0000.0058330367412578,+0000.0003638004600010,+0000.0000304332625794
+0000.0282812076564863,+0000.9642657324991881,+0000.0070094714822218,+0000.0004030381980946,+0000.0000405501640089
+0000.0301594992744256,+0000.9610106303181998,+0000.0083323679913105,+0000.0004442644539328,+0000.0000532379621311
+0000.0319595736264578,+0000.9576767039723866,+0000.0098072853548113,+0000.0004874762301782,+0000.0000689608161658
+0000.0336661215509873,+0000.9542742688113388,+0000.0114387060922208,+0000.0005326709547885,+0000.0000882325906645
+0000.0352648104365276,+0000.9508137709534892,+0000.0132299542914506,+0000.0005798465734657,+0000.0001116177450667
+0000.0367424031659451,+0000.9473057373800851,+0000.0151831260310045,+0000.0006290016366402,+0000.0001397317863252
+0000.0380868642780640,+0000.9437607265178245,+0000.0172990325598187,+0000.0006801353796848,+0000.0001732412646079
+0000.0392874526367574,+0000.9401892797140761,+0000.0195771565577133,+0000.0007332477951312,+0000.0002128632963219
+0000.0403348000673241,+0000.9366018739773054,+0000.0220156216567458,+0000.0007883396957516,+0000.0002593646028730
+0000.0412209755863174,+0000.9330088763205177,+0000.0246111752680634,+0000.0008454127674816,+0000.0003135600576199
+0000.0419395350115970,+0000.9294205000080789,+0000.0273591846316431,+0000.0009044696112812,+0000.0003763107373998
+0000.0424855558921457,+0000.9258467629672065,+0000.0302536458887318,+0000.0009655137731646,+0000.0004485214787513
+0000.0428556578404635,+0000.9222974485855746,+0000.0332872058696280,+0000.0010285497617722,+0000.0005311379425616
+0000.0430480084828663,+0000.9187820690767629,+0000.0364511961930610,+0000.0010935830530095,+0000.0006251431943004
+0000.0430623153639567,+0000.9153098315564154,+0000.0397356791878919,+0000.0011606200814304,+0000.0007315538103060
+0000.0428998042504541,+0000.9118896069346748,+0000.0431295050728983,+0000.0012296682182027,+0000.0008514155237704
+0000.0425631843764270,+0000.9085299016952780,+0000.0466203797654826,+0000.0013007357356528,+0000.0009857984271598
+0000.0420566012570107,+0000.9052388325991014,+0000.0501949426344970,+0000.0013738317585484,+0000.0011357917508422
+0000.0413855777714872,+0000.9020241043203125,+0000.0538388534650661,+0000.0014489662024368,+0000.0013024982406974
+0000.0405569442799105,+0000.8988929899967982,+0000.0575368878632741,+0000.0015261496995155,+0000.0014870281605015
+0000.0395787585912264,+0000.8958523146534314,+0000.0612730402947505,+0000.0016053935126677,+0000.0016904929479238
+0000.0384602166461136,+0000.8929084414369217,+0000.0650306339224296,+0000.0016867094384448,+0000.0019139985560904
+0000.0372115548156507,+0000.8900672605845491,+0000.0687924363840231,+0000.0017701096999258,+0000.0021586385158511
+0000.0358439447484852,+0000.8873341810357602,+0000.0725407806280588,+0000.0018556068305257,+0000.0024254867571700
+0000.0343693817254663,+0000.8847141245852699,+0000.0762576899078939,+0000.0019432135499545,+0000.0027155902314155
+0000.0328005675026267,+0000.8822115224686961,+0000.0799250060152559,+0000.0020329426336600,+0000.0030299613797613
+0000.0311507886417161,+0000.8798303142665287,+0000.0835245198181723,+0000.0021248067772007,+0000.0033695704963823
+0000.0294337913427953,+0000.8775739490090948,+0000.0870381031524002,+0000.0022188184571012,+0000.0037353380386086
+0000.0276636538060710,+0000.8754453883637557,+0000.0904478411007068,+0000.0023149897898394,+0000.0041281269396271
+0000.0258546571603360,+0000.8734471117855125,+0000.0937361636808345,+0000.0024133323906923,+0000.0045487349826245
+0000.0240211560030170,+0000.8715811235131331,+0000.0968859759512469,+0000.0025138572342324,+0000.0049978872983706
+0000.0221774496016140,+0000.8698489612945109,+0000.0998807855345057,+0000.0026165745183164,+0000.0054762290510528
+0000.0203376548077359,+0000.8682517067269125,+0000.1027048265523306,+0000.0027214935334304,+0000.0059843183795905
+0000.0185155817322934,+0000.8667899970997373,+0000.1053431789651294,+0000.0028286225392675,+0000.0065226196635725
+0000.0167246132228340,+0000.8654640386292127,+0000.1077818823132982,+0000.0029379686503928,+0000.0070914971842624
+0000.0149775891705188,+0000.8642736209758008,+0000.1100080428691818,+0000.0030495377328094,+0000.0076912092516890
+0000.0132866966537715,+0000.8632181329358839,+0000.1120099332285926,+0000.0031633343131698,+0000.0083219028685821
+0000.0116633668970931,+0000.8622965791994036,+0000.1137770834005138,+0000.0032793615022806,+0000.0089836090007090
+0000.0101181799858760,+0000.8615075980644860,+0000.1153003624942663,+0000.0033976209344210,+0000.0096762385209509
+0000.0086607782302793,+0000.8608494799986989,+0000.1165720501560489,+0000.0035181127238421,+0000.0103995788911306
+0000.0072997890125365,+0000.8603201869344945,+0000.1175858969722044,+0000.0036408354396299,+0000.0111532916411346
+0000.0060427578818174,+0000.8599173721836983,+0000.1183371731353603,+0000.0037657860999023,+0000.0119369106992214
+0000.0048960925785972,+0000.8596384008527579,+0000.1188227047619865,+0000.0038929601860751,+0000.0127498416205830
+0000.0038650185763314,+0000.8594803706370159,+0000.1190408973557291,+0000.0040223516776678,+0000.0135913617532556
+0000.0029535466223660,+0000.8594401328687832,+0000.1189917460295830,+0000.0041539531078401,+0000.0144606213714275
+0000.0021644526430714,+0000.8595143136906547,+0000.1186768322305632,+0000.0042877556395511,+0000.0153566457961597
+0000.0014992702511988,+0000.8596993352226145,+0000.1180993068516105,+0000.0044237491619223,+0000.0162783385126541
+0000.0009582959578165,+0000.8599914365892765,+0000.1172638597651995,+0000.0045619224060683,+0000.0172244852816395
+0000.0005406070486637,+0000.8603866946723449,+0000.1161766759692668,+0000.0047022630793418,+0000.0181937592303830
+0000.0002440919374567,+0000.8608810444533271,+0000.1148453786960900,+0000.0048447580166253,+0000.0191847268965007
+0000.0000654926589898,+0000.8614702988128810,+0000.1132789599957627,+0000.0049893933470029,+0000.0201958551853637
+0000.0000004590154078,+0000.8621501676561378,+0000.1114876994648632,+0000.0051361546738593,+0000.0212255191897320
+0000.0000436137425592,+0000.8629162762380570,+0000.1094830719446367,+0000.0052850272661969,+0000.0222720108085502
+0000.0001886279227256,+0000.8637641825694118,+0000.1072776451582712,+0000.0054359962587312,+0000.0233335480908600
+0000.0004283057380924,+0000.8646893937924620,+0000.1048849683905361,+0000.0055890468581348,+0000.0244082852207748
+0000.0007546775388179,+0000.8656873814256972,+0000.1023194534322024,+0000.0057441645526423,+0000.0254943230506401
+0000.0011591000930147,+0000.8667535953891788,+0000.0995962491135961,+0000.0059013353221284,+0000.0265897200820820
+0000.0016323627956403,+0000.8678834767358354,+0000.0967311108340417,+0000.0060605458457013,+0000.0276925037887810
+0000.0021647985411286,+0000.8690724690294155,+0000.0937402665549544,+0000.0062217837038494,+0000.0288006821706518
+0000.0027463979120605,+0000.8703160283264187,+0000.0906402807625810,+0000.0063850375722133,+0000.0299122554267264
+0000.0033669253043329,+0000.8716096317369737,+0000.0874479179210497,+0000.0065502974041413,+0000.0310252276335024
+0000.0040160355986537,+0000.8729487845579841,+0000.0841800069272395,+0000.0067175545993239,+0000.0321376183167988
+0000.0046833899988183,+0000.8743290259906045,+0000.0808533080463577,+0000.0068868021559789,+0000.0332474738082408
+0000.0053587696886277,+0000.8757459334729096,+0000.0774843837519270,+0000.0070580348042809,+0000.0343528782822549
+0000.0060321860105427,+0000.8771951256771223,+0000.0740894748175642,+0000.0072312491189841,+0000.0354519643757866
+0000.0066939859388368,+0000.8786722642386384,+0000.0706843829123778,+0000.0074064436094747,+0000.0365429233006722
+0000.0073349517063356,+0000.8801730543010233,+0000.0672843608393211,+0000.0075836187858028,+0000.0376240143675172
+0000.0079463935447185,+0000.8816932439768379,+0000.0639040114290415,+0000.0077627771995742,+0000.0386935738498282
+0000.0085202346114541,+0000.8832286228383325,+0000.0605571959634969,+0000.0079439234589270,+0000.0397500231277894
+0000.0090490872992493,+0000.8847750195645000,+0000.0572569528568676,+0000.0081270642171688,+0000.0407918760622144
+0000.0095263202538066,+0000.8863282988814910,+0000.0540154271690982,+0000.0083122081350016,+0000.0418177455606024
+0000.0099461155601122,+0000.8878843579418856,+0000.0508438113727447,+0000.0084993658166054,+0000.0428263493086523
+0000.0103035156938803,+0000.8894391222945888,+0000.0477522976395390,+0000.0086885497201876,+0000.0438165146518045
+0000.0105944599707680,+0000.8909885416012373,+0000.0447500417618753,+0000.0088797740439238,+0000.0447871826221955
+0000.0108158103593260,+0000.8925285852568450,+0000.0418451386786778,+0000.0090730545885160,+0000.0457374111166353
+0000.0109653666524124,+0000.8940552380720771,+0000.0390446094369385,+0000.0092684085978681,+0000.0466663772407036
+0000.0110418711142468,+0000.8955644961720662,+0000.0363543992913794,+0000.0094658545796350,+0000.0475733788426725
+0000.0110450028350132,+0000.8970523632621185,+0000.0337793865266338,+0000.0096654121076181,+0000.0484578352686166
+0000.0109753621308212,+0000.8985148474041854,+0000.0313234014801218,+0000.0098671016081819,+0000.0493192873766897
+0000.0108344454230645,+0000.8999479584396665,+0000.0289892551501469,+0000.0100709441330249,+0000.0501573968540975
+0000.0106246111172534,+0000.9013477061841332,+0000.0267787766930678,+0000.0102769611207770,+0000.0509719448847687
+0000.0103490370769410,+0000.9027100995081041,+0000.0246928590458198,+0000.0104851741499986,+0000.0517628302191364
+0000.0100116703533797,+0000.9040311464051595,+0000.0227315118554061,+0000.0106956046862334,+0000.0525300666998212
+0000.0096171698861667,+0000.9053068551346992,+0000.0208939208548987,+0000.0109082738258126,+0000.0532737802984228
+0000.0091708429346963,+0000.9065332365116333,+0000.0191785127954077,+0000.0111232020391306,+0000.0539942057191320
+0000.0086785760351530,+0000.9077063073994533,+0000.0175830250247201,+0000.0113404089161018,+0000.0546916826245718
+0000.0081467613035983,+0000.9088220954466057,+0000.0161045787950781,+0000.0115599129164795,+0000.0553666515382382
+0000.0075822189229980,+0000.9098766450890737,+0000.0147397553840236,+0000.0117817311276592,+0000.0560196494762458
+0000.0069921166614224,+0000.9108660248246921,+0000.0134846741224989,+0000.0120058790325089,+0000.0566513053588775
+0000.0063838872707251,+0000.9117863357471910,+0000.0123350714426111,+0000.0122323702896691,+0000.0572623352498036
+0000.0057651446103517,+0000.9126337213103712,+0000.0112863800827941,+0000.0124612165286389,+0000.0578535374678440
+0000.0051435993300715,+0000.9134043782754342,+0000.0103338076197587,+0000.0126924271618236,+0000.0584257876129119
+0000.0045269749288477,+0000.9140945687773570,+0000.0094724135338788,+0000.0129260092155546,+0000.0589800335443619
+0000.0039229249851663,+0000.9147006334296012,+0000.0086971840568695,+0000.0131619671819104,+0000.0595172903464525
+0000.0033389523272799,+0000.9152190053704843,+0000.0080031040971806,+0000.0134003028929666,+0000.0600386353120887
+0000.0027823308802761,+0000.9156462251393945,+0000.0073852255889516,+0000.0136410154188879,+0000.0605452029724895
+0000.0022600308908653,+0000.9159789562569256,+0000.0068387316641890,+0000.0138841009910386,+0000.0610381801969814
+0000.0017786481904895,+0000.9162140013700412,+0000.0063589961046440,+0000.0141295529510423,+0000.0615188013837828
+0000.0013443381129240,+0000.9163483188118265,+0000.0059416375893278,+0000.0143773617264601,+0000.0619883437594613
+0000.0009627546341102,+0000.9163790394153120,+0000.0055825683153717,+0000.0146275148334802,+0000.0624481228017259
+0000.0006389952496475,+0000.9163034834125258,+0000.0052780366337099,+0000.0148799969067339,+0000.0628994877973830
+0000.0003775520493326,+0000.9161191772434409,+0000.0050246634065166,+0000.0151347897560571,+0000.0633438175446526
+0000.0001822693885487,+0000.9158238700949883,+0000.0048194718601362,+0000.0153918724497271,+0000.0637825162065996
+0000.0000563084933924,+0000.9154155499879456,+0000.0046599107750564,+0000.0156512214234010,+0000.0642170093202044
+0000.0000021192704823,+0000.9148924592293736,+0000.0045438709228966,+0000.0159128106136935,+0000.0646487399635539
+0000.0000214195237675,+0000.9142531090504175,+0000.0044696947289958,+0000.0161766116150357,+0000.0650791650817837
+0000.0001151817097969,+0000.9134962932537900,+0000.0044361792075029,+0000.0164425938581790,+0000.0655097519707309
+0000.0002836272903311,+0000.9126211007020926,+0000.0044425722833817,+0000.0167107248084383,+0000.0659419749157562
+0000.0005262286674851,+0000.9116269264872703,+0000.0044885626818830,+0000.0169809701815156,+0000.0663773119818458
+0000.0008417186124692,+0000.9105134816329158,+0000.0045742636301906,+0000.0172532941745172,+0000.0668172419499070
+0000.0012281070251819,+0000.9092808011946381,+0000.0047001906775046,+0000.0175276597095700,+0000.0672632413931054
+0000.0016827047892371,+0000.9079292506392336,+0000.0048672339981135,+0000.0178040286872648,+0000.0677167818861508
+0000.0022021544163057,+0000.9064595304006784,+0000.0050766255963894,+0000.0180823622470121,+0000.0681793273396145
+0000.0027824671058221,+0000.9048726785297965,+0000.0053299018824587,+0000.0183626210312830,+0000.0686523314506396
+0000.0034190657820195,+0000.9031700713745962,+0000.0056288621319522,+0000.0186447654506392,+0000.0691372352607931
+0000.0041068336107933,+0000.9013534222493678,+0000.0059755233821334,+0000.0189287559464233,+0000.0696354648112821
+0000.0048401674448786,+0000.8994247780724508,+0000.0063720723493441,+0000.0192145532479886,+0000.0701484288853381
+0000.0056130355980426,+0000.8973865139746764,+0000.0068208149786431,+0000.0195021186214034,+0000.0706775168272341
+0000.0064190393081287,+0000.8952413259026457,+0000.0073241242554034,+0000.0197914141066547,+0000.0712240964271675
+0000.0072514772154347,+0000.8929922212627267,+0000.0078843869202266,+0000.0200824027405156,+0000.0717895118610964
+0000.0081034121575554,+0000.8906425076727578,+0000.0085039497326925,+0000.0203750487624130,+0000.0723750816745815
+0000.0089677395647991,+0000.8881957799084484,+0000.0091850659261616,+0000.0206693178008463,+0000.0729820967997445
+0000.0098372567318271,+0000.8856559051501922,+0000.0099298424851902,+0000.0209651770381585,+0000.0736118185946321
+0000.0107047322413154,+0000.8830270066530852,+0000.0107401888593034,+0000.0212625953517343,+0000.0742654768945620
+0000.0115629748241242,+0000.8803134459781867,+0000.0116177677022384,+0000.0215615434300139,+0000.0749442680654369
+0000.0124049009574578,+0000.8775198039362241,+0000.0125639481947365,+0000.0218619938620337,+0000.0756493530495479
+0000.0132236005274378,+0000.8746508604058951,+0000.0135797624720581,+0000.0221639211995558,+0000.0763818553950532
+0000.0140123999149107,+0000.8717115731975346,+0000.0146658656352283,+0000.0224673019912083,+0000.0771428592611182
+0000.0147649219025640,+0000.8687070561391239,+0000.0158224997782539,+0000.0227721147884227,+0000.0779334073916353
+0000.0154751418468337,+0000.8656425565654002,+0000.0170494624129232,+0000.0230783401233274,+0000.0787544990515154
+0000.0161374396088710,+0000.8625234323922114,+0000.0183460796190484,+0000.0233859604591206,+0000.0796070879207485
+0000.0167466467941662,+0000.8593551289573323,+0000.0197111841919241,+0000.0236949601138043,+0000.0804920799427735
+0000.0172980889094273,+0000.8561431558057924,+0000.0211430990011099,+0000.0240053251585082,+0000.0814103311251621
+0000.0177876221070887,+0000.8528930635925634,+0000.0226396257161728,+0000.0243170432919572,+0000.0823626452922177
+0000.0182116642514939,+0000.8496104212683215,+0000.0241980389964528,+0000.0246301036929450,+0000.0833497717907870
+0000.0185672201054894,+0000.8463007937052286,+0000.0258150861839382,+0000.0249444968529571,+0000.0843724031523870
+0000.0188519005010436,+0000.8429697199093996,+0000.0274869924815774,+0000.0252602143913389,+0000.0854311727166407
+0000.0190639354217950,+0000.8396226919552344,+0000.0292094715443744,+0000.0255772488556267,+0000.0865266522229693
+0000.0192021809884087,+0000.8362651347643110,+0000.0309777413579296,+0000.0258955935098496,+0000.0876593493795012
+0000.0192661203986293,+0000.8329023868383038,+0000.0327865452291113,+0000.0262152421137618,+0000.0888297054201939
+0000.0192558589323911,+0000.8295396820416567,+0000.0346301776666557,+0000.0265361886960840,+0000.0900380926632125
+0000.0191721131877807,+0000.8261821325156977,+0000.0365025148859772,+0000.0268584273249145,+0000.0912848120856301
+0000.0190161947656298,+0000.8228347127918048,+0000.0383970496325623,+0000.0271819518785107,+0000.0925700909314923
+0000.0187899886687001,+0000.8195022451572558,+0000.0403069299821994,+0000.0275067558196514,+0000.0938940803721930
+0000.0184959267255427,+0000.8161893863137353,+0000.0422250017440707,+0000.0278328319767557,+0000.0952568532398955
+0000.0181369563889700,+0000.8129006153552731,+0000.0441438540644916,+0000.0281601723348708,+0000.0966584018563944
+0000.0177165052945198,+0000.8096402230797954,+0000.0460558678048580,+0000.0284887678395341,+0000.0980986359812927
+0000.0172384419952393,+0000.8064123026365602,+0000.0479532662471686,+0000.0288186082163807,+0000.0995773809046510
+0000.0167070333155163,+0000.8032207415006642,+0000.0498281676643127,+0000.0291496818091956,+0000.1010943757103112
+0000.0161268987885294,+0000.8000692147555619,+0000.0516726392801272,+0000.0294819754389113,+0000.1026492717368702
+0000.0155029626592028,+0000.7969611796552132,+0000.0534787521360000,+0000.0298154742858171,+0000.1042416312637671
+0000.0148404039473650,+0000.7938998714290731,+0000.0552386363764725,+0000.0301501617969934,+0000.1058709264500955
+0000.0141446050741905,+0000.7908883002856918,+0000.0569445364658544,+0000.0304860196206985,+0000.1075365385535650
+0000.0134210995590143,+0000.7879292495641557,+0000.0585888658512320,+0000.0308230275691319,+0000.1092377574564659
+0000.0126755192933255,+0000.7850252749770326,+0000.0601642605944212,+0000.0311611636106752,+0000.1109737815245456
+0000.0119135418942554,+0000.7821787048837330,+0000.0616636315063036,+0000.0315004038923676,+0000.1127437178233405
+0000.0111408386312653,+0000.7793916415293751,+0000.0630802143315797,+0000.0318407227930225,+0000.1145465827147573
+0000.0103630234070977,+0000.7766659631811700,+0000.0644076175501858,+0000.0321820930070245,+0000.1163813028545221
+0000.0095856032575060,+0000.7740033270920593,+0000.0656398673834128,+0000.0325244856584767,+0000.1182467166085451
+0000.0088139308139084,+0000.7714051732197689,+0000.0667714496180311,+0000.0328678704449966,+0000.1201415759032948
+0000.0080531591490897,+0000.7688727286285126,+0000.0677973478903693,+0000.0332122158100844,+0000.1220645485219442
+0000.0073081993985174,+0000.7664070125002898,+0000.0687130781041764,+0000.0335574891426258,+0000.1240142208543908
+0000.0065836815189539,+0000.7640088416829804,+0000.0695147186910503,+0000.0339036570017328,+0000.1259891011052826
+0000.0058839185120160,+0000.7616788367032117,+0000.0701989364600239,+0000.0342506853647889,+0000.1279876229599592
+0000.0052128744034178,+0000.7594174281732377,+0000.0707630078233249,+0000.0345985398962400,+0000.1300081497037795
+0000.0045741362290891,+0000.7572248635227549,+0000.0712048352280519,+0000.0349471862343784,+0000.1320489787857257
+0000.0039708902375251,+0000.7551012139886710,+0000.0715229586682115,+0000.0352965902930933,+0000.1341083468124991
+0000.0034059024739291,+0000.7530463817982940,+0000.0717165621978231,+0000.0356467185753274,+0000.1361844349546265
+0000.0028815038663719,+0000.7510601074841927,+0000.0717854754132068,+0000.0359975384947723,+0000.1382753747414564
+0000.0023995798877281,+0000.7491419772720778,+0000.0717301699206219,+0000.0363490187021758,+0000.1403792542173962
+0000.0019615648200391,+0000.7472914304864107,+0000.0715517508536157,+0000.0367011294125119,+0000.1424941244274228
+0000.0015684406006885,+0000.7455077669220651,+0000.0712519435522255,+0000.0370538427291860,+0000.1446180061958350
+0000.0012207401828762,+0000.7437901541342185,+0000.0708330755629789,+0000.0374071329614200,+0000.1467488971585064
+0000.0009185552968892,+0000.7421376346026729,+0000.0702980541638846,+0000.0377609769309780,+0000.1488847790055755
+0000.0006615484541182,+0000.7405491327310355,+0000.0696503396617225,+0000.0381153542644582,+0000.1510236248886659
+0000.0004489689932157,+0000.7390234616455400,+0000.0688939147493561,+0000.0384702476674898,+0000.1531634069443981
+0000.0002796729277456,+0000.7375593297627717,+0000.0680332502479676,+0000.0388256431773331,+0000.1553021038841816
+0000.0001521463176430,+0000.7361553471001219,+0000.0670732675925482,+0000.0391815303905839,+0000.1574377085991030
+0000.0000645318532551,+0000.7348100313074297,+0000.0660192984482097,+0000.0395379026629315,+0000.1595682357281741
+0000.0000146583110825,+0000.7335218134029157,+0000.0648770418695203,+0000.0398947572782025,+0000.1616917291382792
+0000.0000000725149529,+0000.7322890432011525,+0000.0636525194347773,+0000.0402520955842428,+0000.1638062692648745
+0000.0000180734155456,+0000.7311099944254209,+0000.0623520288016651,+0000.0406099230935423,+0000.1659099802638260
+0000.0000657478851626,+0000.7299828695013175,+0000.0609820961399337,+0000.0409682495468801,+0000.1680010369267061
+0000.0001400078135847,+0000.7289058040328883,+0000.0595494279004914,+0000.0413270889386650,+0000.1700776713143706
+0000.0002376280848262,+0000.7278768709668157,+0000.0580608623786403,+0000.0416864595030579,+0000.1721381790666598
+0000.0003552850136141,+0000.7268940844542540,+0000.0565233215221890,+0000.0420463836603804,+0000.1741809253495626
+0000.0004895948243925,+0000.7259554034237579,+0000.0549437634230313,+0000.0424068879237356,+0000.1762043504050827
+0000.0006371517644252,+0000.7250587348823451,+0000.0533291359137442,+0000.0427680027661903,+0000.1782069746732952
+0000.0007945654559262,+0000.7242019369650382,+0000.0516863316691661,+0000.0431297624492756,+0000.1801874034605936
+0000.0009584971097885,+0000.7233828217562382,+0000.0500221451871658,+0000.0434922048139640,+0000.1821443311328435
+0000.0011256942450585,+0000.7225991579089350,+0000.0483432319933611,+0000.0438553710356602,+0000.1840765448169853
+0000.0012930235834239,+0000.7218486730900741,+0000.0466560703818918,+0000.0442193053451007,+0000.1859829275995095
+0000.0014575018162014,+0000.7211290562823164,+0000.0449669259690274,+0000.0445840547173896,+0000.1878624612150654
+0000.0016163239721650,+0000.7204379599739672,+0000.0432818192989571,+0000.0449496685316999,+0000.1897142282232111
+0000.0017668891475609,+0000.7197730022699891,+0000.0416064967021240,+0000.0453161982044387,+0000.1915374136758872
+0000.0019068233943086,+0000.7191317689577362,+0000.0399464045665009,+0000.0456836967989121,+0000.1933313062825421
+0000.0020339995982029,+0000.7185118155613615,+0000.0383066671418054,+0000.0460522186147240,+0000.1950952990839063
+0000.0021465542154193,+0000.7179106694187657,+0000.0366920679563546,+0000.0464218187603093,+0000.1968288896491513
+0000.0022429007723181,+0000.7173258318144483,+0000.0351070348865607,+0000.0467925527121260,+0000.1985316798145471
+0000.0023217400699985,+0000.7167547802007366,+0000.0335556288804289,+0000.0471644758641228,+0000.2002033749847132
+0000.0023820670708682,+0000.7161949705385818,+0000.0320415362992652,+0000.0475376430711539,+0000.2018437830201307
+0000.0024231744792762,+0000.7156438397874687,+0000.0305680648065020,+0000.0479121081900309,+0000.2034528127367222
+0000.0024446530616898,+0000.7150988085719782,+0000.0291381426994211,+0000.0482879236218882,+0000.2050304720450229
+0000.0024463887836649,+0000.7145572840502057,+0000.0277543215488836,+0000.0486651398594948,+0000.2065768657577509
+0000.0024285568707287,+0000.7140166630065918,+0000.0264187819841636,+0000.0490438050430664,+0000.2080921930954497
+0000.0023916129280314,+0000.7134743351887726,+0000.0251333424348187,+0000.0494239645280313,+0000.2095767449203459
+0000.0023362812790781,+0000.7129276869048771,+0000.0238994706193168,+0000.0498056604680723,+0000.2110309007286557
+0000.0022635407068766,+0000.7123741048942370,+0000.0227182975509718,+0000.0501889314166156,+0000.2124551254312988
+0000.0021746078013351,+0000.7118109804808613,+0000.0215906338156398,+0000.0505738119497616,+0000.2138499659524021
+0000.0020709181346607,+0000.7112357140151893,+0000.0205169878626051,+0000.0509603323134591,+0000.2152160476740858
+0000.0019541055017952,+0000.7106457196057004,+0000.0194975860400955,+0000.0513485180975120,+0000.2165540707548969
+0000.0018259794755784,+0000.7100384301378790,+0000.0185323940998626,+0000.0517383899387831,+0000.2178648063478968
+0000.0016885015363619,+0000.7094113025739104,+0000.0176211398911394,+0000.0521299632557153,+0000.2191490927428730
+0000.0015437600432310,+0000.7087618235223064,+0000.0167633369629626,+0000.0525232480160401,+0000.2204078314554597
+0000.0013939443188808,+0000.7080875150625043,+0000.0159583087951790,+0000.0529182485392812,+0000.2216419832841544
+0000.0012413181225927,+0000.7073859408053496,+0000.0152052133823263,+0000.0533149633353874,+0000.2228525643543442
+0000.0010881927857291,+0000.7066547121663490,+0000.0145030679008376,+0000.0537133849805521,+0000.2240406421665322
+0000.0009369002817920,+0000.7058914948246686,+0000.0138507731985230,+0000.0541135000309942,+0000.2252073316640224
+0000.0007897664984527,+0000.7050940153371014,+0000.0132471378558695,+0000.0545152889751851,+0000.2263537913333912
+0000.0006490849721409,+0000.7042600678727191,+0000.0126909015812251,+0000.0549187262247191,+0000.2274812193491959
+0000.0005170913368845,+0000.7033875210306266,+0000.0121807577162227,+0000.0553237801437320,+0000.2285908497725341
+0000.0003959387282015,+0000.7024743247002796,+0000.0117153746437052,+0000.0557304131164867,+0000.2296839488113269
+0000.0002876743700817,+0000.7015185169211654,+0000.0112934159077556,+0000.0561385816524523,+0000.2307618111485451
+0000.0001942175585579,+0000.7005182306963954,+0000.0109135588740667,+0000.0565482365279274,+0000.2318257563430527
+0000.0001173392391784,+0000.6994717007128947,+0000.0105745117786208,+0000.0569593229629786,+0000.2328771253063279
+0000.0000586433579788,+0000.6983772699194716,+0000.0102750290333284,+0000.0573717808321988,+0000.2339172768570225
+0000.0000195501464500,+0000.6972333959131215,+0000.0100139246787190,+0000.0577855449075351,+0000.2349475843541742
+0000.0000012814806536,+0000.6960386570834836,+0000.0097900838958078,+0000.0582005451311911,+0000.2359694324088640
+0000.0000048484332050,+0000.6947917584654693,+0000.0096024725117032,+0000.0586167069163793,+0000.2369842136732429
+0000.0000310411144986,+0000.6934915372507182,+0000.0094501444561735,+0000.0590339514734918,+0000.2379933257051179
+0000.0000804208764666,+0000.6921369679096960,+0000.0093322471490841,+0000.0594521961590597,+0000.2389981679056934
+0000.0001533149285382,+0000.6907271668779990,+0000.0092480248211424,+0000.0598713548447085,+0000.2400001385276120
+0000.0002498133915008,+0000.6892613967626704,+0000.0091968197925555,+0000.0602913383031660,+0000.2410006317501073
+0000.0003697687908756,+0000.6877390700271510,+0000.0091780717558258,+0000.0607120546082612,+0000.2420010348178865
+0000.0005127979674268,+0000.6861597521167628,+0000.0091913151297762,+0000.0611334095457616,+0000.2430027252402728
+0000.0006782863587534,+0000.6845231639904257,+0000.0092361745718231,+0000.0615553070318290,+0000.2440070680471689
+0000.0008653945828053,+0000.6828291840285070,+0000.0093123587543123,+0000.0619776495358471,+0000.2450154130985282
+0000.0010730672318419,+0000.6810778492913321,+0000.0094196525282169,+0000.0624003385043674,+0000.2460290924442416
+0000.0013000437640580,+0000.6792693561078371,+0000.0095579076134956,+0000.0628232747829550,+0000.2470494177316542
+0000.0015448713600533,+0000.6774040599791055,+0000.0097270319697660,+0000.0632463590327765,+0000.2480776776582987
+0000.0018059195927400,+0000.6754824747869995,+0000.0099269780135145,+0000.0636694921388688,+0000.2491151354678769
+0000.0020813967423720,+0000.6735052713037478,+0000.0101577298587128,+0000.0640925756071531,+0000.2501630264880145
+0000.0023693675733290,+0000.6714732750040702,+0000.0104192897663361,+0000.0645155119474145,+0000.2512225557088503
+0000.0026677723762597,+0000.6693874631871874,+0000.0107116639947922,+0000.0649382050396562,+0000.2522948954021046
+0000.0029744470683394,+0000.6672489614217403,+0000.0110348482476118,+0000.0653605604814444,+0000.2533811827808642
+0000.0032871441358325,+0000.6650590393322383,+0000.0113888129168826,+0000.0657824859140995,+0000.2544825177009472
+0000.0036035541969739,+0000.6628191057510180,+0000.0117734883208226,+0000.0662038913258456,+0000.2555999604053401
+0000.0039213279594495,+0000.6605307032648133,+0000.0121887501315992,+0000.0666246893303066,+0000.2567345293138314
+0000.0042380983454932,+0000.6581955021898301,+0000.0126344051850540,+0000.0670447954190262,+0000.2578871988605964
+0000.0045515025588325,+0000.6558152940136159,+0000.0131101778574564,+0000.0674641281869927,+0000.2590588973831024
+0000.0048592038713591,+0000.6533919843459903,+0000.0136156971858856,+0000.0678826095304558,+0000.2602505050663091
+0000.0051589129134196,+0000.6509275854247920,+0000.0141504848984427,+0000.0683001648166381,+0000.2614628519467077
+0000.0054484082599116,+0000.6484242082251701,+0000.0147139445083681,+0000.0687167230252501,+0000.2626967159813003
+0000.0057255561148074,+0000.6458840542235801,+0000.0153053516124537,+0000.0691322168620282,+0000.2639528211871304
+0000.0059883289091582,+0000.6433094068695150,+0000.0159238455190612,+0000.0695465828448104,+0000.2652318358574552
+0000.0062348226418813,+0000.6407026228192895,+0000.0165684223147927,+0000.0699597613629482,+0000.2665343708610883
+0000.0064632728085045,+0000.6380661229869307,+0000.0172379294616132,+0000.0703716967111234,+0000.2678609780318281
+0000.0066720687803187,+0000.6354023834673643,+0000.0179310619982002,+0000.0707823370988867,+0000.2692121486552302
+0000.0068597665148470,+0000.6327139263866968,+0000.0186463604007272,+0000.0711916346374607,+0000.2705883120602683
+0000.0070250994979396,+0000.6300033107334683,+0000.0193822101393824,+0000.0715995453055517,+0000.2719898343236578
+0000.0071669878379027,+0000.6272731232233121,+0000.0201368429479096,+0000.0720060288960886,+0000.2734170170947871
+0000.0072845454526211,+0000.6245259692475741,+0000.0209083398045457,+0000.0724110489459506,+0000.2748700965493087
+0000.0073770853113988,+0000.6217644639541325,+0000.0216946356041235,+0000.0728145726508626,+0000.2763492424794826
+0000.0074441227139723,+0000.6189912235059628,+0000.0224935254830159,+0000.0732165707677140,+0000.2778545575293350
+0000.0074853766096256,+0000.6162088565599750,+0000.0233026727411902,+0000.0736170175066141,+0000.2793860765825950
+0000.0075007689793229,+0000.6134199560053597,+0000.0241196182891089,+0000.0740158904150111,+0000.2809437663111973
+0000.0074904223230793,+0000.6106270909971526,+0000.0249417915316958,+0000.0744131702561904,+0000.2825275248918818
+0000.0074546553132065,+0000.6078327993170360,+0000.0257665225872391,+0000.0748088408844257,+0000.2841371818980928
+0000.0073939766914322,+0000.6050395800895805,+0000.0265910557260402,+0000.0752028891189822,+0000.2857724983739653
+0000.0073090775040421,+0000.6022498868782484,+0000.0274125639019515,+0000.0755953046190715,+0000.2874331670966864
+0000.0072008217839856,+0000.5994661211815724,+0000.0282281642397634,+0000.0759860797617314,+0000.2891188130329474
+0000.0070702358022109,+0000.5966906263460378,+0000.0290349343327693,+0000.0763752095244534,+0000.2908289939945286
+0000.0069184960222506,+0000.5939256819083927,+0000.0298299291978189,+0000.0767626913742116,+0000.2925632014973260
+0000.0067469159021844,+0000.5911734983763860,+0000.0306101987297849,+0000.0771485251643544,+0000.2943208618272904
+0000.0065569316965066,+0000.5884362124533722,+0000.0313728054936522,+0000.0775327130406190,+0000.2961013373158501
+0000.0063500874170802,+0000.5857158827088222,+0000.0321148426903816,+0000.0779152593573081,+0000.2979039278264077
+0000.0061280191172507,+0000.5830144856935677,+0000.0328334521322927,+0000.0782961706044445,+0000.2997278724524445
+0000.0058924386663112,+0000.5803339124956266,+0000.0335258420649268,+0000.0786754553464834,+0000.3015723514266520
+0000.0056451171828820,+0000.5776759657297080,+0000.0341893046751462,+0000.0790531241729284,+0000.3034364882393352
+0000.0053878682954124,+0000.5750423569509800,+0000.0348212331295441,+0000.0794291896609592,+0000.3053193519631039
+0000.0051225313959852,+0000.5724347044814526,+0000.0354191379930161,+0000.0798036663499476,+0000.3072199597795984
+0000.0048509550499649,+0000.5698545316353258,+0000.0359806628844970,+0000.0801765707275090,+0000.3091372797027035
+0000.0045749807188458,+0000.5673032653279495,+0000.0365035992353030,+0000.0805479212265202,+0000.3110702334913818
+0000.0042964269470296,+0000.5647822350515632,+0000.0369859000251472,+0000.0809177382323262,+0000.3130176997439337
+0000.0040170741552692,+0000.5622926721997981,+0000.0374256923815960,+0000.0812860440991660,+0000.3149785171641706
+0000.0037386501742915,+0000.5598357097219548,+0000.0378212889403933,+0000.0816528631746696,+0000.3169514879886907
+0000.0034628166417479,+0000.5574123820873731,+0000.0381711978765775,+0000.0820182218311218,+0000.3189353815631795
+0000.0031911563742849,+0000.5550236255397164,+0000.0384741315295088,+0000.0823821485020468,+0000.3209289380544430
+0000.0029251618143015,+0000.5526702786207323,+0000.0387290135586889,+0000.0827446737225521,+0000.3229308722837252
+0000.0026662246380004,+0000.5503530829429872,+0000.0389349845814447,+0000.0831058301717740,+0000.3249398776657935
+0000.0024156265978024,+0000.5480726841911956,+0000.0390914062580143,+0000.0834656527156976,+0000.3269546302372900
+0000.0021745316582106,+0000.5458296333320616,+0000.0391978638041809,+0000.0838241784485739,+0000.3289737927569729
+0000.0019439794699435,+0000.5436243880130052,+0000.0392541669261953,+0000.0841814467311366,+0000.3309960188597191
+0000.0017248802127448,+0000.5414573141307326,+0000.0392603491871666,+0000.0845374992238218,+0000.3330199572455342
+0000.0015180108228778,+0000.5393286875513295,+0000.0392166658282472,+0000.0848923799132170,+0000.3350442558843286
+0000.0013240126070644,+0000.5372386959643792,+0000.0391235900816425,+0000.0852461351300191,+0000.3370675662168948
+0000.0011433902306844,+0000.5351874408545164,+0000.0389818080256163,+0000.0855988135568495,+0000.3390885473323336
+0000.0009765120545348,+0000.5331749395748209,+0000.0387922120441063,+0000.0859504662243671,+0000.3411058701021709
+0000.0008236117815059,+0000.5312011275075084,+0000.0385558929651967,+0000.0863011464942362,+0000.3431182212515528
+0000.0006847913622759,+0000.5292658602984657,+0000.0382741309634028,+0000.0866509100276336,+0000.3451243073482220
+0000.0005600250976738,+0000.5273689161533132,+0000.0379483853204204,+0000.0869998147381299,+0000.3471228586904628
+0000.0004491648648148,+0000.5255099981838260,+0000.0375802831475803,+0000.0873479207279425,+0000.3491126330758362
+0000.0003519463845706,+0000.5236887367947018,+0000.0371716071806711,+0000.0876952902067308,+0000.3510924194333258
+0000.0002679964394622,+0000.5219046921018180,+0000.0367242827639764,+0000.0880419873922915,+0000.3530610413024522
+0000.0001968409437449,+0000.5201573563742600,+0000.0362403641452934,+0000.0883880783927038,+0000.3550173601439978
+0000.0001379137613158,+0000.5184461564935205,+0000.0357220202073106,+0000.0887336310696739,+0000.3569602784681792
+0000.0000905661621793,+0000.5167704564243447,+0000.0351715197630260,+0000.0890787148830298,+0000.3588887427674205
+0000.0000540768045553,+0000.5151295596927452,+0000.0345912165438838,+0000.0894234007165189,+0000.3608017462422965
+0000.0000276621273276,+0000.5135227118677012,+0000.0339835340090085,+0000.0897677606852660,+0000.3626983313106968
+0000.0000104870363945,+0000.5119491030439809,+0000.0333509501023643,+0000.0901118679254413,+0000.3645775918918190
+0000.0000016757685840,+0000.5104078703244234,+0000.0326959820819041,+0000.0904557963668862,+0000.3664386754582025
+0000.0000003228180845,+0000.5088981003007974,+0000.0320211715408584,+0000.0907996204896244,+0000.3682807848506353
+0000.0000055038127911,+0000.5074188315331163,+0000.0313290697363245,+0000.0911434150653619,+0000.3701031798524062
+0000.0000162862314980,+0000.5059690570279275,+0000.0306222233343265,+0000.0914872548852458,+0000.3719051785210021
+0000.0000317398574262,+0000.5045477267166987,+0000.0299031606736245,+0000.0918312144752969,+0000.3736861582769536
+0000.0000509468690709,+0000.5031537499359090,+0000.0291743786428534,+0000.0921753678010750,+0000.3754455567510918
+0000.0000730114757101,+0000.5017859979108839,+0000.0284383302571714,+0000.0925197879632532,+0000.3771828723929815
+0000.0000970690120301,+0000.5004433062457458,+0000.0276974130116093,+0000.0928645468858867,+0000.3788976648447282
+0000.0001222944141057,+0000.4991244774221059,+0000.0269539580788418,+0000.0932097149992486,+0000.3805895550856980
+0000.0001479100073171,+0000.4978282833092868,+0000.0262102204092715,+0000.0935553609191832,+0000.3822582253549414
+0000.0001731925455869,+0000.4965534676889584,+0000.0254683697812271,+0000.0939015511249768,+0000.3839034188592508
+0000.0001974794504782,+0000.4952987487970598,+0000.0247304828388616,+0000.0942483496377917,+0000.3855249392758089
+0000.0002201742080975,+0000.4940628218858109,+0000.0239985361450756,+0000.0945958177017227,+0000.3871226500592932
+0000.0002407508913019,+0000.4928443618084516,+0000.0232744002666205,+0000.0949440134695489,+0000.3886964735640768
+0000.0002587577843041,+0000.4916420256291155,+0000.0225598348985264,+0000.0952929916952327,+0000.3902463899928210
+0000.0002738200963220,+0000.4904544552599335,+0000.0218564850252715,+0000.0956428034351957,+0000.3917724361832771
+0000.0002856417603246,+0000.4892802801270912,+0000.0211658781067243,+0000.0959934957603558,+0000.3932747042455039
